Move,Score,Matrix,Previous_Move,Largest_Tile
1,0,"[4, 0, 0, 0, 0, 2, 0, 0, 0, 0, 0, 0, 0, 0, 0, 0]",up,4
2,0,"[0, 0, 0, 4, 0, 0, 0, 2, 0, 0, 0, 0, 0, 0, 2, 0]",right,4
3,0,"[0, 0, 0, 4, 0, 0, 0, 2, 0, 0, 0, 0, 2, 0, 0, 2]",right,4
4,4,"[2, 0, 0, 4, 0, 0, 0, 4, 0, 0, 0, 0, 0, 0, 0, 2]",up,4
5,12,"[2, 0, 2, 8, 0, 0, 0, 2, 0, 0, 0, 0, 0, 0, 0, 0]",up,8
6,16,"[2, 0, 4, 8, 0, 0, 0, 2, 0, 0, 0, 0, 0, 0, 0, 0]",right,8
7,16,"[0, 2, 4, 8, 0, 0, 0, 2, 0, 0, 0, 0, 0, 2, 0, 0]",right,8
8,20,"[0, 4, 4, 8, 0, 0, 0, 2, 0, 0, 0, 0, 0, 0, 0, 2]",up,8
9,28,"[0, 0, 8, 8, 0, 0, 2, 2, 0, 0, 0, 0, 0, 0, 0, 2]",right,8
10,48,"[0, 0, 0, 16, 0, 0, 0, 4, 0, 0, 0, 2, 0, 0, 0, 2]",right,16
11,52,"[0, 0, 0, 16, 0, 0, 2, 4, 0, 0, 0, 4, 0, 0, 0, 0]",up,16
12,60,"[2, 0, 2, 16, 0, 0, 0, 8, 0, 0, 0, 0, 0, 0, 0, 0]",up,16
13,64,"[0, 0, 4, 16, 0, 0, 0, 8, 0, 0, 0, 0, 0, 2, 0, 0]",right,16
14,64,"[0, 2, 4, 16, 0, 0, 0, 8, 0, 0, 2, 0, 0, 0, 0, 0]",up,16
15,64,"[2, 2, 4, 16, 0, 0, 0, 8, 0, 0, 0, 2, 0, 0, 0, 0]",right,16
16,68,"[0, 4, 4, 16, 0, 0, 2, 8, 0, 0, 0, 2, 0, 0, 0, 0]",right,16
17,76,"[0, 0, 8, 16, 0, 0, 2, 8, 0, 0, 0, 2, 2, 0, 0, 0]",right,16
18,76,"[0, 0, 0, 0, 0, 2, 0, 16, 0, 0, 8, 8, 2, 0, 2, 2]",down,16
19,96,"[0, 0, 0, 0, 0, 0, 2, 16, 0, 0, 0, 16, 0, 2, 2, 4]",right,16
20,132,"[0, 2, 4, 32, 0, 0, 0, 4, 0, 0, 0, 2, 0, 0, 0, 0]",up,32
21,132,"[0, 0, 0, 0, 0, 0, 0, 32, 0, 0, 0, 4, 2, 2, 4, 2]",down,32
22,136,"[0, 2, 0, 0, 0, 0, 0, 32, 0, 0, 0, 4, 0, 4, 4, 2]",right,32
23,144,"[0, 0, 0, 2, 0, 0, 0, 32, 0, 0, 2, 4, 0, 0, 8, 2]",right,32
24,144,"[2, 0, 0, 0, 32, 0, 4, 0, 2, 4, 0, 0, 8, 2, 0, 0]",left,32
25,144,"[0, 0, 0, 2, 0, 0, 32, 4, 0, 0, 2, 4, 0, 2, 8, 2]",right,32
26,152,"[2, 2, 32, 2, 0, 0, 2, 8, 0, 0, 8, 2, 0, 0, 0, 0]",up,32
27,156,"[0, 4, 32, 2, 0, 0, 2, 8, 2, 0, 8, 2, 0, 0, 0, 0]",right,32
28,156,"[0, 4, 32, 2, 0, 2, 2, 8, 0, 2, 8, 2, 0, 0, 0, 0]",right,32
29,160,"[0, 4, 32, 2, 0, 4, 2, 8, 0, 0, 8, 2, 0, 2, 0, 0]",up,32
30,168,"[0, 8, 32, 2, 0, 2, 2, 8, 0, 0, 8, 2, 0, 0, 0, 2]",up,32
31,172,"[0, 8, 32, 2, 2, 2, 2, 8, 0, 0, 8, 4, 0, 0, 0, 0]",up,32
32,176,"[0, 8, 32, 2, 0, 2, 4, 8, 0, 0, 8, 4, 0, 0, 2, 0]",right,32
33,176,"[0, 8, 32, 2, 0, 2, 4, 8, 0, 0, 8, 4, 0, 2, 0, 2]",right,32
34,180,"[0, 8, 32, 2, 0, 4, 4, 8, 0, 2, 8, 4, 0, 0, 0, 2]",up,32
35,188,"[0, 8, 32, 2, 0, 4, 8, 8, 0, 2, 8, 4, 0, 0, 0, 2]",right,32
36,204,"[0, 8, 32, 2, 0, 4, 16, 8, 0, 2, 0, 4, 4, 0, 0, 2]",up,32
37,204,"[0, 8, 32, 2, 0, 4, 16, 8, 0, 0, 2, 4, 0, 2, 4, 2]",right,32
38,204,"[0, 0, 32, 2, 0, 8, 16, 8, 0, 4, 2, 4, 2, 2, 4, 2]",down,32
39,208,"[2, 0, 32, 2, 0, 8, 16, 8, 0, 4, 2, 4, 0, 4, 4, 2]",right,32
40,216,"[2, 8, 32, 2, 0, 8, 16, 8, 0, 0, 2, 4, 0, 2, 4, 2]",up,32
41,232,"[2, 16, 32, 2, 0, 2, 16, 8, 2, 0, 2, 4, 0, 0, 4, 2]",up,32
42,236,"[4, 16, 32, 2, 0, 2, 16, 8, 0, 0, 2, 4, 0, 2, 4, 2]",up,32
43,240,"[4, 16, 32, 2, 0, 4, 16, 8, 0, 0, 2, 4, 0, 2, 4, 2]",up,32
44,240,"[4, 16, 32, 2, 4, 16, 8, 2, 2, 4, 0, 0, 2, 4, 2, 0]",left,32
45,296,"[8, 32, 32, 4, 4, 8, 8, 0, 0, 2, 2, 0, 0, 0, 0, 0]",up,32
46,380,"[0, 8, 64, 4, 0, 0, 4, 16, 0, 0, 0, 4, 0, 0, 2, 0]",right,64
47,380,"[2, 8, 64, 4, 0, 0, 4, 16, 0, 0, 0, 4, 0, 0, 0, 2]",right,64
48,380,"[2, 8, 64, 4, 4, 16, 0, 0, 4, 0, 2, 0, 2, 0, 0, 0]",left,64
49,388,"[2, 8, 64, 4, 8, 16, 2, 0, 2, 0, 0, 0, 0, 0, 2, 0]",up,64
50,392,"[2, 8, 64, 4, 8, 16, 4, 0, 2, 0, 0, 0, 0, 2, 0, 0]",up,64
51,392,"[2, 8, 64, 4, 8, 16, 4, 2, 2, 0, 0, 0, 2, 0, 0, 0]",left,64
52,396,"[2, 8, 64, 4, 8, 16, 4, 2, 4, 0, 0, 0, 0, 4, 0, 0]",up,64
53,396,"[2, 8, 64, 4, 8, 16, 4, 2, 4, 0, 0, 0, 4, 4, 0, 0]",left,64
54,404,"[2, 8, 64, 4, 8, 16, 4, 2, 8, 4, 2, 0, 0, 0, 0, 0]",up,64
55,420,"[2, 8, 64, 4, 16, 16, 4, 2, 0, 4, 2, 0, 0, 0, 0, 2]",up,64
56,452,"[2, 8, 64, 4, 0, 32, 4, 2, 0, 0, 4, 2, 0, 4, 0, 2]",right,64
57,464,"[2, 8, 64, 4, 0, 32, 8, 4, 2, 4, 0, 2, 0, 0, 0, 0]",up,64
58,476,"[4, 8, 64, 8, 0, 32, 8, 2, 0, 4, 0, 0, 2, 0, 0, 0]",up,64
59,476,"[4, 8, 64, 8, 2, 32, 8, 2, 2, 4, 0, 0, 0, 0, 0, 0]",up,64
60,480,"[4, 8, 64, 8, 4, 32, 8, 2, 0, 4, 0, 0, 2, 0, 0, 0]",up,64
61,488,"[8, 8, 64, 8, 2, 32, 8, 2, 0, 4, 0, 0, 0, 0, 0, 2]",up,64
62,504,"[0, 16, 64, 8, 2, 32, 8, 2, 2, 0, 0, 4, 0, 0, 0, 2]",right,64
63,508,"[4, 16, 64, 8, 4, 32, 8, 2, 0, 0, 0, 4, 0, 0, 0, 2]",up,64
64,516,"[8, 16, 64, 8, 0, 32, 8, 2, 2, 0, 0, 4, 0, 0, 0, 2]",up,64
65,516,"[8, 16, 64, 8, 32, 8, 2, 2, 2, 4, 0, 0, 2, 0, 0, 0]",left,64
66,520,"[8, 16, 64, 8, 32, 8, 2, 2, 4, 4, 0, 2, 0, 0, 0, 0]",up,64
67,532,"[8, 16, 64, 8, 0, 32, 8, 4, 0, 0, 8, 2, 0, 2, 0, 0]",right,64
68,548,"[8, 16, 64, 8, 0, 32, 16, 4, 0, 2, 0, 2, 0, 0, 2, 0]",up,64
69,552,"[8, 16, 64, 8, 0, 32, 16, 4, 0, 0, 0, 4, 0, 2, 0, 2]",right,64
70,560,"[8, 16, 64, 8, 0, 32, 16, 8, 0, 2, 0, 2, 2, 0, 0, 0]",up,64
71,576,"[8, 16, 64, 16, 2, 32, 16, 2, 0, 2, 0, 0, 2, 0, 0, 0]",up,64
72,580,"[8, 16, 64, 16, 4, 32, 16, 2, 2, 2, 0, 0, 0, 0, 0, 0]",up,64
73,584,"[8, 16, 64, 16, 4, 32, 16, 2, 0, 0, 2, 4, 0, 0, 0, 0]",right,64
74,584,"[8, 16, 64, 16, 4, 32, 16, 2, 2, 4, 0, 0, 0, 2, 0, 0]",left,64
75,584,"[8, 16, 64, 16, 4, 32, 16, 2, 2, 4, 2, 0, 2, 0, 0, 0]",left,64
76,588,"[8, 16, 64, 16, 4, 32, 16, 2, 4, 4, 2, 0, 0, 0, 0, 2]",up,64
77,600,"[8, 16, 64, 16, 8, 32, 16, 4, 0, 4, 2, 0, 0, 0, 2, 0]",up,64
78,620,"[16, 16, 64, 16, 0, 32, 16, 4, 0, 4, 4, 0, 0, 0, 0, 2]",up,64
79,660,"[0, 32, 64, 16, 0, 32, 16, 4, 0, 2, 0, 8, 0, 0, 0, 2]",right,64
80,724,"[0, 64, 64, 16, 0, 2, 16, 4, 0, 0, 0, 8, 0, 2, 0, 2]",up,64
81,856,"[2, 0, 128, 16, 0, 2, 16, 4, 0, 0, 0, 8, 0, 0, 0, 4]",right,128
82,856,"[0, 2, 128, 16, 0, 2, 16, 4, 0, 0, 0, 8, 0, 2, 0, 4]",right,128
83,860,"[0, 4, 128, 16, 0, 2, 16, 4, 0, 2, 0, 8, 0, 0, 0, 4]",up,128
84,864,"[0, 4, 128, 16, 0, 4, 16, 4, 0, 0, 0, 8, 0, 0, 2, 4]",up,128
85,872,"[2, 8, 128, 16, 0, 0, 16, 4, 0, 0, 2, 8, 0, 0, 0, 4]",up,128
86,872,"[2, 8, 128, 16, 16, 4, 0, 0, 2, 8, 0, 0, 4, 0, 2, 0]",left,128
87,872,"[2, 8, 128, 16, 16, 4, 2, 0, 2, 8, 0, 0, 4, 0, 0, 2]",up,128
88,872,"[2, 0, 2, 0, 16, 8, 0, 0, 2, 4, 128, 16, 4, 8, 2, 2]",down,128
89,880,"[0, 0, 2, 4, 0, 0, 16, 8, 2, 4, 128, 16, 0, 4, 8, 4]",right,128
90,888,"[2, 8, 2, 4, 2, 0, 16, 8, 0, 0, 128, 16, 0, 0, 8, 4]",up,128
91,892,"[4, 8, 2, 4, 0, 0, 16, 8, 2, 0, 128, 16, 0, 0, 8, 4]",up,128
92,892,"[4, 8, 2, 4, 0, 0, 16, 8, 0, 2, 128, 16, 0, 2, 8, 4]",right,128
93,896,"[4, 8, 2, 4, 0, 4, 16, 8, 2, 0, 128, 16, 0, 0, 8, 4]",up,128
94,896,"[4, 8, 2, 4, 2, 4, 16, 8, 0, 4, 128, 16, 0, 0, 8, 4]",up,128
95,904,"[4, 8, 2, 4, 2, 8, 16, 8, 0, 0, 128, 16, 0, 2, 8, 4]",up,128
96,920,"[4, 16, 2, 4, 2, 2, 16, 8, 2, 0, 128, 16, 0, 0, 8, 4]",up,128
97,924,"[4, 16, 2, 4, 4, 2, 16, 8, 0, 2, 128, 16, 0, 0, 8, 4]",up,128
98,936,"[8, 16, 2, 4, 2, 4, 16, 8, 0, 0, 128, 16, 0, 0, 8, 4]",up,128
99,936,"[0, 0, 2, 4, 0, 2, 16, 8, 8, 16, 128, 16, 2, 4, 8, 4]",down,128
100,936,"[2, 4, 0, 0, 2, 16, 8, 2, 8, 16, 128, 16, 2, 4, 8, 4]",left,128
101,972,"[4, 4, 8, 2, 8, 32, 128, 16, 2, 4, 8, 4, 2, 0, 0, 0]",up,128
102,980,"[0, 8, 8, 2, 8, 32, 128, 16, 2, 4, 8, 4, 0, 0, 2, 2]",right,128
103,1000,"[2, 0, 16, 2, 8, 32, 128, 16, 2, 4, 8, 4, 0, 0, 0, 4]",right,128
104,1008,"[2, 32, 16, 2, 8, 4, 128, 16, 2, 0, 8, 8, 2, 0, 0, 0]",up,128
105,1024,"[2, 32, 16, 2, 8, 4, 128, 16, 0, 0, 2, 16, 0, 0, 2, 2]",right,128
106,1028,"[2, 32, 16, 2, 8, 4, 128, 16, 0, 0, 4, 16, 2, 0, 0, 2]",up,128
107,1060,"[2, 32, 16, 2, 8, 4, 128, 32, 2, 0, 4, 2, 2, 0, 0, 0]",up,128
108,1064,"[2, 32, 16, 2, 8, 4, 128, 32, 4, 2, 4, 2, 0, 0, 0, 0]",up,128
109,1064,"[2, 0, 0, 0, 2, 32, 16, 2, 8, 4, 128, 32, 4, 2, 4, 2]",down,128
110,1068,"[4, 32, 16, 2, 8, 4, 128, 32, 4, 2, 4, 2, 2, 0, 0, 0]",up,128
111,1068,"[4, 2, 0, 0, 8, 32, 16, 2, 4, 4, 128, 32, 2, 2, 4, 2]",down,128
112,1080,"[0, 2, 4, 2, 8, 32, 16, 2, 0, 8, 128, 32, 0, 4, 4, 2]",right,128
113,1088,"[0, 2, 4, 2, 8, 32, 16, 2, 0, 8, 128, 32, 4, 0, 8, 2]",right,128
114,1092,"[8, 2, 4, 4, 4, 32, 16, 32, 0, 8, 128, 2, 0, 2, 8, 0]",up,128
115,1100,"[0, 8, 2, 8, 4, 32, 16, 32, 0, 8, 128, 2, 2, 0, 2, 8]",right,128
116,1104,"[2, 8, 2, 8, 4, 32, 16, 32, 0, 8, 128, 2, 0, 0, 4, 8]",right,128
117,1104,"[0, 0, 2, 8, 2, 8, 16, 32, 2, 32, 128, 2, 4, 8, 4, 8]",down,128
118,1106,"[4, 0, 2, 8, 0, 8, 16, 32, 4, 32, 128, 2, 4, 8, 4, 8]",down,128
119,1114,"[8, 8, 2, 8, 4, 32, 16, 32, 0, 8, 128, 2, 0, 2, 4, 8]",up,128
120,1130,"[0, 16, 2, 8, 4, 32, 16, 32, 2, 8, 128, 2, 0, 2, 4, 8]",right,128
121,1130,"[4, 16, 2, 8, 2, 32, 16, 32, 0, 8, 128, 2, 2, 2, 4, 8]",up,128
122,1134,"[4, 16, 2, 8, 4, 32, 16, 32, 2, 8, 128, 2, 0, 2, 4, 8]",up,128
123,1142,"[8, 16, 2, 8, 2, 32, 16, 32, 4, 8, 128, 2, 0, 2, 4, 8]",up,128
124,1142,"[2, 16, 2, 8, 8, 32, 16, 32, 2, 8, 128, 2, 4, 2, 4, 8]",down,128
1,0,"[4, 0, 0, 0, 0, 2, 0, 0, 0, 0, 0, 0, 0, 0, 0, 0]",up,4
2,0,"[0, 0, 0, 4, 0, 0, 0, 2, 0, 0, 0, 0, 0, 0, 2, 0]",right,4
3,0,"[0, 0, 0, 4, 0, 0, 0, 2, 0, 0, 0, 0, 2, 0, 0, 2]",right,4
4,4,"[2, 0, 0, 4, 0, 0, 0, 4, 0, 0, 0, 0, 0, 0, 0, 2]",up,4
5,12,"[2, 0, 2, 8, 0, 0, 0, 2, 0, 0, 0, 0, 0, 0, 0, 0]",up,8
6,16,"[2, 0, 4, 8, 0, 0, 0, 2, 0, 0, 0, 0, 0, 0, 0, 0]",right,8
7,16,"[0, 2, 4, 8, 0, 0, 0, 2, 0, 0, 0, 0, 0, 2, 0, 0]",right,8
8,20,"[0, 4, 4, 8, 0, 0, 0, 2, 0, 0, 0, 0, 0, 0, 0, 2]",up,8
9,28,"[0, 0, 8, 8, 0, 0, 2, 2, 0, 0, 0, 0, 0, 0, 0, 2]",right,8
10,48,"[0, 0, 0, 16, 0, 0, 0, 4, 0, 0, 0, 2, 0, 0, 0, 2]",right,16
11,52,"[0, 0, 0, 16, 0, 0, 2, 4, 0, 0, 0, 4, 0, 0, 0, 0]",up,16
12,60,"[2, 0, 2, 16, 0, 0, 0, 8, 0, 0, 0, 0, 0, 0, 0, 0]",up,16
13,64,"[0, 0, 4, 16, 0, 0, 0, 8, 0, 0, 0, 0, 0, 2, 0, 0]",right,16
14,64,"[0, 2, 4, 16, 0, 0, 0, 8, 0, 0, 2, 0, 0, 0, 0, 0]",up,16
15,64,"[2, 2, 4, 16, 0, 0, 0, 8, 0, 0, 0, 2, 0, 0, 0, 0]",right,16
16,68,"[0, 4, 4, 16, 0, 0, 2, 8, 0, 0, 0, 2, 0, 0, 0, 0]",right,16
17,76,"[0, 0, 8, 16, 0, 0, 2, 8, 0, 0, 0, 2, 2, 0, 0, 0]",right,16
18,76,"[0, 0, 0, 0, 0, 2, 0, 16, 0, 0, 8, 8, 2, 0, 2, 2]",down,16
19,96,"[0, 0, 0, 0, 0, 0, 2, 16, 0, 0, 0, 16, 0, 2, 2, 4]",right,16
20,132,"[0, 2, 4, 32, 0, 0, 0, 4, 0, 0, 0, 2, 0, 0, 0, 0]",up,32
21,132,"[0, 0, 0, 0, 0, 0, 0, 32, 0, 0, 0, 4, 2, 2, 4, 2]",down,32
22,136,"[0, 2, 0, 0, 0, 0, 0, 32, 0, 0, 0, 4, 0, 4, 4, 2]",right,32
23,144,"[0, 0, 0, 2, 0, 0, 0, 32, 0, 0, 2, 4, 0, 0, 8, 2]",right,32
24,144,"[2, 0, 0, 0, 32, 0, 4, 0, 2, 4, 0, 0, 8, 2, 0, 0]",left,32
25,144,"[0, 0, 0, 2, 0, 0, 32, 4, 0, 0, 2, 4, 0, 2, 8, 2]",right,32
26,152,"[2, 2, 32, 2, 0, 0, 2, 8, 0, 0, 8, 2, 0, 0, 0, 0]",up,32
27,156,"[0, 4, 32, 2, 0, 0, 2, 8, 2, 0, 8, 2, 0, 0, 0, 0]",right,32
28,156,"[0, 4, 32, 2, 0, 2, 2, 8, 0, 2, 8, 2, 0, 0, 0, 0]",right,32
29,160,"[0, 4, 32, 2, 0, 4, 2, 8, 0, 0, 8, 2, 0, 2, 0, 0]",up,32
30,168,"[0, 8, 32, 2, 0, 2, 2, 8, 0, 0, 8, 2, 0, 0, 0, 2]",up,32
31,172,"[0, 8, 32, 2, 2, 2, 2, 8, 0, 0, 8, 4, 0, 0, 0, 0]",up,32
32,176,"[0, 8, 32, 2, 0, 2, 4, 8, 0, 0, 8, 4, 0, 0, 2, 0]",right,32
33,176,"[0, 8, 32, 2, 0, 2, 4, 8, 0, 0, 8, 4, 0, 2, 0, 2]",right,32
34,180,"[0, 8, 32, 2, 0, 4, 4, 8, 0, 2, 8, 4, 0, 0, 0, 2]",up,32
35,188,"[0, 8, 32, 2, 0, 4, 8, 8, 0, 2, 8, 4, 0, 0, 0, 2]",right,32
36,204,"[0, 8, 32, 2, 0, 4, 16, 8, 0, 2, 0, 4, 4, 0, 0, 2]",up,32
37,204,"[0, 8, 32, 2, 0, 4, 16, 8, 0, 0, 2, 4, 0, 2, 4, 2]",right,32
38,204,"[0, 0, 32, 2, 0, 8, 16, 8, 0, 4, 2, 4, 2, 2, 4, 2]",down,32
39,208,"[2, 0, 32, 2, 0, 8, 16, 8, 0, 4, 2, 4, 0, 4, 4, 2]",right,32
40,216,"[2, 8, 32, 2, 0, 8, 16, 8, 0, 0, 2, 4, 0, 2, 4, 2]",up,32
41,232,"[2, 16, 32, 2, 0, 2, 16, 8, 2, 0, 2, 4, 0, 0, 4, 2]",up,32
42,236,"[4, 16, 32, 2, 0, 2, 16, 8, 0, 0, 2, 4, 0, 2, 4, 2]",up,32
43,240,"[4, 16, 32, 2, 0, 4, 16, 8, 0, 0, 2, 4, 0, 2, 4, 2]",up,32
44,240,"[4, 16, 32, 2, 4, 16, 8, 2, 2, 4, 0, 0, 2, 4, 2, 0]",left,32
45,296,"[8, 32, 32, 4, 4, 8, 8, 0, 0, 2, 2, 0, 0, 0, 0, 0]",up,32
46,380,"[0, 8, 64, 4, 0, 0, 4, 16, 0, 0, 0, 4, 0, 0, 2, 0]",right,64
47,380,"[2, 8, 64, 4, 0, 0, 4, 16, 0, 0, 0, 4, 0, 0, 0, 2]",right,64
48,380,"[2, 8, 64, 4, 4, 16, 0, 0, 4, 0, 2, 0, 2, 0, 0, 0]",left,64
49,388,"[2, 8, 64, 4, 8, 16, 2, 0, 2, 0, 0, 0, 0, 0, 2, 0]",up,64
50,392,"[2, 8, 64, 4, 8, 16, 4, 0, 2, 0, 0, 0, 0, 2, 0, 0]",up,64
51,392,"[2, 8, 64, 4, 8, 16, 4, 2, 2, 0, 0, 0, 2, 0, 0, 0]",left,64
52,396,"[2, 8, 64, 4, 8, 16, 4, 2, 4, 0, 0, 0, 0, 4, 0, 0]",up,64
53,396,"[2, 8, 64, 4, 8, 16, 4, 2, 4, 0, 0, 0, 4, 4, 0, 0]",left,64
54,404,"[2, 8, 64, 4, 8, 16, 4, 2, 8, 4, 2, 0, 0, 0, 0, 0]",up,64
55,420,"[2, 8, 64, 4, 16, 16, 4, 2, 0, 4, 2, 0, 0, 0, 0, 2]",up,64
56,452,"[2, 8, 64, 4, 0, 32, 4, 2, 0, 0, 4, 2, 0, 4, 0, 2]",right,64
57,464,"[2, 8, 64, 4, 0, 32, 8, 4, 2, 4, 0, 2, 0, 0, 0, 0]",up,64
58,476,"[4, 8, 64, 8, 0, 32, 8, 2, 0, 4, 0, 0, 2, 0, 0, 0]",up,64
59,476,"[4, 8, 64, 8, 2, 32, 8, 2, 2, 4, 0, 0, 0, 0, 0, 0]",up,64
60,480,"[4, 8, 64, 8, 4, 32, 8, 2, 0, 4, 0, 0, 2, 0, 0, 0]",up,64
61,488,"[8, 8, 64, 8, 2, 32, 8, 2, 0, 4, 0, 0, 0, 0, 0, 2]",up,64
62,504,"[0, 16, 64, 8, 2, 32, 8, 2, 2, 0, 0, 4, 0, 0, 0, 2]",right,64
63,508,"[4, 16, 64, 8, 4, 32, 8, 2, 0, 0, 0, 4, 0, 0, 0, 2]",up,64
64,516,"[8, 16, 64, 8, 0, 32, 8, 2, 2, 0, 0, 4, 0, 0, 0, 2]",up,64
65,516,"[8, 16, 64, 8, 32, 8, 2, 2, 2, 4, 0, 0, 2, 0, 0, 0]",left,64
66,520,"[8, 16, 64, 8, 32, 8, 2, 2, 4, 4, 0, 2, 0, 0, 0, 0]",up,64
67,532,"[8, 16, 64, 8, 0, 32, 8, 4, 0, 0, 8, 2, 0, 2, 0, 0]",right,64
68,548,"[8, 16, 64, 8, 0, 32, 16, 4, 0, 2, 0, 2, 0, 0, 2, 0]",up,64
69,552,"[8, 16, 64, 8, 0, 32, 16, 4, 0, 0, 0, 4, 0, 2, 0, 2]",right,64
70,560,"[8, 16, 64, 8, 0, 32, 16, 8, 0, 2, 0, 2, 2, 0, 0, 0]",up,64
71,576,"[8, 16, 64, 16, 2, 32, 16, 2, 0, 2, 0, 0, 2, 0, 0, 0]",up,64
72,580,"[8, 16, 64, 16, 4, 32, 16, 2, 2, 2, 0, 0, 0, 0, 0, 0]",up,64
73,584,"[8, 16, 64, 16, 4, 32, 16, 2, 0, 0, 2, 4, 0, 0, 0, 0]",right,64
74,584,"[8, 16, 64, 16, 4, 32, 16, 2, 2, 4, 0, 0, 0, 2, 0, 0]",left,64
75,584,"[8, 16, 64, 16, 4, 32, 16, 2, 2, 4, 2, 0, 2, 0, 0, 0]",left,64
76,588,"[8, 16, 64, 16, 4, 32, 16, 2, 4, 4, 2, 0, 0, 0, 0, 2]",up,64
77,600,"[8, 16, 64, 16, 8, 32, 16, 4, 0, 4, 2, 0, 0, 0, 2, 0]",up,64
78,620,"[16, 16, 64, 16, 0, 32, 16, 4, 0, 4, 4, 0, 0, 0, 0, 2]",up,64
79,660,"[0, 32, 64, 16, 0, 32, 16, 4, 0, 2, 0, 8, 0, 0, 0, 2]",right,64
80,724,"[0, 64, 64, 16, 0, 2, 16, 4, 0, 0, 0, 8, 0, 2, 0, 2]",up,64
81,856,"[2, 0, 128, 16, 0, 2, 16, 4, 0, 0, 0, 8, 0, 0, 0, 4]",right,128
82,856,"[0, 2, 128, 16, 0, 2, 16, 4, 0, 0, 0, 8, 0, 2, 0, 4]",right,128
83,860,"[0, 4, 128, 16, 0, 2, 16, 4, 0, 2, 0, 8, 0, 0, 0, 4]",up,128
84,864,"[0, 4, 128, 16, 0, 4, 16, 4, 0, 0, 0, 8, 0, 0, 2, 4]",up,128
85,872,"[2, 8, 128, 16, 0, 0, 16, 4, 0, 0, 2, 8, 0, 0, 0, 4]",up,128
86,872,"[2, 8, 128, 16, 16, 4, 0, 0, 2, 8, 0, 0, 4, 0, 2, 0]",left,128
87,872,"[2, 8, 128, 16, 16, 4, 2, 0, 2, 8, 0, 0, 4, 0, 0, 2]",up,128
88,872,"[2, 0, 2, 0, 16, 8, 0, 0, 2, 4, 128, 16, 4, 8, 2, 2]",down,128
89,880,"[0, 0, 2, 4, 0, 0, 16, 8, 2, 4, 128, 16, 0, 4, 8, 4]",right,128
90,888,"[2, 8, 2, 4, 2, 0, 16, 8, 0, 0, 128, 16, 0, 0, 8, 4]",up,128
91,892,"[4, 8, 2, 4, 0, 0, 16, 8, 2, 0, 128, 16, 0, 0, 8, 4]",up,128
92,892,"[4, 8, 2, 4, 0, 0, 16, 8, 0, 2, 128, 16, 0, 2, 8, 4]",right,128
93,896,"[4, 8, 2, 4, 0, 4, 16, 8, 2, 0, 128, 16, 0, 0, 8, 4]",up,128
94,896,"[4, 8, 2, 4, 2, 4, 16, 8, 0, 4, 128, 16, 0, 0, 8, 4]",up,128
95,904,"[4, 8, 2, 4, 2, 8, 16, 8, 0, 0, 128, 16, 0, 2, 8, 4]",up,128
96,920,"[4, 16, 2, 4, 2, 2, 16, 8, 2, 0, 128, 16, 0, 0, 8, 4]",up,128
97,924,"[4, 16, 2, 4, 4, 2, 16, 8, 0, 2, 128, 16, 0, 0, 8, 4]",up,128
98,936,"[8, 16, 2, 4, 2, 4, 16, 8, 0, 0, 128, 16, 0, 0, 8, 4]",up,128
99,936,"[0, 0, 2, 4, 0, 2, 16, 8, 8, 16, 128, 16, 2, 4, 8, 4]",down,128
100,936,"[2, 4, 0, 0, 2, 16, 8, 2, 8, 16, 128, 16, 2, 4, 8, 4]",left,128
101,972,"[4, 4, 8, 2, 8, 32, 128, 16, 2, 4, 8, 4, 2, 0, 0, 0]",up,128
102,980,"[0, 8, 8, 2, 8, 32, 128, 16, 2, 4, 8, 4, 0, 0, 2, 2]",right,128
103,1000,"[2, 0, 16, 2, 8, 32, 128, 16, 2, 4, 8, 4, 0, 0, 0, 4]",right,128
104,1008,"[2, 32, 16, 2, 8, 4, 128, 16, 2, 0, 8, 8, 2, 0, 0, 0]",up,128
105,1024,"[2, 32, 16, 2, 8, 4, 128, 16, 0, 0, 2, 16, 0, 0, 2, 2]",right,128
106,1028,"[2, 32, 16, 2, 8, 4, 128, 16, 0, 0, 4, 16, 2, 0, 0, 2]",up,128
107,1060,"[2, 32, 16, 2, 8, 4, 128, 32, 2, 0, 4, 2, 2, 0, 0, 0]",up,128
108,1064,"[2, 32, 16, 2, 8, 4, 128, 32, 4, 2, 4, 2, 0, 0, 0, 0]",up,128
109,1064,"[2, 0, 0, 0, 2, 32, 16, 2, 8, 4, 128, 32, 4, 2, 4, 2]",down,128
110,1068,"[4, 32, 16, 2, 8, 4, 128, 32, 4, 2, 4, 2, 2, 0, 0, 0]",up,128
111,1068,"[4, 2, 0, 0, 8, 32, 16, 2, 4, 4, 128, 32, 2, 2, 4, 2]",down,128
112,1080,"[0, 2, 4, 2, 8, 32, 16, 2, 0, 8, 128, 32, 0, 4, 4, 2]",right,128
113,1088,"[0, 2, 4, 2, 8, 32, 16, 2, 0, 8, 128, 32, 4, 0, 8, 2]",right,128
114,1092,"[8, 2, 4, 4, 4, 32, 16, 32, 0, 8, 128, 2, 0, 2, 8, 0]",up,128
115,1100,"[0, 8, 2, 8, 4, 32, 16, 32, 0, 8, 128, 2, 2, 0, 2, 8]",right,128
116,1104,"[2, 8, 2, 8, 4, 32, 16, 32, 0, 8, 128, 2, 0, 0, 4, 8]",right,128
117,1104,"[0, 0, 2, 8, 2, 8, 16, 32, 2, 32, 128, 2, 4, 8, 4, 8]",down,128
118,1106,"[4, 0, 2, 8, 0, 8, 16, 32, 4, 32, 128, 2, 4, 8, 4, 8]",down,128
119,1114,"[8, 8, 2, 8, 4, 32, 16, 32, 0, 8, 128, 2, 0, 2, 4, 8]",up,128
120,1130,"[0, 16, 2, 8, 4, 32, 16, 32, 2, 8, 128, 2, 0, 2, 4, 8]",right,128
121,1130,"[4, 16, 2, 8, 2, 32, 16, 32, 0, 8, 128, 2, 2, 2, 4, 8]",up,128
122,1134,"[4, 16, 2, 8, 4, 32, 16, 32, 2, 8, 128, 2, 0, 2, 4, 8]",up,128
123,1142,"[8, 16, 2, 8, 2, 32, 16, 32, 4, 8, 128, 2, 0, 2, 4, 8]",up,128
124,1142,"[2, 16, 2, 8, 8, 32, 16, 32, 2, 8, 128, 2, 4, 2, 4, 8]",down,128
1,0,"[4, 0, 0, 0, 0, 2, 0, 0, 0, 0, 0, 0, 0, 0, 0, 0]",up,4
2,0,"[0, 0, 0, 4, 0, 0, 0, 2, 0, 0, 0, 0, 0, 0, 2, 0]",right,4
3,0,"[0, 0, 0, 4, 0, 0, 0, 2, 0, 0, 0, 0, 2, 0, 0, 2]",right,4
4,4,"[2, 0, 0, 4, 0, 0, 0, 4, 0, 0, 0, 0, 0, 0, 0, 2]",up,4
5,12,"[2, 0, 2, 8, 0, 0, 0, 2, 0, 0, 0, 0, 0, 0, 0, 0]",up,8
6,16,"[2, 0, 4, 8, 0, 0, 0, 2, 0, 0, 0, 0, 0, 0, 0, 0]",right,8
7,16,"[0, 2, 4, 8, 0, 0, 0, 2, 0, 0, 0, 0, 0, 2, 0, 0]",right,8
8,20,"[0, 4, 4, 8, 0, 0, 0, 2, 0, 0, 0, 0, 0, 0, 0, 2]",up,8
9,28,"[0, 0, 8, 8, 0, 0, 2, 2, 0, 0, 0, 0, 0, 0, 0, 2]",right,8
10,48,"[0, 0, 0, 16, 0, 0, 0, 4, 0, 0, 0, 2, 0, 0, 0, 2]",right,16
11,52,"[0, 0, 0, 16, 0, 0, 2, 4, 0, 0, 0, 4, 0, 0, 0, 0]",up,16
12,60,"[2, 0, 2, 16, 0, 0, 0, 8, 0, 0, 0, 0, 0, 0, 0, 0]",up,16
13,64,"[0, 0, 4, 16, 0, 0, 0, 8, 0, 0, 0, 0, 0, 2, 0, 0]",right,16
14,64,"[0, 2, 4, 16, 0, 0, 0, 8, 0, 0, 2, 0, 0, 0, 0, 0]",up,16
15,64,"[2, 2, 4, 16, 0, 0, 0, 8, 0, 0, 0, 2, 0, 0, 0, 0]",right,16
16,68,"[0, 4, 4, 16, 0, 0, 2, 8, 0, 0, 0, 2, 0, 0, 0, 0]",right,16
17,76,"[0, 0, 8, 16, 0, 0, 2, 8, 0, 0, 0, 2, 2, 0, 0, 0]",right,16
18,76,"[0, 0, 0, 0, 0, 2, 0, 16, 0, 0, 8, 8, 2, 0, 2, 2]",down,16
19,96,"[0, 0, 0, 0, 0, 0, 2, 16, 0, 0, 0, 16, 0, 2, 2, 4]",right,16
20,132,"[0, 2, 4, 32, 0, 0, 0, 4, 0, 0, 0, 2, 0, 0, 0, 0]",up,32
21,132,"[0, 0, 0, 0, 0, 0, 0, 32, 0, 0, 0, 4, 2, 2, 4, 2]",down,32
22,136,"[0, 2, 0, 0, 0, 0, 0, 32, 0, 0, 0, 4, 0, 4, 4, 2]",right,32
23,144,"[0, 0, 0, 2, 0, 0, 0, 32, 0, 0, 2, 4, 0, 0, 8, 2]",right,32
24,144,"[2, 0, 0, 0, 32, 0, 4, 0, 2, 4, 0, 0, 8, 2, 0, 0]",left,32
25,144,"[0, 0, 0, 2, 0, 0, 32, 4, 0, 0, 2, 4, 0, 2, 8, 2]",right,32
26,152,"[2, 2, 32, 2, 0, 0, 2, 8, 0, 0, 8, 2, 0, 0, 0, 0]",up,32
27,156,"[0, 4, 32, 2, 0, 0, 2, 8, 2, 0, 8, 2, 0, 0, 0, 0]",right,32
28,156,"[0, 4, 32, 2, 0, 2, 2, 8, 0, 2, 8, 2, 0, 0, 0, 0]",right,32
29,160,"[0, 4, 32, 2, 0, 4, 2, 8, 0, 0, 8, 2, 0, 2, 0, 0]",up,32
30,168,"[0, 8, 32, 2, 0, 2, 2, 8, 0, 0, 8, 2, 0, 0, 0, 2]",up,32
31,172,"[0, 8, 32, 2, 2, 2, 2, 8, 0, 0, 8, 4, 0, 0, 0, 0]",up,32
32,176,"[0, 8, 32, 2, 0, 2, 4, 8, 0, 0, 8, 4, 0, 0, 2, 0]",right,32
33,176,"[0, 8, 32, 2, 0, 2, 4, 8, 0, 0, 8, 4, 0, 2, 0, 2]",right,32
34,180,"[0, 8, 32, 2, 0, 4, 4, 8, 0, 2, 8, 4, 0, 0, 0, 2]",up,32
35,188,"[0, 8, 32, 2, 0, 4, 8, 8, 0, 2, 8, 4, 0, 0, 0, 2]",right,32
36,204,"[0, 8, 32, 2, 0, 4, 16, 8, 0, 2, 0, 4, 4, 0, 0, 2]",up,32
37,204,"[0, 8, 32, 2, 0, 4, 16, 8, 0, 0, 2, 4, 0, 2, 4, 2]",right,32
38,204,"[0, 0, 32, 2, 0, 8, 16, 8, 0, 4, 2, 4, 2, 2, 4, 2]",down,32
39,208,"[2, 0, 32, 2, 0, 8, 16, 8, 0, 4, 2, 4, 0, 4, 4, 2]",right,32
40,216,"[2, 8, 32, 2, 0, 8, 16, 8, 0, 0, 2, 4, 0, 2, 4, 2]",up,32
41,232,"[2, 16, 32, 2, 0, 2, 16, 8, 2, 0, 2, 4, 0, 0, 4, 2]",up,32
42,236,"[4, 16, 32, 2, 0, 2, 16, 8, 0, 0, 2, 4, 0, 2, 4, 2]",up,32
43,240,"[4, 16, 32, 2, 0, 4, 16, 8, 0, 0, 2, 4, 0, 2, 4, 2]",up,32
44,240,"[4, 16, 32, 2, 4, 16, 8, 2, 2, 4, 0, 0, 2, 4, 2, 0]",left,32
45,296,"[8, 32, 32, 4, 4, 8, 8, 0, 0, 2, 2, 0, 0, 0, 0, 0]",up,32
46,380,"[0, 8, 64, 4, 0, 0, 4, 16, 0, 0, 0, 4, 0, 0, 2, 0]",right,64
47,380,"[2, 8, 64, 4, 0, 0, 4, 16, 0, 0, 0, 4, 0, 0, 0, 2]",right,64
48,380,"[2, 8, 64, 4, 4, 16, 0, 0, 4, 0, 2, 0, 2, 0, 0, 0]",left,64
49,388,"[2, 8, 64, 4, 8, 16, 2, 0, 2, 0, 0, 0, 0, 0, 2, 0]",up,64
50,392,"[2, 8, 64, 4, 8, 16, 4, 0, 2, 0, 0, 0, 0, 2, 0, 0]",up,64
51,392,"[2, 8, 64, 4, 8, 16, 4, 2, 2, 0, 0, 0, 2, 0, 0, 0]",left,64
52,396,"[2, 8, 64, 4, 8, 16, 4, 2, 4, 0, 0, 0, 0, 4, 0, 0]",up,64
53,396,"[2, 8, 64, 4, 8, 16, 4, 2, 4, 0, 0, 0, 4, 4, 0, 0]",left,64
54,404,"[2, 8, 64, 4, 8, 16, 4, 2, 8, 4, 2, 0, 0, 0, 0, 0]",up,64
55,420,"[2, 8, 64, 4, 16, 16, 4, 2, 0, 4, 2, 0, 0, 0, 0, 2]",up,64
56,452,"[2, 8, 64, 4, 0, 32, 4, 2, 0, 0, 4, 2, 0, 4, 0, 2]",right,64
57,464,"[2, 8, 64, 4, 0, 32, 8, 4, 2, 4, 0, 2, 0, 0, 0, 0]",up,64
58,476,"[4, 8, 64, 8, 0, 32, 8, 2, 0, 4, 0, 0, 2, 0, 0, 0]",up,64
59,476,"[4, 8, 64, 8, 2, 32, 8, 2, 2, 4, 0, 0, 0, 0, 0, 0]",up,64
60,480,"[4, 8, 64, 8, 4, 32, 8, 2, 0, 4, 0, 0, 2, 0, 0, 0]",up,64
61,488,"[8, 8, 64, 8, 2, 32, 8, 2, 0, 4, 0, 0, 0, 0, 0, 2]",up,64
62,504,"[0, 16, 64, 8, 2, 32, 8, 2, 2, 0, 0, 4, 0, 0, 0, 2]",right,64
63,508,"[4, 16, 64, 8, 4, 32, 8, 2, 0, 0, 0, 4, 0, 0, 0, 2]",up,64
64,516,"[8, 16, 64, 8, 0, 32, 8, 2, 2, 0, 0, 4, 0, 0, 0, 2]",up,64
65,516,"[8, 16, 64, 8, 32, 8, 2, 2, 2, 4, 0, 0, 2, 0, 0, 0]",left,64
66,520,"[8, 16, 64, 8, 32, 8, 2, 2, 4, 4, 0, 2, 0, 0, 0, 0]",up,64
67,532,"[8, 16, 64, 8, 0, 32, 8, 4, 0, 0, 8, 2, 0, 2, 0, 0]",right,64
68,548,"[8, 16, 64, 8, 0, 32, 16, 4, 0, 2, 0, 2, 0, 0, 2, 0]",up,64
69,552,"[8, 16, 64, 8, 0, 32, 16, 4, 0, 0, 0, 4, 0, 2, 0, 2]",right,64
70,560,"[8, 16, 64, 8, 0, 32, 16, 8, 0, 2, 0, 2, 2, 0, 0, 0]",up,64
71,576,"[8, 16, 64, 16, 2, 32, 16, 2, 0, 2, 0, 0, 2, 0, 0, 0]",up,64
72,580,"[8, 16, 64, 16, 4, 32, 16, 2, 2, 2, 0, 0, 0, 0, 0, 0]",up,64
73,584,"[8, 16, 64, 16, 4, 32, 16, 2, 0, 0, 2, 4, 0, 0, 0, 0]",right,64
74,584,"[8, 16, 64, 16, 4, 32, 16, 2, 2, 4, 0, 0, 0, 2, 0, 0]",left,64
75,584,"[8, 16, 64, 16, 4, 32, 16, 2, 2, 4, 2, 0, 2, 0, 0, 0]",left,64
76,588,"[8, 16, 64, 16, 4, 32, 16, 2, 4, 4, 2, 0, 0, 0, 0, 2]",up,64
77,600,"[8, 16, 64, 16, 8, 32, 16, 4, 0, 4, 2, 0, 0, 0, 2, 0]",up,64
78,620,"[16, 16, 64, 16, 0, 32, 16, 4, 0, 4, 4, 0, 0, 0, 0, 2]",up,64
79,660,"[0, 32, 64, 16, 0, 32, 16, 4, 0, 2, 0, 8, 0, 0, 0, 2]",right,64
80,724,"[0, 64, 64, 16, 0, 2, 16, 4, 0, 0, 0, 8, 0, 2, 0, 2]",up,64
81,856,"[2, 0, 128, 16, 0, 2, 16, 4, 0, 0, 0, 8, 0, 0, 0, 4]",right,128
82,856,"[0, 2, 128, 16, 0, 2, 16, 4, 0, 0, 0, 8, 0, 2, 0, 4]",right,128
83,860,"[0, 4, 128, 16, 0, 2, 16, 4, 0, 2, 0, 8, 0, 0, 0, 4]",up,128
84,864,"[0, 4, 128, 16, 0, 4, 16, 4, 0, 0, 0, 8, 0, 0, 2, 4]",up,128
85,872,"[2, 8, 128, 16, 0, 0, 16, 4, 0, 0, 2, 8, 0, 0, 0, 4]",up,128
86,872,"[2, 8, 128, 16, 16, 4, 0, 0, 2, 8, 0, 0, 4, 0, 2, 0]",left,128
87,872,"[2, 8, 128, 16, 16, 4, 2, 0, 2, 8, 0, 0, 4, 0, 0, 2]",up,128
88,872,"[2, 0, 2, 0, 16, 8, 0, 0, 2, 4, 128, 16, 4, 8, 2, 2]",down,128
89,880,"[0, 0, 2, 4, 0, 0, 16, 8, 2, 4, 128, 16, 0, 4, 8, 4]",right,128
90,888,"[2, 8, 2, 4, 2, 0, 16, 8, 0, 0, 128, 16, 0, 0, 8, 4]",up,128
91,892,"[4, 8, 2, 4, 0, 0, 16, 8, 2, 0, 128, 16, 0, 0, 8, 4]",up,128
92,892,"[4, 8, 2, 4, 0, 0, 16, 8, 0, 2, 128, 16, 0, 2, 8, 4]",right,128
93,896,"[4, 8, 2, 4, 0, 4, 16, 8, 2, 0, 128, 16, 0, 0, 8, 4]",up,128
94,896,"[4, 8, 2, 4, 2, 4, 16, 8, 0, 4, 128, 16, 0, 0, 8, 4]",up,128
95,904,"[4, 8, 2, 4, 2, 8, 16, 8, 0, 0, 128, 16, 0, 2, 8, 4]",up,128
96,920,"[4, 16, 2, 4, 2, 2, 16, 8, 2, 0, 128, 16, 0, 0, 8, 4]",up,128
97,924,"[4, 16, 2, 4, 4, 2, 16, 8, 0, 2, 128, 16, 0, 0, 8, 4]",up,128
98,936,"[8, 16, 2, 4, 2, 4, 16, 8, 0, 0, 128, 16, 0, 0, 8, 4]",up,128
99,936,"[0, 0, 2, 4, 0, 2, 16, 8, 8, 16, 128, 16, 2, 4, 8, 4]",down,128
100,936,"[2, 4, 0, 0, 2, 16, 8, 2, 8, 16, 128, 16, 2, 4, 8, 4]",left,128
101,972,"[4, 4, 8, 2, 8, 32, 128, 16, 2, 4, 8, 4, 2, 0, 0, 0]",up,128
102,980,"[0, 8, 8, 2, 8, 32, 128, 16, 2, 4, 8, 4, 0, 0, 2, 2]",right,128
103,1000,"[2, 0, 16, 2, 8, 32, 128, 16, 2, 4, 8, 4, 0, 0, 0, 4]",right,128
104,1008,"[2, 32, 16, 2, 8, 4, 128, 16, 2, 0, 8, 8, 2, 0, 0, 0]",up,128
105,1024,"[2, 32, 16, 2, 8, 4, 128, 16, 0, 0, 2, 16, 0, 0, 2, 2]",right,128
106,1028,"[2, 32, 16, 2, 8, 4, 128, 16, 0, 0, 4, 16, 2, 0, 0, 2]",up,128
107,1060,"[2, 32, 16, 2, 8, 4, 128, 32, 2, 0, 4, 2, 2, 0, 0, 0]",up,128
108,1064,"[2, 32, 16, 2, 8, 4, 128, 32, 4, 2, 4, 2, 0, 0, 0, 0]",up,128
109,1064,"[2, 0, 0, 0, 2, 32, 16, 2, 8, 4, 128, 32, 4, 2, 4, 2]",down,128
110,1068,"[4, 32, 16, 2, 8, 4, 128, 32, 4, 2, 4, 2, 2, 0, 0, 0]",up,128
111,1068,"[4, 2, 0, 0, 8, 32, 16, 2, 4, 4, 128, 32, 2, 2, 4, 2]",down,128
112,1080,"[0, 2, 4, 2, 8, 32, 16, 2, 0, 8, 128, 32, 0, 4, 4, 2]",right,128
113,1088,"[0, 2, 4, 2, 8, 32, 16, 2, 0, 8, 128, 32, 4, 0, 8, 2]",right,128
114,1092,"[8, 2, 4, 4, 4, 32, 16, 32, 0, 8, 128, 2, 0, 2, 8, 0]",up,128
115,1100,"[0, 8, 2, 8, 4, 32, 16, 32, 0, 8, 128, 2, 2, 0, 2, 8]",right,128
116,1104,"[2, 8, 2, 8, 4, 32, 16, 32, 0, 8, 128, 2, 0, 0, 4, 8]",right,128
117,1104,"[0, 0, 2, 8, 2, 8, 16, 32, 2, 32, 128, 2, 4, 8, 4, 8]",down,128
118,1106,"[4, 0, 2, 8, 0, 8, 16, 32, 4, 32, 128, 2, 4, 8, 4, 8]",down,128
119,1114,"[8, 8, 2, 8, 4, 32, 16, 32, 0, 8, 128, 2, 0, 2, 4, 8]",up,128
120,1130,"[0, 16, 2, 8, 4, 32, 16, 32, 2, 8, 128, 2, 0, 2, 4, 8]",right,128
121,1130,"[4, 16, 2, 8, 2, 32, 16, 32, 0, 8, 128, 2, 2, 2, 4, 8]",up,128
122,1134,"[4, 16, 2, 8, 4, 32, 16, 32, 2, 8, 128, 2, 0, 2, 4, 8]",up,128
123,1142,"[8, 16, 2, 8, 2, 32, 16, 32, 4, 8, 128, 2, 0, 2, 4, 8]",up,128
124,1142,"[2, 16, 2, 8, 8, 32, 16, 32, 2, 8, 128, 2, 4, 2, 4, 8]",down,128
1,0,"[4, 0, 0, 0, 0, 2, 0, 0, 0, 0, 0, 0, 0, 0, 0, 0]",up,4
2,0,"[0, 0, 0, 4, 0, 0, 0, 2, 0, 0, 0, 0, 0, 0, 2, 0]",right,4
3,0,"[0, 0, 0, 4, 0, 0, 0, 2, 0, 0, 0, 0, 2, 0, 0, 2]",right,4
4,4,"[2, 0, 0, 4, 0, 0, 0, 4, 0, 0, 0, 0, 0, 0, 0, 2]",up,4
5,12,"[2, 0, 2, 8, 0, 0, 0, 2, 0, 0, 0, 0, 0, 0, 0, 0]",up,8
6,16,"[2, 0, 4, 8, 0, 0, 0, 2, 0, 0, 0, 0, 0, 0, 0, 0]",right,8
7,16,"[0, 2, 4, 8, 0, 0, 0, 2, 0, 0, 0, 0, 0, 2, 0, 0]",right,8
8,20,"[0, 4, 4, 8, 0, 0, 0, 2, 0, 0, 0, 0, 0, 0, 0, 2]",up,8
9,28,"[0, 0, 8, 8, 0, 0, 2, 2, 0, 0, 0, 0, 0, 0, 0, 2]",right,8
10,48,"[0, 0, 0, 16, 0, 0, 0, 4, 0, 0, 0, 2, 0, 0, 0, 2]",right,16
11,52,"[0, 0, 0, 16, 0, 0, 2, 4, 0, 0, 0, 4, 0, 0, 0, 0]",up,16
12,60,"[2, 0, 2, 16, 0, 0, 0, 8, 0, 0, 0, 0, 0, 0, 0, 0]",up,16
13,64,"[0, 0, 4, 16, 0, 0, 0, 8, 0, 0, 0, 0, 0, 2, 0, 0]",right,16
14,64,"[0, 2, 4, 16, 0, 0, 0, 8, 0, 0, 2, 0, 0, 0, 0, 0]",up,16
15,64,"[2, 2, 4, 16, 0, 0, 0, 8, 0, 0, 0, 2, 0, 0, 0, 0]",right,16
16,68,"[0, 4, 4, 16, 0, 0, 2, 8, 0, 0, 0, 2, 0, 0, 0, 0]",right,16
17,76,"[0, 0, 8, 16, 0, 0, 2, 8, 0, 0, 0, 2, 2, 0, 0, 0]",right,16
18,76,"[0, 0, 0, 0, 0, 2, 0, 16, 0, 0, 8, 8, 2, 0, 2, 2]",down,16
19,96,"[0, 0, 0, 0, 0, 0, 2, 16, 0, 0, 0, 16, 0, 2, 2, 4]",right,16
20,132,"[0, 2, 4, 32, 0, 0, 0, 4, 0, 0, 0, 2, 0, 0, 0, 0]",up,32
21,132,"[0, 0, 0, 0, 0, 0, 0, 32, 0, 0, 0, 4, 2, 2, 4, 2]",down,32
22,136,"[0, 2, 0, 0, 0, 0, 0, 32, 0, 0, 0, 4, 0, 4, 4, 2]",right,32
23,144,"[0, 0, 0, 2, 0, 0, 0, 32, 0, 0, 2, 4, 0, 0, 8, 2]",right,32
24,144,"[2, 0, 0, 0, 32, 0, 4, 0, 2, 4, 0, 0, 8, 2, 0, 0]",left,32
25,144,"[0, 0, 0, 2, 0, 0, 32, 4, 0, 0, 2, 4, 0, 2, 8, 2]",right,32
26,152,"[2, 2, 32, 2, 0, 0, 2, 8, 0, 0, 8, 2, 0, 0, 0, 0]",up,32
27,156,"[0, 4, 32, 2, 0, 0, 2, 8, 2, 0, 8, 2, 0, 0, 0, 0]",right,32
28,156,"[0, 4, 32, 2, 0, 2, 2, 8, 0, 2, 8, 2, 0, 0, 0, 0]",right,32
29,160,"[0, 4, 32, 2, 0, 4, 2, 8, 0, 0, 8, 2, 0, 2, 0, 0]",up,32
30,168,"[0, 8, 32, 2, 0, 2, 2, 8, 0, 0, 8, 2, 0, 0, 0, 2]",up,32
31,172,"[0, 8, 32, 2, 2, 2, 2, 8, 0, 0, 8, 4, 0, 0, 0, 0]",up,32
32,176,"[0, 8, 32, 2, 0, 2, 4, 8, 0, 0, 8, 4, 0, 0, 2, 0]",right,32
33,176,"[0, 8, 32, 2, 0, 2, 4, 8, 0, 0, 8, 4, 0, 2, 0, 2]",right,32
34,180,"[0, 8, 32, 2, 0, 4, 4, 8, 0, 2, 8, 4, 0, 0, 0, 2]",up,32
35,188,"[0, 8, 32, 2, 0, 4, 8, 8, 0, 2, 8, 4, 0, 0, 0, 2]",right,32
36,204,"[0, 8, 32, 2, 0, 4, 16, 8, 0, 2, 0, 4, 4, 0, 0, 2]",up,32
37,204,"[0, 8, 32, 2, 0, 4, 16, 8, 0, 0, 2, 4, 0, 2, 4, 2]",right,32
38,204,"[0, 0, 32, 2, 0, 8, 16, 8, 0, 4, 2, 4, 2, 2, 4, 2]",down,32
39,208,"[2, 0, 32, 2, 0, 8, 16, 8, 0, 4, 2, 4, 0, 4, 4, 2]",right,32
40,216,"[2, 8, 32, 2, 0, 8, 16, 8, 0, 0, 2, 4, 0, 2, 4, 2]",up,32
41,232,"[2, 16, 32, 2, 0, 2, 16, 8, 2, 0, 2, 4, 0, 0, 4, 2]",up,32
42,236,"[4, 16, 32, 2, 0, 2, 16, 8, 0, 0, 2, 4, 0, 2, 4, 2]",up,32
43,240,"[4, 16, 32, 2, 0, 4, 16, 8, 0, 0, 2, 4, 0, 2, 4, 2]",up,32
44,240,"[4, 16, 32, 2, 4, 16, 8, 2, 2, 4, 0, 0, 2, 4, 2, 0]",left,32
45,296,"[8, 32, 32, 4, 4, 8, 8, 0, 0, 2, 2, 0, 0, 0, 0, 0]",up,32
46,380,"[0, 8, 64, 4, 0, 0, 4, 16, 0, 0, 0, 4, 0, 0, 2, 0]",right,64
47,380,"[2, 8, 64, 4, 0, 0, 4, 16, 0, 0, 0, 4, 0, 0, 0, 2]",right,64
48,380,"[2, 8, 64, 4, 4, 16, 0, 0, 4, 0, 2, 0, 2, 0, 0, 0]",left,64
49,388,"[2, 8, 64, 4, 8, 16, 2, 0, 2, 0, 0, 0, 0, 0, 2, 0]",up,64
50,392,"[2, 8, 64, 4, 8, 16, 4, 0, 2, 0, 0, 0, 0, 2, 0, 0]",up,64
51,392,"[2, 8, 64, 4, 8, 16, 4, 2, 2, 0, 0, 0, 2, 0, 0, 0]",left,64
52,396,"[2, 8, 64, 4, 8, 16, 4, 2, 4, 0, 0, 0, 0, 4, 0, 0]",up,64
53,396,"[2, 8, 64, 4, 8, 16, 4, 2, 4, 0, 0, 0, 4, 4, 0, 0]",left,64
54,404,"[2, 8, 64, 4, 8, 16, 4, 2, 8, 4, 2, 0, 0, 0, 0, 0]",up,64
55,420,"[2, 8, 64, 4, 16, 16, 4, 2, 0, 4, 2, 0, 0, 0, 0, 2]",up,64
56,452,"[2, 8, 64, 4, 0, 32, 4, 2, 0, 0, 4, 2, 0, 4, 0, 2]",right,64
57,464,"[2, 8, 64, 4, 0, 32, 8, 4, 2, 4, 0, 2, 0, 0, 0, 0]",up,64
58,476,"[4, 8, 64, 8, 0, 32, 8, 2, 0, 4, 0, 0, 2, 0, 0, 0]",up,64
59,476,"[4, 8, 64, 8, 2, 32, 8, 2, 2, 4, 0, 0, 0, 0, 0, 0]",up,64
60,480,"[4, 8, 64, 8, 4, 32, 8, 2, 0, 4, 0, 0, 2, 0, 0, 0]",up,64
61,488,"[8, 8, 64, 8, 2, 32, 8, 2, 0, 4, 0, 0, 0, 0, 0, 2]",up,64
62,504,"[0, 16, 64, 8, 2, 32, 8, 2, 2, 0, 0, 4, 0, 0, 0, 2]",right,64
63,508,"[4, 16, 64, 8, 4, 32, 8, 2, 0, 0, 0, 4, 0, 0, 0, 2]",up,64
64,516,"[8, 16, 64, 8, 0, 32, 8, 2, 2, 0, 0, 4, 0, 0, 0, 2]",up,64
65,516,"[8, 16, 64, 8, 32, 8, 2, 2, 2, 4, 0, 0, 2, 0, 0, 0]",left,64
66,520,"[8, 16, 64, 8, 32, 8, 2, 2, 4, 4, 0, 2, 0, 0, 0, 0]",up,64
67,532,"[8, 16, 64, 8, 0, 32, 8, 4, 0, 0, 8, 2, 0, 2, 0, 0]",right,64
68,548,"[8, 16, 64, 8, 0, 32, 16, 4, 0, 2, 0, 2, 0, 0, 2, 0]",up,64
69,552,"[8, 16, 64, 8, 0, 32, 16, 4, 0, 0, 0, 4, 0, 2, 0, 2]",right,64
70,560,"[8, 16, 64, 8, 0, 32, 16, 8, 0, 2, 0, 2, 2, 0, 0, 0]",up,64
71,576,"[8, 16, 64, 16, 2, 32, 16, 2, 0, 2, 0, 0, 2, 0, 0, 0]",up,64
72,580,"[8, 16, 64, 16, 4, 32, 16, 2, 2, 2, 0, 0, 0, 0, 0, 0]",up,64
73,584,"[8, 16, 64, 16, 4, 32, 16, 2, 0, 0, 2, 4, 0, 0, 0, 0]",right,64
74,584,"[8, 16, 64, 16, 4, 32, 16, 2, 2, 4, 0, 0, 0, 2, 0, 0]",left,64
75,584,"[8, 16, 64, 16, 4, 32, 16, 2, 2, 4, 2, 0, 2, 0, 0, 0]",left,64
76,588,"[8, 16, 64, 16, 4, 32, 16, 2, 4, 4, 2, 0, 0, 0, 0, 2]",up,64
77,600,"[8, 16, 64, 16, 8, 32, 16, 4, 0, 4, 2, 0, 0, 0, 2, 0]",up,64
78,620,"[16, 16, 64, 16, 0, 32, 16, 4, 0, 4, 4, 0, 0, 0, 0, 2]",up,64
79,660,"[0, 32, 64, 16, 0, 32, 16, 4, 0, 2, 0, 8, 0, 0, 0, 2]",right,64
80,724,"[0, 64, 64, 16, 0, 2, 16, 4, 0, 0, 0, 8, 0, 2, 0, 2]",up,64
81,856,"[2, 0, 128, 16, 0, 2, 16, 4, 0, 0, 0, 8, 0, 0, 0, 4]",right,128
82,856,"[0, 2, 128, 16, 0, 2, 16, 4, 0, 0, 0, 8, 0, 2, 0, 4]",right,128
83,860,"[0, 4, 128, 16, 0, 2, 16, 4, 0, 2, 0, 8, 0, 0, 0, 4]",up,128
84,864,"[0, 4, 128, 16, 0, 4, 16, 4, 0, 0, 0, 8, 0, 0, 2, 4]",up,128
85,872,"[2, 8, 128, 16, 0, 0, 16, 4, 0, 0, 2, 8, 0, 0, 0, 4]",up,128
86,872,"[2, 8, 128, 16, 16, 4, 0, 0, 2, 8, 0, 0, 4, 0, 2, 0]",left,128
87,872,"[2, 8, 128, 16, 16, 4, 2, 0, 2, 8, 0, 0, 4, 0, 0, 2]",up,128
88,872,"[2, 0, 2, 0, 16, 8, 0, 0, 2, 4, 128, 16, 4, 8, 2, 2]",down,128
89,880,"[0, 0, 2, 4, 0, 0, 16, 8, 2, 4, 128, 16, 0, 4, 8, 4]",right,128
90,888,"[2, 8, 2, 4, 2, 0, 16, 8, 0, 0, 128, 16, 0, 0, 8, 4]",up,128
91,892,"[4, 8, 2, 4, 0, 0, 16, 8, 2, 0, 128, 16, 0, 0, 8, 4]",up,128
92,892,"[4, 8, 2, 4, 0, 0, 16, 8, 0, 2, 128, 16, 0, 2, 8, 4]",right,128
93,896,"[4, 8, 2, 4, 0, 4, 16, 8, 2, 0, 128, 16, 0, 0, 8, 4]",up,128
94,896,"[4, 8, 2, 4, 2, 4, 16, 8, 0, 4, 128, 16, 0, 0, 8, 4]",up,128
95,904,"[4, 8, 2, 4, 2, 8, 16, 8, 0, 0, 128, 16, 0, 2, 8, 4]",up,128
96,920,"[4, 16, 2, 4, 2, 2, 16, 8, 2, 0, 128, 16, 0, 0, 8, 4]",up,128
97,924,"[4, 16, 2, 4, 4, 2, 16, 8, 0, 2, 128, 16, 0, 0, 8, 4]",up,128
98,936,"[8, 16, 2, 4, 2, 4, 16, 8, 0, 0, 128, 16, 0, 0, 8, 4]",up,128
99,936,"[0, 0, 2, 4, 0, 2, 16, 8, 8, 16, 128, 16, 2, 4, 8, 4]",down,128
100,936,"[2, 4, 0, 0, 2, 16, 8, 2, 8, 16, 128, 16, 2, 4, 8, 4]",left,128
101,972,"[4, 4, 8, 2, 8, 32, 128, 16, 2, 4, 8, 4, 2, 0, 0, 0]",up,128
102,980,"[0, 8, 8, 2, 8, 32, 128, 16, 2, 4, 8, 4, 0, 0, 2, 2]",right,128
103,1000,"[2, 0, 16, 2, 8, 32, 128, 16, 2, 4, 8, 4, 0, 0, 0, 4]",right,128
104,1008,"[2, 32, 16, 2, 8, 4, 128, 16, 2, 0, 8, 8, 2, 0, 0, 0]",up,128
105,1024,"[2, 32, 16, 2, 8, 4, 128, 16, 0, 0, 2, 16, 0, 0, 2, 2]",right,128
106,1028,"[2, 32, 16, 2, 8, 4, 128, 16, 0, 0, 4, 16, 2, 0, 0, 2]",up,128
107,1060,"[2, 32, 16, 2, 8, 4, 128, 32, 2, 0, 4, 2, 2, 0, 0, 0]",up,128
108,1064,"[2, 32, 16, 2, 8, 4, 128, 32, 4, 2, 4, 2, 0, 0, 0, 0]",up,128
109,1064,"[2, 0, 0, 0, 2, 32, 16, 2, 8, 4, 128, 32, 4, 2, 4, 2]",down,128
110,1068,"[4, 32, 16, 2, 8, 4, 128, 32, 4, 2, 4, 2, 2, 0, 0, 0]",up,128
111,1068,"[4, 2, 0, 0, 8, 32, 16, 2, 4, 4, 128, 32, 2, 2, 4, 2]",down,128
112,1080,"[0, 2, 4, 2, 8, 32, 16, 2, 0, 8, 128, 32, 0, 4, 4, 2]",right,128
113,1088,"[0, 2, 4, 2, 8, 32, 16, 2, 0, 8, 128, 32, 4, 0, 8, 2]",right,128
114,1092,"[8, 2, 4, 4, 4, 32, 16, 32, 0, 8, 128, 2, 0, 2, 8, 0]",up,128
115,1100,"[0, 8, 2, 8, 4, 32, 16, 32, 0, 8, 128, 2, 2, 0, 2, 8]",right,128
116,1104,"[2, 8, 2, 8, 4, 32, 16, 32, 0, 8, 128, 2, 0, 0, 4, 8]",right,128
117,1104,"[0, 0, 2, 8, 2, 8, 16, 32, 2, 32, 128, 2, 4, 8, 4, 8]",down,128
118,1106,"[4, 0, 2, 8, 0, 8, 16, 32, 4, 32, 128, 2, 4, 8, 4, 8]",down,128
119,1114,"[8, 8, 2, 8, 4, 32, 16, 32, 0, 8, 128, 2, 0, 2, 4, 8]",up,128
120,1130,"[0, 16, 2, 8, 4, 32, 16, 32, 2, 8, 128, 2, 0, 2, 4, 8]",right,128
121,1130,"[4, 16, 2, 8, 2, 32, 16, 32, 0, 8, 128, 2, 2, 2, 4, 8]",up,128
122,1134,"[4, 16, 2, 8, 4, 32, 16, 32, 2, 8, 128, 2, 0, 2, 4, 8]",up,128
123,1142,"[8, 16, 2, 8, 2, 32, 16, 32, 4, 8, 128, 2, 0, 2, 4, 8]",up,128
124,1142,"[2, 16, 2, 8, 8, 32, 16, 32, 2, 8, 128, 2, 4, 2, 4, 8]",down,128
1,0,"[4, 0, 0, 0, 0, 2, 0, 0, 0, 0, 0, 0, 0, 0, 0, 0]",up,4
2,0,"[0, 0, 0, 4, 0, 0, 0, 2, 0, 0, 0, 0, 0, 0, 2, 0]",right,4
3,0,"[0, 0, 0, 4, 0, 0, 0, 2, 0, 0, 0, 0, 2, 0, 0, 2]",right,4
4,4,"[2, 0, 0, 4, 0, 0, 0, 4, 0, 0, 0, 0, 0, 0, 0, 2]",up,4
5,12,"[2, 0, 2, 8, 0, 0, 0, 2, 0, 0, 0, 0, 0, 0, 0, 0]",up,8
6,16,"[2, 0, 4, 8, 0, 0, 0, 2, 0, 0, 0, 0, 0, 0, 0, 0]",right,8
7,16,"[0, 2, 4, 8, 0, 0, 0, 2, 0, 0, 0, 0, 0, 2, 0, 0]",right,8
8,20,"[0, 4, 4, 8, 0, 0, 0, 2, 0, 0, 0, 0, 0, 0, 0, 2]",up,8
9,24,"[0, 4, 4, 8, 0, 0, 0, 4, 2, 0, 0, 0, 0, 0, 0, 0]",up,8
10,32,"[0, 0, 8, 8, 0, 0, 0, 4, 0, 0, 0, 2, 0, 2, 0, 0]",right,8
11,48,"[0, 0, 0, 16, 0, 0, 2, 4, 0, 0, 0, 2, 0, 0, 0, 2]",right,16
12,52,"[2, 0, 2, 16, 0, 0, 0, 4, 0, 0, 0, 4, 0, 0, 0, 0]",up,16
13,60,"[2, 0, 2, 16, 0, 0, 0, 8, 0, 0, 0, 0, 0, 0, 2, 0]",up,16
14,64,"[2, 2, 4, 16, 0, 0, 0, 8, 0, 0, 0, 0, 0, 0, 0, 0]",up,16
15,68,"[0, 4, 4, 16, 0, 0, 0, 8, 0, 0, 0, 0, 0, 0, 2, 0]",right,16
16,76,"[0, 0, 8, 16, 0, 0, 0, 8, 0, 2, 0, 0, 0, 0, 0, 2]",right,16
17,76,"[0, 0, 0, 0, 0, 0, 0, 16, 2, 0, 0, 8, 0, 2, 8, 2]",down,16
18,76,"[0, 0, 0, 0, 0, 2, 0, 16, 0, 0, 0, 8, 2, 2, 8, 2]",down,16
19,80,"[2, 4, 8, 16, 0, 0, 0, 8, 2, 0, 0, 2, 0, 0, 0, 0]",up,16
20,84,"[4, 4, 8, 16, 0, 0, 0, 8, 0, 2, 0, 2, 0, 0, 0, 0]",up,16
21,96,"[0, 8, 8, 16, 0, 0, 0, 8, 0, 0, 2, 4, 0, 0, 0, 0]",right,16
22,112,"[0, 0, 16, 16, 0, 0, 0, 8, 0, 0, 2, 4, 0, 0, 0, 2]",right,16
23,144,"[0, 0, 2, 32, 0, 0, 0, 8, 0, 0, 2, 4, 0, 0, 0, 2]",right,32
24,148,"[0, 2, 4, 32, 0, 0, 0, 8, 0, 0, 0, 4, 0, 0, 0, 2]",up,32
25,148,"[0, 0, 0, 32, 0, 2, 0, 8, 0, 0, 0, 4, 0, 2, 4, 2]",down,32
26,152,"[0, 4, 4, 32, 0, 0, 0, 8, 0, 0, 0, 4, 0, 0, 2, 2]",up,32
27,164,"[0, 0, 8, 32, 0, 0, 0, 8, 0, 0, 0, 4, 2, 0, 0, 4]",right,32
28,172,"[2, 0, 8, 32, 0, 0, 0, 8, 0, 0, 0, 8, 0, 0, 2, 0]",up,32
29,188,"[2, 0, 8, 32, 0, 0, 2, 16, 0, 0, 0, 0, 2, 0, 0, 0]",up,32
30,192,"[4, 0, 8, 32, 0, 0, 2, 16, 0, 0, 0, 2, 0, 0, 0, 0]",up,32
31,192,"[0, 0, 0, 0, 0, 2, 0, 32, 0, 0, 8, 16, 4, 0, 2, 2]",down,32
32,196,"[0, 0, 0, 0, 0, 2, 2, 32, 0, 0, 8, 16, 0, 0, 4, 4]",right,32
33,208,"[0, 0, 0, 0, 0, 0, 4, 32, 0, 2, 8, 16, 0, 0, 0, 8]",right,32
34,208,"[0, 2, 4, 32, 0, 2, 8, 16, 0, 0, 0, 8, 0, 0, 0, 0]",up,32
35,212,"[0, 4, 4, 32, 0, 0, 8, 16, 0, 0, 0, 8, 2, 0, 0, 0]",up,32
36,220,"[0, 0, 8, 32, 0, 0, 8, 16, 0, 0, 0, 8, 2, 0, 0, 2]",right,32
37,236,"[2, 0, 16, 32, 0, 0, 0, 16, 0, 0, 0, 8, 2, 0, 0, 2]",up,32
38,240,"[4, 0, 16, 32, 0, 0, 0, 16, 4, 0, 0, 8, 0, 0, 0, 2]",up,32
39,248,"[8, 0, 16, 32, 0, 0, 0, 16, 0, 0, 0, 8, 0, 0, 4, 2]",up,32
40,248,"[0, 8, 16, 32, 0, 2, 0, 16, 0, 0, 0, 8, 0, 0, 4, 2]",right,32
41,248,"[2, 0, 0, 32, 0, 0, 0, 16, 0, 8, 16, 8, 0, 2, 4, 2]",down,32
42,248,"[0, 0, 0, 32, 2, 0, 0, 16, 0, 8, 16, 8, 2, 2, 4, 2]",down,32
43,252,"[4, 8, 16, 32, 0, 2, 4, 16, 0, 4, 0, 8, 0, 0, 0, 2]",up,32
44,252,"[4, 8, 16, 32, 2, 4, 16, 0, 4, 8, 0, 0, 2, 2, 0, 0]",left,32
45,284,"[4, 8, 32, 32, 2, 4, 0, 0, 4, 8, 0, 0, 2, 2, 0, 2]",up,32
46,352,"[0, 4, 8, 64, 0, 0, 2, 4, 0, 2, 4, 8, 0, 0, 2, 4]",right,64
47,352,"[0, 0, 8, 64, 0, 0, 2, 4, 2, 4, 4, 8, 0, 2, 2, 4]",down,64
48,364,"[0, 2, 8, 64, 0, 0, 2, 4, 0, 2, 8, 8, 0, 0, 4, 4]",right,64
49,388,"[2, 2, 8, 64, 0, 0, 2, 4, 0, 0, 2, 16, 0, 0, 0, 8]",right,64
50,392,"[2, 2, 8, 64, 0, 0, 4, 4, 0, 0, 0, 16, 4, 0, 0, 8]",up,64
51,404,"[0, 4, 8, 64, 0, 0, 0, 8, 0, 0, 0, 16, 0, 2, 4, 8]",right,64
52,404,"[4, 8, 64, 0, 8, 0, 0, 0, 16, 0, 0, 2, 2, 4, 8, 0]",left,64
53,404,"[4, 8, 64, 2, 8, 4, 8, 0, 16, 0, 0, 0, 2, 2, 0, 0]",up,64
54,408,"[4, 8, 64, 2, 0, 8, 4, 8, 0, 0, 0, 16, 4, 0, 0, 4]",right,64
55,432,"[8, 16, 64, 2, 0, 0, 4, 8, 0, 0, 0, 16, 2, 0, 0, 4]",up,64
56,432,"[8, 16, 64, 2, 2, 0, 4, 8, 0, 0, 0, 16, 0, 0, 2, 4]",up,64
57,432,"[0, 0, 0, 2, 0, 4, 64, 8, 8, 0, 4, 16, 2, 16, 2, 4]",down,64
58,432,"[2, 0, 0, 2, 0, 0, 64, 8, 8, 4, 4, 16, 2, 16, 2, 4]",down,64
59,444,"[0, 0, 2, 4, 0, 0, 64, 8, 0, 8, 8, 16, 2, 16, 2, 4]",right,64
60,460,"[0, 0, 2, 4, 0, 0, 64, 8, 0, 2, 16, 16, 2, 16, 2, 4]",right,64
61,492,"[2, 0, 2, 4, 0, 0, 64, 8, 0, 0, 2, 32, 2, 16, 2, 4]",right,64
62,500,"[4, 16, 2, 4, 0, 0, 64, 8, 0, 2, 4, 32, 0, 0, 0, 4]",up,64
63,500,"[4, 16, 2, 4, 64, 8, 0, 2, 2, 4, 32, 0, 4, 0, 0, 0]",left,64
64,500,"[4, 16, 2, 4, 64, 8, 32, 2, 2, 4, 0, 0, 4, 0, 0, 2]",up,64
65,504,"[4, 16, 2, 4, 64, 8, 32, 4, 2, 4, 0, 0, 4, 2, 0, 0]",up,64
66,512,"[4, 16, 2, 8, 64, 8, 32, 2, 2, 4, 0, 0, 4, 2, 0, 0]",up,64
67,512,"[4, 16, 0, 0, 64, 8, 2, 0, 2, 4, 2, 8, 4, 2, 32, 2]",down,64
68,516,"[4, 16, 4, 8, 64, 8, 32, 2, 2, 4, 0, 2, 4, 2, 0, 0]",up,64
69,520,"[4, 16, 4, 8, 64, 8, 32, 4, 2, 4, 0, 0, 4, 2, 2, 0]",up,64
70,524,"[4, 16, 4, 8, 64, 8, 32, 4, 0, 0, 2, 4, 2, 0, 4, 4]",right,64
71,532,"[4, 16, 4, 8, 64, 8, 32, 8, 2, 0, 2, 4, 0, 0, 4, 2]",up,64
72,548,"[4, 16, 4, 16, 64, 8, 32, 4, 2, 2, 2, 2, 0, 0, 4, 0]",up,64
73,556,"[4, 16, 4, 16, 64, 8, 32, 4, 0, 0, 4, 4, 0, 2, 0, 4]",right,64
74,564,"[4, 16, 4, 16, 64, 8, 32, 8, 0, 2, 4, 4, 0, 0, 2, 0]",up,64
75,572,"[4, 16, 4, 16, 64, 8, 32, 8, 0, 0, 2, 8, 2, 0, 0, 2]",right,64
76,588,"[4, 16, 4, 16, 64, 8, 32, 16, 2, 0, 2, 2, 0, 2, 0, 0]",up,64
77,620,"[4, 16, 4, 32, 64, 8, 32, 2, 2, 2, 2, 0, 4, 0, 0, 0]",up,64
78,624,"[4, 16, 4, 32, 64, 8, 32, 2, 0, 0, 2, 4, 0, 2, 0, 4]",right,64
79,632,"[4, 16, 4, 32, 64, 8, 32, 2, 0, 2, 2, 8, 2, 0, 0, 0]",up,64
80,636,"[4, 16, 4, 32, 64, 8, 32, 2, 0, 0, 4, 8, 0, 2, 0, 2]",right,64
81,640,"[4, 16, 4, 32, 64, 8, 32, 2, 2, 0, 4, 8, 0, 0, 0, 4]",right,64
82,640,"[4, 16, 4, 32, 64, 8, 32, 2, 0, 2, 4, 8, 0, 0, 2, 4]",right,64
83,640,"[0, 0, 4, 32, 2, 16, 32, 2, 4, 8, 4, 8, 64, 2, 2, 4]",down,64
84,644,"[0, 2, 4, 32, 2, 16, 32, 2, 4, 8, 4, 8, 0, 64, 4, 4]",right,64
85,652,"[2, 2, 4, 32, 4, 16, 32, 2, 0, 8, 8, 8, 0, 64, 2, 4]",up,64
86,672,"[0, 4, 4, 32, 4, 16, 32, 2, 0, 0, 8, 16, 4, 64, 2, 4]",right,64
87,680,"[8, 4, 4, 32, 0, 16, 32, 2, 0, 64, 8, 16, 2, 0, 2, 4]",up,64
88,692,"[2, 8, 8, 32, 0, 16, 32, 2, 0, 64, 8, 16, 0, 0, 4, 4]",right,64
89,716,"[0, 2, 16, 32, 2, 16, 32, 2, 0, 64, 8, 16, 0, 0, 0, 8]",right,64
90,716,"[2, 2, 16, 32, 0, 16, 32, 2, 0, 64, 8, 16, 2, 0, 0, 8]",up,64
91,720,"[4, 2, 16, 32, 2, 16, 32, 2, 0, 64, 8, 16, 0, 0, 0, 8]",up,64
92,720,"[4, 2, 16, 32, 2, 16, 32, 2, 64, 8, 16, 0, 8, 2, 0, 0]",left,64
93,720,"[4, 2, 2, 0, 2, 16, 16, 0, 64, 8, 32, 32, 8, 2, 16, 2]",down,64
94,820,"[4, 0, 4, 4, 0, 0, 2, 32, 0, 64, 8, 64, 8, 2, 16, 2]",right,64
95,828,"[0, 4, 4, 8, 0, 0, 2, 32, 0, 64, 8, 64, 8, 2, 16, 2]",right,64
96,836,"[0, 0, 8, 8, 0, 2, 2, 32, 0, 64, 8, 64, 8, 2, 16, 2]",right,64
97,856,"[0, 0, 0, 16, 0, 0, 4, 32, 4, 64, 8, 64, 8, 2, 16, 2]",right,64
98,856,"[4, 64, 4, 16, 8, 2, 8, 32, 0, 0, 16, 64, 0, 2, 0, 2]",up,64
99,860,"[4, 64, 4, 16, 8, 4, 8, 32, 0, 0, 16, 64, 2, 0, 0, 2]",up,64
100,864,"[4, 64, 4, 16, 8, 4, 8, 32, 0, 4, 16, 64, 0, 0, 0, 4]",right,64
101,872,"[4, 64, 4, 16, 8, 8, 8, 32, 0, 0, 16, 64, 0, 4, 0, 4]",up,64
102,896,"[4, 64, 4, 16, 0, 8, 16, 32, 2, 0, 16, 64, 0, 0, 0, 8]",right,64
103,928,"[4, 64, 4, 16, 2, 8, 32, 32, 2, 0, 0, 64, 0, 0, 0, 8]",up,64
104,932,"[4, 64, 4, 16, 4, 8, 32, 32, 0, 0, 2, 64, 0, 0, 0, 8]",up,64
105,940,"[8, 64, 4, 16, 0, 8, 32, 32, 0, 0, 2, 64, 2, 0, 0, 8]",up,64
106,1004,"[8, 64, 4, 16, 0, 0, 8, 64, 4, 0, 2, 64, 0, 0, 2, 8]",right,64
107,1008,"[8, 64, 4, 16, 4, 0, 8, 64, 0, 0, 4, 64, 2, 0, 0, 8]",up,64
108,1136,"[8, 64, 4, 16, 4, 2, 8, 128, 2, 0, 4, 8, 0, 0, 0, 0]",up,128
109,1136,"[0, 0, 4, 0, 8, 0, 4, 16, 4, 64, 8, 128, 2, 2, 4, 8]",down,128
110,1140,"[0, 2, 0, 0, 8, 0, 8, 16, 4, 64, 8, 128, 2, 2, 4, 8]",down,128
111,1160,"[0, 0, 0, 2, 2, 0, 16, 16, 4, 64, 8, 128, 0, 4, 4, 8]",right,128
112,1200,"[0, 0, 2, 2, 0, 0, 2, 32, 4, 64, 8, 128, 0, 0, 8, 8]",right,128
113,1220,"[4, 64, 4, 2, 0, 0, 16, 32, 0, 0, 0, 128, 0, 2, 0, 8]",up,128
114,1220,"[4, 64, 4, 2, 16, 32, 0, 0, 128, 0, 0, 0, 2, 8, 0, 2]",left,128
115,1224,"[4, 64, 4, 4, 16, 32, 0, 0, 128, 8, 0, 2, 2, 0, 0, 0]",up,128
116,1232,"[0, 4, 64, 8, 2, 0, 16, 32, 0, 128, 8, 2, 0, 0, 0, 2]",right,128
117,1236,"[2, 4, 64, 8, 0, 128, 16, 32, 0, 0, 8, 4, 0, 0, 2, 0]",up,128
118,1236,"[0, 2, 64, 0, 0, 0, 16, 8, 0, 4, 8, 32, 2, 128, 2, 4]",down,128
119,1236,"[0, 0, 64, 2, 0, 2, 16, 8, 0, 4, 8, 32, 2, 128, 2, 4]",down,128
120,1236,"[64, 2, 0, 0, 2, 16, 8, 2, 4, 8, 32, 0, 2, 128, 2, 4]",left,128
121,1236,"[64, 2, 8, 2, 2, 16, 32, 4, 4, 8, 2, 0, 2, 128, 2, 0]",up,128
122,1240,"[64, 2, 8, 2, 2, 16, 32, 4, 4, 8, 4, 0, 2, 128, 0, 2]",up,128
123,1240,"[64, 2, 2, 0, 2, 16, 8, 2, 4, 8, 32, 4, 2, 128, 4, 2]",down,128
124,1244,"[2, 0, 64, 4, 2, 16, 8, 2, 4, 8, 32, 4, 2, 128, 4, 2]",right,128
125,1246,"[2, 0, 64, 4, 4, 16, 8, 2, 4, 8, 32, 4, 2, 128, 4, 2]",down,128
126,1254,"[2, 16, 64, 4, 8, 8, 8, 2, 2, 128, 32, 4, 2, 0, 4, 2]",up,128
127,1258,"[2, 16, 64, 4, 8, 8, 8, 2, 4, 128, 32, 4, 0, 2, 4, 2]",up,128
128,1274,"[2, 16, 64, 4, 0, 8, 16, 2, 4, 128, 32, 4, 2, 2, 4, 2]",right,128
129,1278,"[2, 16, 64, 4, 4, 8, 16, 2, 4, 128, 32, 4, 0, 4, 4, 2]",right,128
130,1286,"[2, 16, 64, 4, 8, 8, 16, 2, 2, 128, 32, 4, 0, 4, 4, 2]",up,128
131,1310,"[2, 16, 64, 4, 0, 16, 16, 2, 2, 128, 32, 4, 2, 0, 8, 2]",right,128
132,1346,"[4, 32, 64, 4, 2, 128, 16, 2, 2, 0, 32, 4, 0, 0, 8, 2]",up,128
133,1350,"[4, 32, 64, 4, 4, 128, 16, 2, 0, 0, 32, 4, 2, 0, 8, 2]",up,128
134,1358,"[8, 32, 64, 4, 2, 128, 16, 2, 2, 0, 32, 4, 0, 0, 8, 2]",up,128
135,1362,"[8, 32, 64, 4, 4, 128, 16, 2, 4, 0, 32, 4, 0, 0, 8, 2]",up,128
136,1370,"[8, 32, 64, 4, 8, 128, 16, 2, 2, 0, 32, 4, 0, 0, 8, 2]",up,128
137,1386,"[16, 32, 64, 4, 2, 128, 16, 2, 0, 0, 32, 4, 0, 2, 8, 2]",up,128
138,1386,"[16, 32, 64, 4, 2, 128, 16, 2, 2, 2, 32, 4, 0, 0, 8, 2]",up,128
139,1390,"[16, 32, 64, 4, 4, 128, 16, 2, 0, 2, 32, 4, 0, 2, 8, 2]",up,128
140,1394,"[16, 32, 64, 4, 4, 128, 16, 2, 2, 4, 32, 4, 0, 0, 8, 2]",up,128
141,1394,"[2, 0, 64, 4, 16, 32, 16, 2, 4, 128, 32, 4, 2, 4, 8, 2]",down,128
142,1394,"[2, 32, 64, 4, 16, 128, 16, 2, 4, 4, 32, 4, 2, 2, 8, 2]",up,128
143,1406,"[2, 32, 64, 4, 16, 128, 16, 2, 0, 8, 32, 4, 2, 4, 8, 2]",right,128
144,1406,"[2, 32, 64, 4, 16, 128, 16, 2, 8, 32, 4, 2, 2, 4, 8, 2]",left,128
145,1410,"[2, 32, 64, 4, 16, 128, 16, 4, 8, 32, 4, 2, 2, 4, 8, 2]",up,128
146,1422,"[2, 32, 64, 8, 16, 128, 16, 4, 8, 32, 4, 0, 2, 4, 8, 2]",up,128
147,1422,"[2, 32, 64, 8, 16, 128, 16, 4, 8, 32, 4, 2, 2, 4, 8, 2]",up,128
148,1426,"[2, 32, 64, 8, 16, 128, 16, 4, 8, 32, 4, 4, 2, 4, 8, 2]",up,128
149,1434,"[2, 32, 64, 8, 16, 128, 16, 8, 8, 32, 4, 2, 2, 4, 8, 2]",up,128
150,1454,"[2, 32, 64, 16, 16, 128, 16, 4, 8, 32, 4, 0, 2, 4, 8, 2]",up,128
151,1454,"[2, 32, 64, 16, 16, 128, 16, 4, 8, 32, 4, 2, 2, 4, 8, 4]",up,128
1,0,"[4, 0, 0, 0, 0, 2, 0, 0, 0, 0, 0, 0, 0, 0, 0, 0]",up,4
2,0,"[0, 0, 0, 4, 0, 0, 0, 2, 0, 0, 0, 0, 0, 0, 2, 0]",right,4
3,0,"[0, 0, 0, 4, 0, 0, 0, 2, 0, 0, 0, 0, 2, 0, 0, 2]",right,4
4,2,"[0, 2, 0, 0, 0, 0, 0, 0, 0, 0, 0, 4, 2, 0, 0, 4]",down,4
5,10,"[2, 2, 0, 8, 0, 0, 0, 0, 0, 2, 0, 0, 0, 0, 0, 0]",up,8
6,14,"[2, 4, 0, 8, 0, 0, 0, 0, 0, 0, 0, 0, 0, 0, 2, 0]",up,8
7,14,"[2, 4, 8, 0, 0, 0, 0, 0, 0, 0, 0, 0, 2, 0, 0, 2]",left,8
8,18,"[4, 4, 8, 2, 0, 0, 0, 0, 0, 2, 0, 0, 0, 0, 0, 0]",up,8
9,26,"[8, 8, 2, 2, 0, 0, 0, 0, 2, 0, 0, 0, 0, 0, 0, 0]",left,8
10,46,"[16, 4, 0, 0, 0, 0, 0, 0, 2, 2, 0, 0, 0, 0, 0, 0]",left,16
11,50,"[0, 0, 16, 4, 0, 0, 0, 0, 0, 0, 0, 4, 0, 0, 2, 0]",right,16
12,58,"[0, 0, 16, 8, 0, 0, 2, 0, 0, 0, 0, 0, 0, 0, 0, 2]",up,16
13,58,"[0, 0, 16, 8, 0, 0, 0, 2, 0, 0, 0, 2, 0, 0, 0, 2]",right,16
14,60,"[0, 0, 0, 2, 0, 0, 0, 8, 0, 0, 0, 2, 0, 0, 16, 4]",down,16
15,60,"[2, 0, 0, 0, 8, 0, 2, 0, 2, 0, 0, 0, 16, 4, 0, 0]",left,16
16,60,"[0, 0, 0, 2, 0, 0, 8, 2, 0, 0, 0, 2, 2, 0, 16, 4]",right,16
17,64,"[2, 0, 8, 4, 0, 0, 16, 2, 0, 2, 0, 4, 0, 0, 0, 0]",up,16
18,64,"[2, 8, 4, 0, 16, 2, 0, 0, 2, 4, 0, 0, 0, 0, 0, 2]",left,16
19,64,"[0, 0, 0, 0, 2, 8, 2, 0, 16, 2, 0, 0, 2, 4, 4, 2]",down,16
20,72,"[0, 0, 0, 0, 0, 2, 8, 2, 0, 4, 16, 2, 0, 2, 8, 2]",right,16
21,76,"[0, 2, 8, 4, 0, 4, 16, 2, 0, 2, 8, 0, 0, 0, 0, 2]",up,16
22,78,"[0, 0, 0, 0, 0, 2, 8, 0, 2, 4, 16, 4, 0, 2, 8, 4]",down,16
23,82,"[0, 0, 0, 0, 0, 2, 8, 2, 0, 4, 16, 0, 2, 2, 8, 8]",down,16
24,102,"[0, 0, 0, 0, 0, 2, 8, 2, 0, 0, 4, 16, 0, 2, 4, 16]",right,16
25,146,"[0, 4, 8, 2, 0, 0, 8, 32, 0, 0, 0, 0, 0, 2, 0, 0]",up,32
26,154,"[0, 0, 0, 0, 0, 0, 0, 2, 0, 4, 0, 2, 0, 2, 16, 32]",down,32
27,156,"[2, 0, 0, 0, 0, 0, 0, 0, 0, 4, 0, 4, 0, 2, 16, 32]",down,32
28,164,"[0, 0, 0, 2, 0, 0, 0, 0, 0, 0, 0, 8, 2, 2, 16, 32]",right,32
29,168,"[2, 0, 0, 0, 0, 0, 0, 0, 8, 0, 2, 0, 4, 16, 32, 0]",left,32
30,168,"[2, 16, 2, 0, 8, 0, 32, 0, 4, 2, 0, 0, 0, 0, 0, 0]",up,32
31,168,"[0, 0, 0, 0, 2, 0, 0, 2, 8, 16, 2, 0, 4, 2, 32, 0]",down,32
32,172,"[0, 0, 0, 0, 0, 2, 0, 4, 0, 8, 16, 2, 0, 4, 2, 32]",right,32
33,172,"[2, 0, 0, 0, 2, 4, 0, 0, 8, 16, 2, 0, 4, 2, 32, 0]",left,32
34,176,"[4, 4, 2, 0, 8, 16, 32, 0, 4, 2, 0, 2, 0, 0, 0, 0]",up,32
35,188,"[8, 2, 0, 0, 8, 16, 32, 0, 4, 4, 0, 0, 0, 0, 2, 0]",left,32
36,196,"[0, 0, 0, 0, 0, 2, 0, 0, 16, 16, 32, 0, 4, 4, 2, 2]",down,32
37,240,"[0, 0, 0, 0, 0, 2, 0, 2, 0, 0, 32, 32, 0, 0, 8, 4]",right,32
38,308,"[2, 0, 0, 0, 0, 0, 0, 4, 0, 0, 0, 64, 0, 0, 8, 4]",right,64
39,308,"[2, 0, 0, 0, 4, 0, 0, 0, 64, 0, 4, 0, 8, 4, 0, 0]",left,64
40,308,"[2, 4, 4, 0, 4, 0, 0, 2, 64, 0, 0, 0, 8, 0, 0, 0]",up,64
41,316,"[2, 8, 0, 2, 4, 2, 0, 0, 64, 0, 0, 0, 8, 0, 0, 0]",left,64
42,316,"[2, 8, 2, 2, 4, 2, 0, 0, 64, 0, 0, 0, 8, 0, 0, 0]",left,64
43,320,"[2, 8, 4, 2, 4, 2, 0, 0, 64, 0, 0, 0, 8, 0, 0, 0]",left,64
44,320,"[2, 0, 0, 0, 4, 0, 2, 0, 64, 8, 0, 0, 8, 2, 4, 2]",down,64
45,320,"[2, 4, 0, 0, 4, 2, 0, 0, 64, 8, 0, 0, 8, 2, 4, 2]",left,64
46,320,"[2, 4, 4, 2, 4, 2, 0, 0, 64, 8, 2, 0, 8, 2, 0, 0]",up,64
47,328,"[2, 8, 2, 0, 4, 2, 2, 0, 64, 8, 2, 0, 8, 2, 0, 0]",left,64
48,332,"[2, 8, 2, 0, 4, 4, 0, 0, 64, 8, 2, 0, 8, 2, 2, 0]",left,64
49,344,"[0, 2, 8, 2, 0, 0, 0, 8, 0, 64, 8, 2, 2, 0, 8, 4]",right,64
50,352,"[0, 0, 0, 2, 0, 0, 2, 8, 0, 2, 8, 2, 2, 64, 16, 4]",down,64
51,352,"[2, 0, 0, 0, 2, 8, 2, 0, 2, 8, 2, 0, 2, 64, 16, 4]",left,64
52,360,"[4, 8, 2, 4, 4, 8, 2, 0, 0, 64, 16, 2, 0, 0, 0, 0]",up,64
53,364,"[0, 0, 0, 2, 0, 8, 2, 0, 0, 8, 2, 4, 8, 64, 16, 2]",down,64
54,372,"[2, 0, 0, 0, 0, 0, 2, 2, 0, 16, 2, 4, 8, 64, 16, 2]",down,64
55,374,"[0, 0, 0, 0, 2, 0, 0, 2, 2, 16, 4, 4, 8, 64, 16, 2]",down,64
56,386,"[0, 0, 0, 2, 4, 0, 0, 0, 2, 16, 8, 0, 8, 64, 16, 2]",left,64
57,388,"[0, 0, 2, 0, 4, 0, 0, 0, 2, 16, 8, 0, 8, 64, 16, 4]",down,64
58,388,"[0, 0, 0, 2, 4, 0, 2, 0, 2, 16, 8, 0, 8, 64, 16, 4]",down,64
59,388,"[0, 0, 0, 2, 0, 2, 4, 2, 0, 2, 16, 8, 8, 64, 16, 4]",right,64
60,408,"[0, 0, 0, 2, 0, 0, 0, 4, 0, 4, 4, 8, 8, 64, 32, 4]",down,64
61,416,"[2, 0, 0, 0, 4, 0, 0, 0, 8, 8, 4, 0, 8, 64, 32, 4]",left,64
62,432,"[2, 0, 0, 0, 4, 0, 0, 0, 16, 4, 2, 0, 8, 64, 32, 4]",left,64
63,432,"[0, 2, 0, 2, 0, 0, 0, 4, 0, 16, 4, 2, 8, 64, 32, 4]",right,64
64,436,"[4, 0, 0, 2, 4, 0, 0, 0, 16, 4, 2, 0, 8, 64, 32, 4]",left,64
65,444,"[8, 4, 2, 2, 16, 64, 32, 4, 8, 0, 0, 2, 0, 0, 0, 0]",up,64
66,448,"[8, 4, 4, 0, 16, 64, 32, 4, 8, 2, 0, 0, 4, 0, 0, 0]",left,64
67,456,"[0, 2, 8, 8, 16, 64, 32, 4, 0, 0, 8, 2, 0, 0, 0, 4]",right,64
68,472,"[2, 16, 0, 0, 16, 64, 32, 4, 8, 2, 0, 0, 4, 2, 0, 0]",left,64
69,474,"[2, 0, 4, 0, 16, 16, 0, 0, 8, 64, 0, 0, 4, 4, 32, 4]",down,64
70,514,"[2, 4, 0, 0, 32, 0, 0, 0, 8, 64, 0, 2, 8, 32, 4, 0]",left,64
71,522,"[0, 2, 0, 0, 2, 4, 0, 0, 32, 64, 0, 0, 16, 32, 4, 2]",down,64
72,522,"[0, 0, 0, 2, 0, 0, 2, 4, 2, 0, 32, 64, 16, 32, 4, 2]",right,64
73,522,"[0, 2, 0, 2, 0, 0, 2, 4, 0, 2, 32, 64, 16, 32, 4, 2]",right,64
74,526,"[16, 4, 2, 2, 0, 32, 32, 4, 0, 0, 4, 64, 0, 0, 2, 2]",up,64
75,598,"[0, 16, 4, 4, 0, 0, 64, 4, 0, 0, 4, 64, 0, 0, 2, 4]",right,64
76,606,"[16, 8, 0, 0, 64, 4, 0, 0, 4, 64, 0, 0, 2, 4, 2, 0]",left,64
77,606,"[16, 8, 2, 0, 64, 4, 2, 0, 4, 64, 0, 0, 2, 4, 0, 0]",up,64
78,608,"[16, 8, 0, 0, 64, 4, 0, 0, 4, 64, 0, 0, 2, 4, 4, 4]",down,64
79,616,"[16, 8, 0, 0, 64, 4, 2, 0, 4, 64, 0, 0, 2, 8, 4, 0]",left,64
80,616,"[16, 8, 2, 0, 64, 4, 4, 0, 4, 64, 2, 0, 2, 8, 0, 0]",up,64
81,624,"[0, 16, 8, 2, 0, 0, 64, 8, 0, 4, 64, 2, 2, 0, 2, 8]",right,64
82,628,"[0, 16, 8, 2, 0, 0, 64, 8, 0, 4, 64, 2, 2, 0, 4, 8]",right,64
83,756,"[2, 16, 8, 2, 0, 4, 128, 8, 0, 0, 4, 2, 0, 0, 2, 8]",up,128
84,756,"[0, 2, 8, 2, 0, 0, 128, 8, 0, 16, 4, 2, 2, 4, 2, 8]",down,128
85,756,"[2, 2, 8, 2, 0, 16, 128, 8, 2, 4, 4, 2, 0, 0, 2, 8]",up,128
86,768,"[0, 4, 8, 2, 0, 16, 128, 8, 0, 2, 8, 2, 0, 2, 2, 8]",right,128
87,772,"[4, 8, 2, 0, 16, 128, 8, 0, 2, 8, 2, 2, 4, 8, 0, 0]",left,128
88,776,"[4, 8, 2, 2, 16, 128, 8, 0, 2, 8, 4, 0, 4, 8, 0, 0]",left,128
89,784,"[4, 0, 0, 0, 16, 8, 2, 0, 2, 128, 8, 2, 4, 16, 4, 2]",down,128
90,788,"[4, 8, 2, 4, 16, 128, 8, 0, 2, 16, 4, 0, 4, 0, 0, 2]",up,128
91,788,"[4, 8, 2, 4, 16, 128, 8, 2, 2, 16, 4, 0, 4, 0, 2, 0]",up,128
92,788,"[4, 8, 2, 4, 16, 128, 8, 2, 2, 16, 4, 2, 4, 2, 0, 0]",left,128
93,792,"[4, 8, 2, 4, 16, 128, 8, 4, 2, 16, 4, 2, 4, 2, 0, 0]",up,128
94,800,"[4, 8, 2, 8, 16, 128, 8, 2, 2, 16, 4, 0, 4, 2, 0, 4]",up,128
95,800,"[4, 8, 2, 8, 16, 128, 8, 2, 4, 2, 16, 4, 0, 4, 2, 4]",right,128
96,808,"[4, 8, 2, 8, 16, 128, 8, 2, 4, 2, 16, 8, 2, 4, 2, 0]",up,128
97,808,"[4, 8, 2, 8, 16, 128, 8, 2, 4, 2, 16, 8, 4, 2, 4, 2]",right,128
98,820,"[4, 8, 2, 8, 16, 128, 8, 2, 8, 4, 16, 8, 0, 2, 4, 2]",up,128
99,820,"[2, 8, 2, 8, 4, 128, 8, 2, 16, 4, 16, 8, 8, 2, 4, 2]",down,128
1,0,"[4, 0, 0, 0, 0, 2, 0, 0, 0, 0, 0, 0, 0, 0, 0, 0]",up,4
2,0,"[0, 0, 0, 4, 0, 0, 0, 2, 0, 0, 0, 0, 0, 0, 2, 0]",right,4
3,0,"[0, 0, 0, 4, 0, 0, 0, 2, 0, 0, 0, 0, 2, 0, 0, 2]",right,4
4,2,"[0, 2, 0, 0, 0, 0, 0, 0, 0, 0, 0, 4, 2, 0, 0, 4]",down,4
5,10,"[2, 2, 0, 8, 0, 0, 0, 0, 0, 2, 0, 0, 0, 0, 0, 0]",up,8
6,14,"[2, 4, 0, 8, 0, 0, 0, 0, 0, 0, 0, 0, 0, 0, 2, 0]",up,8
7,14,"[2, 4, 8, 0, 0, 0, 0, 0, 0, 0, 0, 0, 2, 0, 0, 2]",left,8
8,18,"[4, 4, 8, 2, 0, 0, 0, 0, 0, 2, 0, 0, 0, 0, 0, 0]",up,8
9,26,"[8, 8, 2, 2, 0, 0, 0, 0, 2, 0, 0, 0, 0, 0, 0, 0]",left,8
10,46,"[16, 4, 0, 0, 0, 0, 0, 0, 2, 2, 0, 0, 0, 0, 0, 0]",left,16
11,50,"[0, 0, 16, 4, 0, 0, 0, 0, 0, 0, 0, 4, 0, 0, 2, 0]",right,16
12,58,"[0, 0, 16, 8, 0, 0, 2, 0, 0, 0, 0, 0, 0, 0, 0, 2]",up,16
13,58,"[0, 0, 16, 8, 0, 0, 0, 2, 0, 0, 0, 2, 0, 0, 0, 2]",right,16
14,60,"[0, 0, 0, 2, 0, 0, 0, 8, 0, 0, 0, 2, 0, 0, 16, 4]",down,16
15,60,"[2, 0, 0, 0, 8, 0, 2, 0, 2, 0, 0, 0, 16, 4, 0, 0]",left,16
16,60,"[0, 0, 0, 2, 0, 0, 8, 2, 0, 0, 0, 2, 2, 0, 16, 4]",right,16
17,64,"[2, 0, 8, 4, 0, 0, 16, 2, 0, 2, 0, 4, 0, 0, 0, 0]",up,16
18,64,"[2, 8, 4, 0, 16, 2, 0, 0, 2, 4, 0, 0, 0, 0, 0, 2]",left,16
19,64,"[0, 0, 0, 0, 2, 8, 2, 0, 16, 2, 0, 0, 2, 4, 4, 2]",down,16
20,72,"[0, 0, 0, 0, 0, 2, 8, 2, 0, 4, 16, 2, 0, 2, 8, 2]",right,16
21,76,"[0, 2, 8, 4, 0, 4, 16, 2, 0, 2, 8, 0, 0, 0, 0, 2]",up,16
22,78,"[0, 0, 0, 0, 0, 2, 8, 0, 2, 4, 16, 4, 0, 2, 8, 4]",down,16
23,82,"[0, 0, 0, 0, 0, 2, 8, 2, 0, 4, 16, 0, 2, 2, 8, 8]",down,16
24,102,"[0, 0, 0, 0, 0, 2, 8, 2, 0, 0, 4, 16, 0, 2, 4, 16]",right,16
25,146,"[0, 4, 8, 2, 0, 0, 8, 32, 0, 0, 0, 0, 0, 2, 0, 0]",up,32
26,154,"[0, 0, 0, 0, 0, 0, 0, 2, 0, 4, 0, 2, 0, 2, 16, 32]",down,32
27,156,"[2, 0, 0, 0, 0, 0, 0, 0, 0, 4, 0, 4, 0, 2, 16, 32]",down,32
28,164,"[0, 0, 0, 2, 0, 0, 0, 0, 0, 0, 0, 8, 2, 2, 16, 32]",right,32
29,168,"[2, 0, 0, 0, 0, 0, 0, 0, 8, 0, 2, 0, 4, 16, 32, 0]",left,32
30,168,"[2, 16, 2, 0, 8, 0, 32, 0, 4, 2, 0, 0, 0, 0, 0, 0]",up,32
31,168,"[0, 0, 0, 0, 2, 0, 0, 2, 8, 16, 2, 0, 4, 2, 32, 0]",down,32
32,172,"[0, 0, 0, 0, 0, 2, 0, 4, 0, 8, 16, 2, 0, 4, 2, 32]",right,32
33,172,"[2, 0, 0, 0, 2, 4, 0, 0, 8, 16, 2, 0, 4, 2, 32, 0]",left,32
34,176,"[4, 4, 2, 0, 8, 16, 32, 0, 4, 2, 0, 2, 0, 0, 0, 0]",up,32
35,188,"[8, 2, 0, 0, 8, 16, 32, 0, 4, 4, 0, 0, 0, 0, 2, 0]",left,32
36,196,"[0, 0, 0, 0, 0, 2, 0, 0, 16, 16, 32, 0, 4, 4, 2, 2]",down,32
37,240,"[0, 0, 0, 0, 0, 2, 0, 2, 0, 0, 32, 32, 0, 0, 8, 4]",right,32
38,308,"[2, 0, 0, 0, 0, 0, 0, 4, 0, 0, 0, 64, 0, 0, 8, 4]",right,64
39,308,"[2, 0, 0, 0, 4, 0, 0, 0, 64, 0, 4, 0, 8, 4, 0, 0]",left,64
40,308,"[2, 4, 4, 0, 4, 0, 0, 2, 64, 0, 0, 0, 8, 0, 0, 0]",up,64
41,316,"[2, 8, 0, 2, 4, 2, 0, 0, 64, 0, 0, 0, 8, 0, 0, 0]",left,64
42,316,"[2, 8, 2, 2, 4, 2, 0, 0, 64, 0, 0, 0, 8, 0, 0, 0]",left,64
43,320,"[2, 8, 4, 2, 4, 2, 0, 0, 64, 0, 0, 0, 8, 0, 0, 0]",left,64
44,320,"[2, 0, 0, 0, 4, 0, 2, 0, 64, 8, 0, 0, 8, 2, 4, 2]",down,64
45,320,"[2, 4, 0, 0, 4, 2, 0, 0, 64, 8, 0, 0, 8, 2, 4, 2]",left,64
46,320,"[2, 4, 4, 2, 4, 2, 0, 0, 64, 8, 2, 0, 8, 2, 0, 0]",up,64
47,328,"[2, 8, 2, 0, 4, 2, 2, 0, 64, 8, 2, 0, 8, 2, 0, 0]",left,64
48,332,"[2, 8, 2, 0, 4, 4, 0, 0, 64, 8, 2, 0, 8, 2, 2, 0]",left,64
49,344,"[0, 2, 8, 2, 0, 0, 0, 8, 0, 64, 8, 2, 2, 0, 8, 4]",right,64
50,352,"[0, 0, 0, 2, 0, 0, 2, 8, 0, 2, 8, 2, 2, 64, 16, 4]",down,64
51,352,"[2, 0, 0, 0, 2, 8, 2, 0, 2, 8, 2, 0, 2, 64, 16, 4]",left,64
52,380,"[4, 16, 4, 4, 4, 64, 16, 0, 0, 0, 0, 2, 0, 0, 0, 0]",up,64
53,388,"[4, 16, 8, 0, 4, 64, 16, 0, 2, 0, 0, 0, 0, 2, 0, 0]",left,64
54,392,"[0, 2, 0, 0, 0, 16, 0, 0, 8, 64, 8, 0, 2, 2, 16, 0]",down,64
55,396,"[2, 0, 0, 0, 16, 0, 0, 0, 8, 64, 8, 2, 4, 16, 0, 0]",left,64
56,396,"[2, 64, 8, 2, 16, 16, 2, 0, 8, 0, 0, 0, 4, 0, 0, 0]",up,64
57,428,"[2, 64, 8, 2, 32, 2, 2, 0, 8, 0, 0, 0, 4, 0, 0, 0]",left,64
58,432,"[2, 64, 8, 2, 0, 0, 32, 4, 0, 0, 0, 8, 0, 2, 0, 4]",right,64
59,432,"[0, 0, 0, 2, 0, 0, 2, 4, 0, 64, 8, 8, 2, 2, 32, 4]",down,64
60,452,"[0, 0, 0, 2, 2, 0, 2, 4, 0, 0, 64, 16, 0, 4, 32, 4]",right,64
61,456,"[2, 0, 0, 0, 4, 4, 0, 0, 64, 16, 0, 4, 4, 32, 4, 0]",left,64
62,464,"[0, 0, 0, 2, 0, 0, 0, 8, 2, 64, 16, 4, 0, 4, 32, 4]",right,64
63,468,"[0, 0, 2, 0, 0, 0, 0, 2, 0, 64, 16, 8, 2, 4, 32, 8]",down,64
64,484,"[2, 64, 2, 2, 0, 4, 16, 16, 0, 0, 32, 0, 2, 0, 0, 0]",up,64
65,520,"[2, 64, 4, 0, 4, 32, 0, 0, 32, 0, 2, 0, 2, 0, 0, 0]",left,64
66,520,"[2, 0, 0, 0, 4, 0, 0, 0, 32, 64, 4, 4, 2, 32, 2, 0]",down,64
67,528,"[0, 0, 2, 2, 0, 0, 0, 4, 0, 32, 64, 8, 0, 2, 32, 2]",right,64
68,532,"[4, 0, 0, 0, 4, 4, 0, 0, 32, 64, 8, 0, 2, 32, 2, 0]",left,64
69,540,"[0, 0, 4, 4, 0, 0, 0, 8, 0, 32, 64, 8, 0, 2, 32, 2]",right,64
70,556,"[0, 32, 4, 4, 0, 2, 64, 16, 0, 0, 32, 2, 0, 0, 2, 0]",up,64
71,564,"[0, 2, 32, 8, 0, 2, 64, 16, 0, 0, 32, 2, 0, 0, 0, 2]",right,64
72,568,"[0, 0, 0, 2, 0, 0, 32, 8, 0, 0, 64, 16, 0, 4, 32, 4]",down,64
73,568,"[0, 4, 32, 2, 0, 0, 64, 8, 0, 0, 32, 16, 0, 2, 0, 4]",up,64
74,568,"[2, 4, 32, 2, 0, 0, 64, 8, 0, 0, 32, 16, 0, 0, 2, 4]",right,64
75,568,"[2, 4, 32, 2, 64, 8, 0, 0, 32, 16, 2, 0, 2, 4, 0, 0]",left,64
76,568,"[2, 4, 32, 2, 64, 8, 2, 0, 32, 16, 2, 0, 2, 4, 0, 0]",up,64
77,572,"[2, 4, 32, 2, 64, 8, 4, 0, 32, 16, 0, 2, 2, 4, 0, 0]",up,64
78,576,"[2, 4, 32, 4, 64, 8, 4, 0, 32, 16, 0, 2, 2, 4, 0, 0]",up,64
79,576,"[2, 4, 32, 4, 0, 64, 8, 4, 0, 32, 16, 2, 2, 0, 2, 4]",right,64
80,582,"[0, 0, 32, 0, 0, 4, 8, 8, 2, 64, 16, 2, 4, 32, 2, 4]",down,64
81,598,"[32, 2, 0, 0, 4, 16, 0, 0, 2, 64, 16, 2, 4, 32, 2, 4]",left,64
82,598,"[32, 2, 16, 2, 4, 16, 2, 4, 2, 64, 0, 2, 4, 32, 0, 0]",up,64
83,598,"[32, 2, 16, 2, 4, 16, 2, 4, 2, 2, 64, 2, 0, 0, 4, 32]",right,64
84,602,"[32, 2, 16, 2, 4, 16, 2, 4, 0, 4, 64, 2, 0, 2, 4, 32]",right,64
85,602,"[32, 2, 16, 2, 4, 16, 2, 4, 4, 64, 2, 0, 2, 4, 32, 2]",left,64
86,608,"[2, 2, 0, 0, 32, 16, 16, 2, 8, 64, 4, 4, 2, 4, 32, 2]",down,64
87,652,"[4, 0, 0, 0, 32, 32, 2, 0, 8, 64, 8, 2, 2, 4, 32, 2]",left,64
88,654,"[4, 0, 0, 0, 32, 32, 2, 0, 8, 64, 8, 2, 2, 4, 32, 4]",down,64
89,718,"[4, 0, 0, 2, 64, 2, 0, 0, 8, 64, 8, 2, 2, 4, 32, 4]",left,64
90,720,"[4, 2, 0, 0, 64, 2, 0, 0, 8, 64, 8, 4, 2, 4, 32, 4]",down,64
91,732,"[4, 4, 8, 8, 64, 64, 32, 0, 8, 4, 2, 0, 2, 0, 0, 0]",up,64
92,884,"[8, 16, 0, 0, 128, 32, 0, 0, 8, 4, 2, 0, 2, 0, 2, 0]",left,128
93,886,"[8, 0, 2, 0, 128, 16, 0, 0, 8, 32, 0, 0, 2, 4, 4, 0]",down,128
94,894,"[0, 0, 8, 2, 0, 0, 128, 16, 4, 0, 8, 32, 0, 0, 2, 8]",right,128
95,894,"[4, 0, 8, 2, 0, 0, 128, 16, 2, 0, 8, 32, 0, 0, 2, 8]",up,128
96,894,"[4, 2, 8, 2, 2, 0, 128, 16, 0, 0, 8, 32, 0, 0, 2, 8]",up,128
97,894,"[0, 0, 8, 2, 0, 0, 128, 16, 4, 2, 8, 32, 2, 2, 2, 8]",down,128
98,898,"[4, 4, 8, 2, 2, 0, 128, 16, 0, 0, 8, 32, 2, 0, 2, 8]",up,128
99,910,"[8, 8, 2, 0, 2, 128, 16, 2, 8, 32, 0, 0, 4, 8, 0, 0]",left,128
100,926,"[0, 2, 16, 2, 2, 128, 16, 2, 0, 0, 8, 32, 0, 0, 4, 8]",right,128
101,944,"[0, 2, 0, 0, 0, 0, 32, 4, 0, 2, 8, 32, 2, 128, 4, 8]",down,128
102,948,"[2, 4, 32, 4, 0, 128, 8, 32, 0, 0, 4, 8, 0, 0, 2, 0]",up,128
103,948,"[2, 4, 32, 4, 128, 8, 32, 0, 4, 8, 0, 0, 2, 2, 0, 0]",left,128
104,988,"[2, 0, 0, 0, 128, 4, 0, 2, 4, 16, 0, 0, 2, 2, 64, 4]",down,128
105,992,"[0, 0, 2, 2, 0, 128, 4, 2, 0, 0, 4, 16, 0, 4, 64, 4]",right,128
106,1004,"[0, 128, 2, 4, 0, 4, 8, 16, 0, 0, 64, 4, 0, 2, 0, 0]",up,128
107,1004,"[2, 128, 2, 4, 0, 4, 8, 16, 0, 2, 64, 4, 0, 0, 0, 0]",up,128
108,1004,"[2, 128, 2, 4, 4, 8, 16, 0, 2, 64, 4, 0, 0, 2, 0, 0]",left,128
109,1004,"[2, 128, 2, 4, 4, 8, 16, 0, 2, 64, 4, 0, 2, 0, 2, 0]",left,128
110,1008,"[2, 128, 2, 4, 4, 8, 16, 0, 4, 64, 4, 0, 4, 0, 2, 0]",up,128
111,1012,"[2, 0, 2, 0, 2, 128, 16, 0, 4, 8, 4, 0, 8, 64, 2, 4]",down,128
112,1014,"[0, 0, 2, 0, 4, 128, 16, 0, 4, 8, 4, 2, 8, 64, 2, 4]",down,128
113,1018,"[0, 0, 2, 2, 0, 128, 16, 0, 8, 8, 4, 2, 8, 64, 2, 4]",down,128
114,1028,"[0, 0, 2, 0, 0, 128, 16, 2, 0, 8, 4, 4, 16, 64, 2, 4]",down,128
115,1036,"[2, 0, 2, 0, 128, 16, 2, 0, 8, 8, 0, 0, 16, 64, 2, 4]",left,128
116,1056,"[2, 0, 0, 4, 0, 128, 16, 2, 0, 0, 0, 16, 16, 64, 2, 4]",right,128
117,1056,"[2, 128, 16, 4, 16, 64, 2, 2, 0, 0, 0, 16, 2, 0, 0, 4]",up,128
118,1060,"[2, 128, 16, 4, 0, 16, 64, 4, 2, 0, 0, 16, 0, 0, 2, 4]",right,128
119,1066,"[2, 0, 0, 0, 0, 0, 16, 8, 0, 128, 64, 16, 4, 16, 2, 4]",down,128
120,1066,"[0, 0, 4, 0, 0, 0, 16, 8, 2, 128, 64, 16, 4, 16, 2, 4]",down,128
121,1066,"[4, 0, 2, 0, 16, 8, 0, 0, 2, 128, 64, 16, 4, 16, 2, 4]",left,128
122,1066,"[4, 8, 2, 16, 16, 128, 64, 4, 2, 16, 2, 2, 4, 0, 0, 0]",up,128
123,1070,"[4, 8, 2, 16, 16, 128, 64, 4, 2, 16, 4, 2, 4, 0, 0, 0]",left,128
124,1070,"[4, 8, 2, 16, 16, 128, 64, 4, 2, 16, 4, 2, 2, 0, 0, 4]",right,128
125,1074,"[4, 8, 2, 16, 16, 128, 64, 4, 4, 16, 4, 2, 0, 0, 2, 4]",up,128
126,1074,"[2, 0, 2, 16, 4, 8, 64, 4, 16, 128, 4, 2, 4, 16, 2, 4]",down,128
127,1078,"[0, 2, 4, 16, 4, 8, 64, 4, 16, 128, 4, 2, 4, 16, 2, 4]",right,128
128,1078,"[4, 2, 4, 16, 16, 8, 64, 4, 4, 128, 4, 2, 2, 16, 2, 4]",up,128
1,0,"[4, 0, 0, 0, 0, 0, 0, 0, 0, 0, 0, 0, 0, 0, 2, 0]",up,4
2,0,"[4, 0, 2, 0, 0, 0, 2, 0, 0, 0, 0, 0, 0, 0, 0, 0]",up,4
3,4,"[4, 0, 4, 0, 0, 0, 0, 0, 0, 2, 0, 0, 0, 0, 0, 0]",up,4
4,4,"[4, 2, 4, 0, 0, 0, 0, 0, 0, 0, 2, 0, 0, 0, 0, 0]",up,4
5,4,"[4, 2, 4, 0, 0, 0, 2, 2, 0, 0, 0, 0, 0, 0, 0, 0]",up,4
6,4,"[4, 2, 4, 2, 0, 0, 2, 0, 0, 0, 0, 0, 2, 0, 0, 0]",up,4
7,4,"[4, 2, 4, 2, 2, 0, 2, 0, 0, 0, 0, 0, 2, 0, 0, 0]",up,4
8,8,"[4, 2, 4, 2, 4, 0, 2, 0, 0, 0, 0, 0, 0, 0, 0, 2]",up,4
9,20,"[8, 2, 4, 4, 0, 0, 2, 0, 0, 0, 0, 0, 2, 0, 0, 0]",up,8
10,20,"[8, 2, 4, 4, 2, 0, 2, 0, 0, 4, 0, 0, 0, 0, 0, 0]",up,8
11,20,"[8, 2, 4, 4, 2, 4, 2, 0, 2, 0, 0, 0, 0, 0, 0, 0]",up,8
12,24,"[8, 2, 4, 4, 4, 4, 2, 2, 0, 0, 0, 0, 0, 0, 0, 0]",up,8
13,24,"[2, 0, 0, 0, 0, 0, 0, 0, 8, 2, 4, 4, 4, 4, 2, 2]",down,8
14,24,"[2, 2, 4, 4, 8, 4, 2, 2, 4, 2, 0, 0, 0, 0, 0, 0]",up,8
15,24,"[0, 0, 0, 0, 2, 2, 0, 2, 8, 4, 4, 4, 4, 2, 2, 2]",down,8
16,24,"[2, 2, 4, 2, 8, 4, 2, 4, 4, 2, 0, 2, 0, 0, 2, 0]",up,8
17,28,"[2, 2, 4, 2, 8, 4, 4, 4, 4, 2, 0, 2, 0, 0, 0, 2]",up,8
18,40,"[2, 2, 8, 2, 8, 4, 0, 4, 4, 2, 0, 4, 0, 2, 0, 0]",up,8
19,52,"[2, 2, 8, 2, 8, 4, 0, 8, 4, 4, 0, 0, 0, 2, 0, 0]",up,8
20,60,"[2, 2, 8, 2, 8, 8, 0, 8, 4, 2, 0, 2, 0, 0, 0, 0]",up,8
21,60,"[0, 0, 0, 0, 2, 2, 0, 2, 8, 8, 2, 8, 4, 2, 8, 2]",down,8
22,60,"[2, 2, 2, 2, 8, 8, 8, 8, 4, 2, 0, 2, 0, 0, 2, 0]",up,8
23,60,"[2, 2, 2, 2, 8, 8, 8, 8, 4, 2, 2, 2, 2, 0, 0, 0]",up,8
24,60,"[2, 0, 0, 2, 8, 2, 2, 2, 4, 8, 8, 8, 2, 2, 2, 2]",down,8
25,64,"[2, 2, 2, 4, 8, 8, 8, 8, 4, 2, 2, 2, 2, 2, 0, 0]",up,8
26,68,"[2, 2, 2, 4, 8, 8, 8, 8, 4, 4, 2, 2, 2, 2, 0, 0]",up,8
27,68,"[2, 2, 0, 2, 8, 8, 2, 4, 4, 4, 8, 8, 2, 2, 2, 2]",down,8
28,68,"[2, 2, 2, 2, 8, 8, 8, 4, 4, 4, 2, 8, 2, 2, 2, 2]",up,8
29,72,"[2, 2, 2, 2, 8, 8, 8, 4, 4, 4, 4, 8, 2, 2, 4, 2]",up,8
30,80,"[2, 2, 2, 2, 8, 8, 8, 4, 4, 4, 8, 8, 2, 2, 2, 2]",up,8
31,96,"[2, 2, 2, 2, 8, 8, 16, 4, 4, 4, 2, 8, 2, 2, 4, 2]",up,16
32,132,"[4, 4, 2, 0, 16, 16, 4, 0, 8, 2, 8, 0, 4, 4, 2, 0]",left,16
33,180,"[8, 2, 0, 2, 32, 4, 0, 0, 8, 2, 8, 0, 8, 2, 0, 0]",left,32
34,200,"[8, 2, 8, 2, 32, 4, 0, 0, 16, 4, 0, 0, 0, 0, 2, 0]",up,32
35,208,"[8, 2, 8, 2, 32, 8, 2, 0, 16, 0, 0, 0, 0, 2, 0, 0]",up,32
36,208,"[8, 2, 8, 2, 32, 8, 2, 0, 16, 2, 0, 0, 0, 0, 2, 0]",up,32
37,212,"[8, 2, 8, 2, 32, 8, 4, 2, 16, 2, 0, 0, 0, 0, 0, 0]",up,32
38,216,"[8, 2, 8, 4, 32, 8, 4, 0, 16, 2, 0, 0, 0, 0, 2, 0]",up,32
39,216,"[8, 2, 8, 4, 32, 8, 4, 2, 16, 2, 2, 0, 0, 0, 0, 0]",up,32
40,216,"[0, 0, 0, 0, 8, 2, 8, 2, 32, 8, 4, 4, 16, 2, 2, 2]",down,32
41,216,"[8, 2, 8, 2, 32, 8, 4, 4, 16, 2, 2, 2, 0, 0, 2, 0]",up,32
42,220,"[8, 2, 8, 2, 32, 8, 4, 4, 16, 2, 4, 2, 2, 0, 0, 0]",up,32
43,228,"[8, 2, 8, 2, 32, 8, 8, 4, 16, 2, 2, 2, 2, 0, 0, 0]",up,32
44,244,"[8, 2, 16, 2, 32, 8, 2, 4, 16, 2, 0, 2, 2, 0, 0, 2]",up,32
45,248,"[8, 2, 16, 2, 32, 8, 2, 4, 16, 2, 0, 4, 2, 2, 0, 0]",up,32
46,260,"[8, 2, 16, 2, 32, 8, 2, 8, 16, 4, 0, 2, 2, 0, 0, 0]",up,32
47,260,"[8, 0, 2, 0, 32, 2, 0, 2, 16, 8, 16, 8, 2, 4, 2, 2]",down,32
48,260,"[8, 2, 2, 2, 32, 8, 16, 8, 16, 4, 2, 2, 2, 0, 0, 2]",up,32
49,264,"[8, 2, 2, 2, 32, 8, 16, 8, 16, 4, 2, 4, 2, 0, 2, 0]",up,32
50,268,"[8, 2, 2, 2, 32, 8, 16, 8, 16, 4, 4, 4, 2, 0, 4, 0]",up,32
51,276,"[8, 2, 2, 2, 32, 8, 16, 8, 16, 4, 8, 4, 2, 0, 2, 0]",up,32
52,276,"[8, 0, 2, 2, 32, 2, 16, 2, 16, 8, 8, 8, 2, 4, 2, 4]",down,32
53,280,"[8, 2, 2, 4, 32, 8, 16, 8, 16, 4, 8, 4, 2, 2, 2, 0]",up,32
54,280,"[8, 2, 2, 2, 32, 8, 16, 4, 16, 4, 8, 8, 2, 2, 2, 4]",down,32
55,304,"[8, 4, 2, 0, 32, 8, 16, 4, 16, 4, 16, 0, 4, 2, 4, 2]",left,32
56,336,"[8, 4, 2, 4, 32, 8, 32, 2, 16, 4, 4, 0, 4, 2, 2, 0]",up,32
57,336,"[8, 4, 2, 0, 32, 8, 32, 2, 16, 4, 4, 4, 4, 2, 2, 2]",down,32
58,336,"[8, 4, 2, 2, 32, 8, 32, 4, 16, 4, 4, 2, 4, 2, 2, 2]",up,32
59,340,"[8, 4, 2, 2, 32, 8, 32, 4, 16, 4, 4, 4, 4, 2, 2, 2]",up,32
60,348,"[8, 4, 2, 2, 32, 8, 32, 8, 16, 4, 4, 2, 4, 2, 2, 2]",up,32
61,352,"[8, 4, 2, 2, 32, 8, 32, 8, 16, 4, 4, 4, 4, 2, 2, 2]",up,32
62,368,"[8, 4, 4, 0, 32, 8, 32, 8, 16, 8, 4, 0, 4, 4, 2, 2]",left,32
63,384,"[8, 4, 4, 8, 32, 16, 32, 2, 16, 4, 4, 0, 4, 0, 2, 4]",up,32
64,384,"[8, 4, 4, 8, 32, 16, 32, 2, 16, 4, 4, 4, 4, 0, 2, 2]",up,32
65,384,"[8, 2, 4, 8, 32, 4, 32, 2, 16, 16, 4, 4, 4, 4, 2, 2]",down,32
66,436,"[8, 2, 4, 8, 32, 4, 32, 2, 32, 8, 0, 2, 8, 4, 0, 0]",left,32
67,504,"[8, 2, 4, 8, 64, 4, 32, 4, 8, 8, 0, 0, 0, 4, 0, 2]",up,64
68,504,"[8, 2, 4, 8, 64, 4, 32, 4, 8, 8, 2, 2, 0, 4, 0, 0]",up,64
69,504,"[0, 2, 2, 0, 8, 4, 4, 8, 64, 8, 32, 4, 8, 4, 2, 2]",down,64
70,504,"[8, 2, 2, 8, 64, 4, 4, 4, 8, 8, 32, 2, 2, 4, 2, 0]",up,64
71,504,"[8, 2, 2, 2, 64, 4, 4, 8, 8, 8, 32, 4, 2, 4, 2, 2]",down,64
72,536,"[8, 4, 2, 2, 64, 8, 8, 0, 16, 32, 4, 0, 2, 4, 4, 0]",left,64
73,544,"[8, 4, 2, 2, 64, 8, 8, 0, 16, 32, 8, 2, 2, 4, 0, 0]",up,64
74,564,"[8, 4, 2, 4, 64, 8, 16, 4, 16, 32, 0, 0, 2, 4, 0, 0]",up,64
75,572,"[8, 4, 2, 8, 64, 8, 16, 0, 16, 32, 2, 0, 2, 4, 0, 0]",up,64
76,572,"[8, 4, 0, 0, 64, 8, 2, 2, 16, 32, 16, 0, 2, 4, 2, 8]",down,64
77,572,"[8, 4, 2, 2, 64, 8, 16, 8, 16, 32, 2, 2, 2, 4, 0, 0]",up,64
78,572,"[8, 4, 0, 2, 64, 8, 2, 2, 16, 32, 16, 8, 2, 4, 2, 2]",down,64
79,576,"[8, 4, 2, 4, 64, 8, 16, 8, 16, 32, 2, 2, 2, 4, 2, 0]",up,64
80,580,"[8, 4, 2, 4, 64, 8, 16, 8, 16, 32, 4, 2, 2, 4, 0, 2]",up,64
81,584,"[8, 4, 2, 4, 64, 8, 16, 8, 16, 32, 4, 4, 2, 4, 0, 2]",up,64
82,584,"[8, 4, 2, 4, 64, 8, 2, 8, 16, 32, 16, 4, 2, 4, 4, 2]",down,64
83,588,"[8, 4, 4, 4, 64, 8, 16, 8, 16, 32, 4, 4, 2, 4, 2, 2]",up,64
84,608,"[8, 8, 4, 0, 64, 8, 16, 8, 16, 32, 8, 2, 2, 4, 4, 0]",left,64
85,624,"[8, 16, 4, 8, 64, 32, 16, 2, 16, 4, 8, 0, 2, 2, 4, 0]",up,64
86,624,"[8, 16, 4, 0, 64, 32, 16, 2, 16, 4, 8, 8, 2, 2, 4, 2]",down,64
87,624,"[8, 16, 4, 2, 64, 32, 16, 8, 16, 4, 8, 2, 2, 2, 4, 2]",up,64
88,628,"[8, 16, 4, 2, 64, 32, 16, 8, 16, 4, 8, 4, 2, 2, 4, 4]",up,64
89,636,"[8, 16, 4, 2, 64, 32, 16, 8, 16, 4, 8, 8, 2, 2, 4, 2]",up,64
90,652,"[8, 16, 4, 2, 64, 32, 16, 16, 16, 4, 8, 2, 2, 2, 4, 2]",up,64
91,656,"[8, 16, 4, 2, 64, 32, 16, 16, 16, 4, 8, 4, 2, 2, 4, 2]",up,64
92,692,"[8, 16, 4, 2, 64, 32, 32, 2, 16, 4, 8, 4, 4, 4, 2, 0]",left,64
93,704,"[8, 16, 4, 4, 64, 32, 32, 4, 16, 8, 8, 0, 4, 2, 2, 0]",up,64
94,712,"[8, 16, 4, 8, 64, 32, 32, 0, 16, 8, 8, 0, 4, 2, 2, 2]",up,64
95,712,"[8, 16, 4, 8, 64, 32, 32, 2, 16, 8, 8, 2, 4, 2, 2, 0]",up,64
96,716,"[8, 16, 4, 8, 64, 32, 32, 4, 16, 8, 8, 0, 4, 2, 2, 2]",up,64
97,716,"[8, 16, 4, 8, 64, 32, 32, 4, 16, 8, 8, 2, 4, 2, 2, 2]",up,64
98,720,"[8, 16, 4, 8, 64, 32, 32, 4, 16, 8, 8, 4, 4, 2, 2, 2]",up,64
99,728,"[8, 16, 4, 8, 64, 32, 32, 8, 16, 8, 8, 2, 4, 2, 2, 2]",up,64
100,748,"[8, 16, 4, 16, 64, 32, 32, 4, 16, 8, 8, 2, 4, 2, 2, 0]",up,64
101,748,"[8, 16, 4, 2, 64, 32, 32, 16, 16, 8, 8, 4, 4, 2, 2, 2]",down,64
102,832,"[8, 16, 4, 2, 64, 64, 16, 2, 16, 16, 4, 0, 4, 4, 2, 0]",left,64
103,836,"[8, 16, 4, 4, 64, 64, 16, 0, 16, 16, 4, 2, 4, 4, 2, 0]",up,64
104,836,"[8, 16, 4, 4, 64, 64, 16, 2, 16, 16, 4, 2, 4, 4, 2, 0]",up,64
105,840,"[8, 16, 4, 4, 64, 64, 16, 4, 16, 16, 4, 0, 4, 4, 2, 2]",up,64
106,848,"[8, 16, 4, 8, 64, 64, 16, 2, 16, 16, 4, 2, 4, 4, 2, 0]",up,64
107,852,"[8, 16, 4, 8, 64, 64, 16, 4, 16, 16, 4, 4, 4, 4, 2, 0]",up,64
108,860,"[8, 16, 4, 8, 64, 64, 16, 8, 16, 16, 4, 4, 4, 4, 2, 0]",up,64
109,876,"[8, 16, 4, 16, 64, 64, 16, 4, 16, 16, 4, 0, 4, 4, 2, 2]",up,64
110,876,"[8, 16, 4, 16, 64, 64, 16, 4, 16, 16, 4, 2, 4, 4, 2, 2]",up,64
111,880,"[8, 16, 4, 16, 64, 64, 16, 4, 16, 16, 4, 4, 4, 4, 2, 2]",up,64
112,888,"[8, 16, 4, 16, 64, 64, 16, 8, 16, 16, 4, 2, 4, 4, 2, 2]",up,64
113,892,"[8, 16, 4, 16, 64, 64, 16, 8, 16, 16, 4, 4, 4, 4, 2, 4]",up,64
114,900,"[8, 16, 4, 16, 64, 64, 16, 8, 16, 16, 4, 8, 4, 4, 2, 2]",up,64
115,916,"[8, 16, 4, 16, 64, 64, 16, 16, 16, 16, 4, 2, 4, 4, 2, 2]",up,64
116,952,"[8, 16, 4, 32, 64, 64, 16, 4, 16, 16, 4, 0, 4, 4, 2, 2]",up,64
117,952,"[8, 16, 4, 32, 64, 64, 16, 4, 16, 16, 4, 2, 4, 4, 2, 2]",up,64
118,956,"[8, 16, 4, 32, 64, 64, 16, 4, 16, 16, 4, 4, 4, 4, 2, 4]",up,64
119,964,"[8, 16, 4, 32, 64, 64, 16, 8, 16, 16, 4, 4, 4, 4, 2, 2]",up,64
120,1144,"[8, 16, 4, 32, 128, 16, 8, 2, 32, 8, 0, 0, 8, 4, 0, 0]",left,128
121,1176,"[8, 32, 4, 32, 128, 8, 8, 2, 32, 4, 0, 2, 8, 0, 0, 0]",up,128
122,1180,"[8, 32, 4, 32, 128, 8, 8, 4, 32, 4, 0, 0, 8, 0, 0, 2]",up,128
123,1180,"[8, 32, 4, 32, 128, 8, 8, 4, 32, 4, 0, 2, 8, 0, 2, 0]",up,128
124,1180,"[8, 32, 4, 32, 128, 8, 8, 4, 32, 4, 2, 2, 8, 2, 0, 0]",up,128
125,1180,"[8, 32, 2, 0, 128, 8, 4, 32, 32, 4, 8, 4, 8, 2, 2, 2]",down,128
126,1180,"[8, 32, 2, 32, 128, 8, 4, 4, 32, 4, 8, 2, 8, 2, 2, 2]",up,128
127,1184,"[8, 32, 2, 32, 128, 8, 4, 4, 32, 4, 8, 4, 8, 2, 2, 2]",up,128
128,1192,"[8, 32, 2, 32, 128, 8, 4, 8, 32, 4, 8, 2, 8, 2, 2, 2]",up,128
129,1196,"[8, 32, 2, 32, 128, 8, 4, 8, 32, 4, 8, 4, 8, 2, 2, 2]",up,128
130,1200,"[8, 32, 2, 32, 128, 8, 4, 8, 32, 4, 8, 4, 8, 4, 2, 2]",left,128
131,1208,"[8, 32, 2, 32, 128, 8, 4, 8, 32, 8, 8, 4, 8, 2, 2, 2]",up,128
132,1224,"[8, 32, 2, 32, 128, 16, 4, 8, 32, 2, 8, 4, 8, 2, 2, 2]",up,128
133,1228,"[8, 32, 2, 32, 128, 16, 4, 8, 32, 4, 8, 4, 8, 4, 2, 2]",up,128
134,1236,"[8, 32, 2, 32, 128, 16, 4, 8, 32, 8, 8, 4, 8, 2, 2, 2]",up,128
135,1256,"[8, 32, 2, 32, 128, 16, 4, 8, 32, 16, 4, 0, 8, 4, 2, 2]",left,128
136,1296,"[8, 32, 2, 32, 128, 32, 8, 8, 32, 4, 2, 2, 8, 2, 0, 0]",up,128
137,1360,"[8, 64, 2, 32, 128, 4, 8, 8, 32, 2, 2, 2, 8, 4, 0, 0]",up,128
138,1360,"[8, 64, 0, 2, 128, 4, 2, 32, 32, 2, 8, 8, 8, 4, 2, 2]",down,128
139,1360,"[8, 64, 2, 2, 128, 4, 8, 32, 32, 2, 2, 8, 8, 4, 2, 2]",up,128
140,1364,"[8, 64, 2, 2, 128, 4, 8, 32, 32, 2, 4, 8, 8, 4, 2, 2]",up,128
141,1372,"[8, 64, 4, 2, 128, 4, 8, 32, 32, 2, 4, 8, 8, 4, 4, 0]",left,128
142,1380,"[8, 64, 4, 2, 128, 4, 8, 32, 32, 2, 8, 8, 8, 4, 2, 0]",up,128
143,1396,"[8, 64, 4, 2, 128, 4, 16, 32, 32, 2, 2, 8, 8, 4, 0, 2]",up,128
144,1396,"[8, 64, 2, 2, 128, 4, 4, 32, 32, 2, 16, 8, 8, 4, 2, 2]",down,128
145,1412,"[8, 64, 4, 0, 128, 8, 32, 0, 32, 2, 16, 8, 8, 4, 4, 2]",left,128
146,1412,"[8, 64, 4, 8, 128, 8, 32, 2, 32, 2, 16, 4, 8, 4, 4, 0]",up,128
147,1412,"[8, 64, 4, 2, 128, 8, 32, 8, 32, 2, 16, 2, 8, 4, 4, 4]",down,128
148,1420,"[8, 64, 4, 2, 128, 8, 32, 8, 32, 2, 16, 2, 8, 8, 4, 2]",left,128
149,1424,"[8, 64, 4, 2, 128, 8, 32, 8, 32, 2, 16, 4, 8, 8, 4, 2]",up,128
150,1440,"[8, 64, 4, 2, 128, 8, 32, 8, 32, 2, 16, 4, 16, 4, 2, 2]",left,128
151,1444,"[8, 64, 4, 2, 128, 8, 32, 8, 32, 2, 16, 4, 16, 4, 4, 2]",left,128
152,1452,"[8, 64, 4, 2, 128, 8, 32, 8, 32, 2, 16, 4, 16, 8, 2, 4]",left,128
153,1460,"[8, 64, 4, 2, 128, 8, 32, 8, 32, 2, 16, 8, 16, 8, 2, 2]",up,128
154,1476,"[8, 64, 4, 2, 128, 8, 32, 16, 32, 2, 16, 2, 16, 8, 2, 2]",up,128
155,1480,"[8, 64, 4, 2, 128, 8, 32, 16, 32, 2, 16, 4, 16, 8, 2, 2]",up,128
156,1484,"[8, 64, 4, 2, 128, 8, 32, 16, 32, 2, 16, 4, 16, 8, 4, 4]",left,128
157,1492,"[8, 64, 4, 2, 128, 8, 32, 16, 32, 2, 16, 8, 16, 8, 4, 2]",up,128
1,0,"[4, 0, 0, 0, 0, 0, 0, 0, 0, 0, 0, 0, 0, 0, 2, 0]",up,4
2,0,"[4, 0, 2, 0, 0, 0, 2, 0, 0, 0, 0, 0, 0, 0, 0, 0]",up,4
3,4,"[4, 0, 4, 0, 0, 0, 0, 0, 0, 2, 0, 0, 0, 0, 0, 0]",up,4
4,4,"[4, 2, 4, 0, 0, 0, 0, 0, 0, 0, 2, 0, 0, 0, 0, 0]",up,4
5,4,"[4, 2, 4, 0, 0, 0, 2, 2, 0, 0, 0, 0, 0, 0, 0, 0]",up,4
6,4,"[4, 2, 4, 2, 0, 0, 2, 0, 0, 0, 0, 0, 2, 0, 0, 0]",up,4
7,4,"[4, 2, 4, 2, 2, 0, 2, 0, 0, 0, 0, 0, 2, 0, 0, 0]",up,4
8,8,"[4, 2, 4, 2, 4, 0, 2, 0, 0, 0, 0, 0, 0, 0, 0, 2]",up,4
9,20,"[8, 2, 4, 4, 0, 0, 2, 0, 0, 0, 0, 0, 2, 0, 0, 0]",up,8
10,20,"[8, 2, 4, 4, 2, 0, 2, 0, 0, 4, 0, 0, 0, 0, 0, 0]",up,8
11,20,"[8, 2, 4, 4, 2, 4, 2, 0, 2, 0, 0, 0, 0, 0, 0, 0]",up,8
12,24,"[8, 2, 4, 4, 4, 4, 2, 2, 0, 0, 0, 0, 0, 0, 0, 0]",up,8
13,24,"[2, 0, 0, 0, 0, 0, 0, 0, 8, 2, 4, 4, 4, 4, 2, 2]",down,8
14,24,"[2, 2, 4, 4, 8, 4, 2, 2, 4, 2, 0, 0, 0, 0, 0, 0]",up,8
15,24,"[0, 0, 0, 0, 2, 2, 0, 2, 8, 4, 4, 4, 4, 2, 2, 2]",down,8
16,24,"[2, 2, 4, 2, 8, 4, 2, 4, 4, 2, 0, 2, 0, 0, 2, 0]",up,8
17,28,"[2, 2, 4, 2, 8, 4, 4, 4, 4, 2, 0, 2, 0, 0, 0, 2]",up,8
18,40,"[2, 2, 8, 2, 8, 4, 0, 4, 4, 2, 0, 4, 0, 2, 0, 0]",up,8
19,52,"[2, 2, 8, 2, 8, 4, 0, 8, 4, 4, 0, 0, 0, 2, 0, 0]",up,8
1,0,"[4, 0, 0, 0, 0, 0, 0, 0, 0, 0, 0, 0, 0, 0, 2, 0]",up,4
2,0,"[4, 0, 2, 0, 0, 0, 2, 0, 0, 0, 0, 0, 0, 0, 0, 0]",up,4
3,4,"[4, 0, 4, 0, 0, 0, 0, 0, 0, 2, 0, 0, 0, 0, 0, 0]",up,4
4,4,"[4, 2, 4, 0, 0, 0, 0, 0, 0, 0, 2, 0, 0, 0, 0, 0]",up,4
5,4,"[4, 2, 4, 0, 0, 0, 2, 2, 0, 0, 0, 0, 0, 0, 0, 0]",up,4
6,4,"[4, 2, 4, 2, 0, 0, 2, 0, 0, 0, 0, 0, 2, 0, 0, 0]",up,4
7,4,"[4, 2, 4, 2, 2, 0, 2, 0, 0, 0, 0, 0, 2, 0, 0, 0]",up,4
8,8,"[4, 2, 4, 2, 4, 0, 2, 0, 0, 0, 0, 0, 0, 0, 0, 2]",up,4
9,20,"[8, 2, 4, 4, 0, 0, 2, 0, 0, 0, 0, 0, 2, 0, 0, 0]",up,8
10,20,"[8, 2, 4, 4, 2, 0, 2, 0, 0, 4, 0, 0, 0, 0, 0, 0]",up,8
11,20,"[8, 2, 4, 4, 2, 4, 2, 0, 2, 0, 0, 0, 0, 0, 0, 0]",up,8
12,24,"[8, 2, 4, 4, 4, 4, 2, 2, 0, 0, 0, 0, 0, 0, 0, 0]",up,8
13,24,"[2, 0, 0, 0, 0, 0, 0, 0, 8, 2, 4, 4, 4, 4, 2, 2]",down,8
14,24,"[2, 2, 4, 4, 8, 4, 2, 2, 4, 2, 0, 0, 0, 0, 0, 0]",up,8
15,24,"[0, 0, 0, 0, 2, 2, 0, 2, 8, 4, 4, 4, 4, 2, 2, 2]",down,8
16,24,"[2, 2, 4, 2, 8, 4, 2, 4, 4, 2, 0, 2, 0, 0, 2, 0]",up,8
17,28,"[2, 2, 4, 2, 8, 4, 4, 4, 4, 2, 0, 2, 0, 0, 0, 2]",up,8
18,40,"[2, 2, 8, 2, 8, 4, 0, 4, 4, 2, 0, 4, 0, 2, 0, 0]",up,8
19,52,"[2, 2, 8, 2, 8, 4, 0, 8, 4, 4, 0, 0, 0, 2, 0, 0]",up,8
20,60,"[2, 2, 8, 2, 8, 8, 0, 8, 4, 2, 0, 2, 0, 0, 0, 0]",up,8
21,60,"[0, 0, 0, 0, 2, 2, 0, 2, 8, 8, 2, 8, 4, 2, 8, 2]",down,8
22,60,"[2, 2, 2, 2, 8, 8, 8, 8, 4, 2, 0, 2, 0, 0, 2, 0]",up,8
23,60,"[2, 2, 2, 2, 8, 8, 8, 8, 4, 2, 2, 2, 2, 0, 0, 0]",up,8
24,60,"[2, 0, 0, 2, 8, 2, 2, 2, 4, 8, 8, 8, 2, 2, 2, 2]",down,8
25,64,"[2, 2, 2, 4, 8, 8, 8, 8, 4, 2, 2, 2, 2, 2, 0, 0]",up,8
26,68,"[2, 2, 2, 4, 8, 8, 8, 8, 4, 4, 2, 2, 2, 2, 0, 0]",up,8
27,68,"[2, 2, 0, 2, 8, 8, 2, 4, 4, 4, 8, 8, 2, 2, 2, 2]",down,8
28,68,"[2, 2, 2, 2, 8, 8, 8, 4, 4, 4, 2, 8, 2, 2, 2, 2]",up,8
29,72,"[2, 2, 2, 2, 8, 8, 8, 4, 4, 4, 4, 8, 2, 2, 4, 2]",up,8
30,80,"[2, 2, 2, 2, 8, 8, 8, 4, 4, 4, 8, 8, 2, 2, 2, 2]",up,8
31,96,"[2, 2, 2, 2, 8, 8, 16, 4, 4, 4, 2, 8, 2, 2, 4, 2]",up,16
32,132,"[4, 4, 2, 0, 16, 16, 4, 0, 8, 2, 8, 0, 4, 4, 2, 0]",left,16
33,180,"[8, 2, 0, 2, 32, 4, 0, 0, 8, 2, 8, 0, 8, 2, 0, 0]",left,32
34,200,"[8, 2, 8, 2, 32, 4, 0, 0, 16, 4, 0, 0, 0, 0, 2, 0]",up,32
35,208,"[8, 2, 8, 2, 32, 8, 2, 0, 16, 0, 0, 0, 0, 2, 0, 0]",up,32
36,208,"[8, 2, 8, 2, 32, 8, 2, 0, 16, 2, 0, 0, 0, 0, 2, 0]",up,32
37,212,"[8, 2, 8, 2, 32, 8, 4, 2, 16, 2, 0, 0, 0, 0, 0, 0]",up,32
38,216,"[8, 2, 8, 4, 32, 8, 4, 0, 16, 2, 0, 0, 0, 0, 2, 0]",up,32
39,216,"[8, 2, 8, 4, 32, 8, 4, 2, 16, 2, 2, 0, 0, 0, 0, 0]",up,32
40,216,"[0, 0, 0, 0, 8, 2, 8, 2, 32, 8, 4, 4, 16, 2, 2, 2]",down,32
41,216,"[8, 2, 8, 2, 32, 8, 4, 4, 16, 2, 2, 2, 0, 0, 2, 0]",up,32
42,220,"[8, 2, 8, 2, 32, 8, 4, 4, 16, 2, 4, 2, 2, 0, 0, 0]",up,32
43,228,"[8, 2, 8, 2, 32, 8, 8, 4, 16, 2, 2, 2, 2, 0, 0, 0]",up,32
44,244,"[8, 2, 16, 2, 32, 8, 2, 4, 16, 2, 0, 2, 2, 0, 0, 2]",up,32
45,248,"[8, 2, 16, 2, 32, 8, 2, 4, 16, 2, 0, 4, 2, 2, 0, 0]",up,32
46,260,"[8, 2, 16, 2, 32, 8, 2, 8, 16, 4, 0, 2, 2, 0, 0, 0]",up,32
47,260,"[8, 0, 2, 0, 32, 2, 0, 2, 16, 8, 16, 8, 2, 4, 2, 2]",down,32
48,260,"[8, 2, 2, 2, 32, 8, 16, 8, 16, 4, 2, 2, 2, 0, 0, 2]",up,32
49,264,"[8, 2, 2, 2, 32, 8, 16, 8, 16, 4, 2, 4, 2, 0, 2, 0]",up,32
50,268,"[8, 2, 2, 2, 32, 8, 16, 8, 16, 4, 4, 4, 2, 0, 4, 0]",up,32
51,276,"[8, 2, 2, 2, 32, 8, 16, 8, 16, 4, 8, 4, 2, 0, 2, 0]",up,32
52,276,"[8, 0, 2, 2, 32, 2, 16, 2, 16, 8, 8, 8, 2, 4, 2, 4]",down,32
53,280,"[8, 2, 2, 4, 32, 8, 16, 8, 16, 4, 8, 4, 2, 2, 2, 0]",up,32
54,280,"[8, 2, 2, 2, 32, 8, 16, 4, 16, 4, 8, 8, 2, 2, 2, 4]",down,32
55,304,"[8, 4, 2, 0, 32, 8, 16, 4, 16, 4, 16, 0, 4, 2, 4, 2]",left,32
56,336,"[8, 4, 2, 4, 32, 8, 32, 2, 16, 4, 4, 0, 4, 2, 2, 0]",up,32
57,336,"[8, 4, 2, 0, 32, 8, 32, 2, 16, 4, 4, 4, 4, 2, 2, 2]",down,32
58,336,"[8, 4, 2, 2, 32, 8, 32, 4, 16, 4, 4, 2, 4, 2, 2, 2]",up,32
59,340,"[8, 4, 2, 2, 32, 8, 32, 4, 16, 4, 4, 4, 4, 2, 2, 2]",up,32
60,348,"[8, 4, 2, 2, 32, 8, 32, 8, 16, 4, 4, 2, 4, 2, 2, 2]",up,32
61,352,"[8, 4, 2, 2, 32, 8, 32, 8, 16, 4, 4, 4, 4, 2, 2, 2]",up,32
62,368,"[8, 4, 4, 0, 32, 8, 32, 8, 16, 8, 4, 0, 4, 4, 2, 2]",left,32
63,384,"[8, 4, 4, 8, 32, 16, 32, 2, 16, 4, 4, 0, 4, 0, 2, 4]",up,32
64,384,"[8, 4, 4, 8, 32, 16, 32, 2, 16, 4, 4, 4, 4, 0, 2, 2]",up,32
65,384,"[8, 2, 4, 8, 32, 4, 32, 2, 16, 16, 4, 4, 4, 4, 2, 2]",down,32
66,436,"[8, 2, 4, 8, 32, 4, 32, 2, 32, 8, 0, 2, 8, 4, 0, 0]",left,32
67,504,"[8, 2, 4, 8, 64, 4, 32, 4, 8, 8, 0, 0, 0, 4, 0, 2]",up,64
68,504,"[8, 2, 4, 8, 64, 4, 32, 4, 8, 8, 2, 2, 0, 4, 0, 0]",up,64
69,504,"[0, 2, 2, 0, 8, 4, 4, 8, 64, 8, 32, 4, 8, 4, 2, 2]",down,64
70,504,"[8, 2, 2, 8, 64, 4, 4, 4, 8, 8, 32, 2, 2, 4, 2, 0]",up,64
71,504,"[8, 2, 2, 2, 64, 4, 4, 8, 8, 8, 32, 4, 2, 4, 2, 2]",down,64
72,536,"[8, 4, 2, 2, 64, 8, 8, 0, 16, 32, 4, 0, 2, 4, 4, 0]",left,64
73,544,"[8, 4, 2, 2, 64, 8, 8, 0, 16, 32, 8, 2, 2, 4, 0, 0]",up,64
74,564,"[8, 4, 2, 4, 64, 8, 16, 4, 16, 32, 0, 0, 2, 4, 0, 0]",up,64
75,572,"[8, 4, 2, 8, 64, 8, 16, 0, 16, 32, 2, 0, 2, 4, 0, 0]",up,64
76,572,"[8, 4, 0, 0, 64, 8, 2, 2, 16, 32, 16, 0, 2, 4, 2, 8]",down,64
77,572,"[8, 4, 2, 2, 64, 8, 16, 8, 16, 32, 2, 2, 2, 4, 0, 0]",up,64
78,572,"[8, 4, 0, 2, 64, 8, 2, 2, 16, 32, 16, 8, 2, 4, 2, 2]",down,64
79,576,"[8, 4, 2, 4, 64, 8, 16, 8, 16, 32, 2, 2, 2, 4, 2, 0]",up,64
80,580,"[8, 4, 2, 4, 64, 8, 16, 8, 16, 32, 4, 2, 2, 4, 0, 2]",up,64
81,584,"[8, 4, 2, 4, 64, 8, 16, 8, 16, 32, 4, 4, 2, 4, 0, 2]",up,64
82,584,"[8, 4, 2, 4, 64, 8, 2, 8, 16, 32, 16, 4, 2, 4, 4, 2]",down,64
83,588,"[8, 4, 4, 4, 64, 8, 16, 8, 16, 32, 4, 4, 2, 4, 2, 2]",up,64
84,608,"[8, 8, 4, 0, 64, 8, 16, 8, 16, 32, 8, 2, 2, 4, 4, 0]",left,64
85,624,"[8, 16, 4, 8, 64, 32, 16, 2, 16, 4, 8, 0, 2, 2, 4, 0]",up,64
86,624,"[8, 16, 4, 0, 64, 32, 16, 2, 16, 4, 8, 8, 2, 2, 4, 2]",down,64
87,624,"[8, 16, 4, 2, 64, 32, 16, 8, 16, 4, 8, 2, 2, 2, 4, 2]",up,64
88,628,"[8, 16, 4, 2, 64, 32, 16, 8, 16, 4, 8, 4, 2, 2, 4, 4]",up,64
89,636,"[8, 16, 4, 2, 64, 32, 16, 8, 16, 4, 8, 8, 2, 2, 4, 2]",up,64
90,652,"[8, 16, 4, 2, 64, 32, 16, 16, 16, 4, 8, 2, 2, 2, 4, 2]",up,64
91,656,"[8, 16, 4, 2, 64, 32, 16, 16, 16, 4, 8, 4, 2, 2, 4, 2]",up,64
92,692,"[8, 16, 4, 2, 64, 32, 32, 2, 16, 4, 8, 4, 4, 4, 2, 0]",left,64
93,704,"[8, 16, 4, 4, 64, 32, 32, 4, 16, 8, 8, 0, 4, 2, 2, 0]",up,64
94,712,"[8, 16, 4, 8, 64, 32, 32, 0, 16, 8, 8, 0, 4, 2, 2, 2]",up,64
95,712,"[8, 16, 4, 8, 64, 32, 32, 2, 16, 8, 8, 2, 4, 2, 2, 0]",up,64
96,716,"[8, 16, 4, 8, 64, 32, 32, 4, 16, 8, 8, 0, 4, 2, 2, 2]",up,64
97,716,"[8, 16, 4, 8, 64, 32, 32, 4, 16, 8, 8, 2, 4, 2, 2, 2]",up,64
98,720,"[8, 16, 4, 8, 64, 32, 32, 4, 16, 8, 8, 4, 4, 2, 2, 2]",up,64
99,728,"[8, 16, 4, 8, 64, 32, 32, 8, 16, 8, 8, 2, 4, 2, 2, 2]",up,64
100,748,"[8, 16, 4, 16, 64, 32, 32, 4, 16, 8, 8, 2, 4, 2, 2, 0]",up,64
101,748,"[8, 16, 4, 2, 64, 32, 32, 16, 16, 8, 8, 4, 4, 2, 2, 2]",down,64
102,832,"[8, 16, 4, 2, 64, 64, 16, 2, 16, 16, 4, 0, 4, 4, 2, 0]",left,64
103,836,"[8, 16, 4, 4, 64, 64, 16, 0, 16, 16, 4, 2, 4, 4, 2, 0]",up,64
104,836,"[8, 16, 4, 4, 64, 64, 16, 2, 16, 16, 4, 2, 4, 4, 2, 0]",up,64
105,840,"[8, 16, 4, 4, 64, 64, 16, 4, 16, 16, 4, 0, 4, 4, 2, 2]",up,64
106,848,"[8, 16, 4, 8, 64, 64, 16, 2, 16, 16, 4, 2, 4, 4, 2, 0]",up,64
107,852,"[8, 16, 4, 8, 64, 64, 16, 4, 16, 16, 4, 4, 4, 4, 2, 0]",up,64
108,860,"[8, 16, 4, 8, 64, 64, 16, 8, 16, 16, 4, 4, 4, 4, 2, 0]",up,64
109,876,"[8, 16, 4, 16, 64, 64, 16, 4, 16, 16, 4, 0, 4, 4, 2, 2]",up,64
110,876,"[8, 16, 4, 16, 64, 64, 16, 4, 16, 16, 4, 2, 4, 4, 2, 2]",up,64
111,880,"[8, 16, 4, 16, 64, 64, 16, 4, 16, 16, 4, 4, 4, 4, 2, 2]",up,64
112,888,"[8, 16, 4, 16, 64, 64, 16, 8, 16, 16, 4, 2, 4, 4, 2, 2]",up,64
113,892,"[8, 16, 4, 16, 64, 64, 16, 8, 16, 16, 4, 4, 4, 4, 2, 4]",up,64
114,900,"[8, 16, 4, 16, 64, 64, 16, 8, 16, 16, 4, 8, 4, 4, 2, 2]",up,64
115,916,"[8, 16, 4, 16, 64, 64, 16, 16, 16, 16, 4, 2, 4, 4, 2, 2]",up,64
116,952,"[8, 16, 4, 32, 64, 64, 16, 4, 16, 16, 4, 0, 4, 4, 2, 2]",up,64
117,952,"[8, 16, 4, 32, 64, 64, 16, 4, 16, 16, 4, 2, 4, 4, 2, 2]",up,64
118,956,"[8, 16, 4, 32, 64, 64, 16, 4, 16, 16, 4, 4, 4, 4, 2, 4]",up,64
119,964,"[8, 16, 4, 32, 64, 64, 16, 8, 16, 16, 4, 4, 4, 4, 2, 2]",up,64
120,1144,"[8, 16, 4, 32, 128, 16, 8, 2, 32, 8, 0, 0, 8, 4, 0, 0]",left,128
121,1176,"[8, 32, 4, 32, 128, 8, 8, 2, 32, 4, 0, 2, 8, 0, 0, 0]",up,128
122,1180,"[8, 32, 4, 32, 128, 8, 8, 4, 32, 4, 0, 0, 8, 0, 0, 2]",up,128
123,1180,"[8, 32, 4, 32, 128, 8, 8, 4, 32, 4, 0, 2, 8, 0, 2, 0]",up,128
124,1180,"[8, 32, 4, 32, 128, 8, 8, 4, 32, 4, 2, 2, 8, 2, 0, 0]",up,128
125,1180,"[8, 32, 2, 0, 128, 8, 4, 32, 32, 4, 8, 4, 8, 2, 2, 2]",down,128
126,1180,"[8, 32, 2, 32, 128, 8, 4, 4, 32, 4, 8, 2, 8, 2, 2, 2]",up,128
127,1184,"[8, 32, 2, 32, 128, 8, 4, 4, 32, 4, 8, 4, 8, 2, 2, 2]",up,128
128,1192,"[8, 32, 2, 32, 128, 8, 4, 8, 32, 4, 8, 2, 8, 2, 2, 2]",up,128
129,1196,"[8, 32, 2, 32, 128, 8, 4, 8, 32, 4, 8, 4, 8, 2, 2, 2]",up,128
130,1200,"[8, 32, 2, 32, 128, 8, 4, 8, 32, 4, 8, 4, 8, 4, 2, 2]",left,128
131,1208,"[8, 32, 2, 32, 128, 8, 4, 8, 32, 8, 8, 4, 8, 2, 2, 2]",up,128
132,1224,"[8, 32, 2, 32, 128, 16, 4, 8, 32, 2, 8, 4, 8, 2, 2, 2]",up,128
133,1228,"[8, 32, 2, 32, 128, 16, 4, 8, 32, 4, 8, 4, 8, 4, 2, 2]",up,128
134,1236,"[8, 32, 2, 32, 128, 16, 4, 8, 32, 8, 8, 4, 8, 2, 2, 2]",up,128
135,1256,"[8, 32, 2, 32, 128, 16, 4, 8, 32, 16, 4, 0, 8, 4, 2, 2]",left,128
136,1296,"[8, 32, 2, 32, 128, 32, 8, 8, 32, 4, 2, 2, 8, 2, 0, 0]",up,128
137,1360,"[8, 64, 2, 32, 128, 4, 8, 8, 32, 2, 2, 2, 8, 4, 0, 0]",up,128
138,1360,"[8, 64, 0, 2, 128, 4, 2, 32, 32, 2, 8, 8, 8, 4, 2, 2]",down,128
139,1360,"[8, 64, 2, 2, 128, 4, 8, 32, 32, 2, 2, 8, 8, 4, 2, 2]",up,128
140,1364,"[8, 64, 2, 2, 128, 4, 8, 32, 32, 2, 4, 8, 8, 4, 2, 2]",up,128
141,1372,"[8, 64, 4, 2, 128, 4, 8, 32, 32, 2, 4, 8, 8, 4, 4, 0]",left,128
142,1380,"[8, 64, 4, 2, 128, 4, 8, 32, 32, 2, 8, 8, 8, 4, 2, 0]",up,128
143,1396,"[8, 64, 4, 2, 128, 4, 16, 32, 32, 2, 2, 8, 8, 4, 0, 2]",up,128
144,1396,"[8, 64, 2, 2, 128, 4, 4, 32, 32, 2, 16, 8, 8, 4, 2, 2]",down,128
145,1412,"[8, 64, 4, 0, 128, 8, 32, 0, 32, 2, 16, 8, 8, 4, 4, 2]",left,128
146,1412,"[8, 64, 4, 8, 128, 8, 32, 2, 32, 2, 16, 4, 8, 4, 4, 0]",up,128
147,1412,"[8, 64, 4, 2, 128, 8, 32, 8, 32, 2, 16, 2, 8, 4, 4, 4]",down,128
148,1420,"[8, 64, 4, 2, 128, 8, 32, 8, 32, 2, 16, 2, 8, 8, 4, 2]",left,128
149,1424,"[8, 64, 4, 2, 128, 8, 32, 8, 32, 2, 16, 4, 8, 8, 4, 2]",up,128
150,1440,"[8, 64, 4, 2, 128, 8, 32, 8, 32, 2, 16, 4, 16, 4, 2, 2]",left,128
151,1444,"[8, 64, 4, 2, 128, 8, 32, 8, 32, 2, 16, 4, 16, 4, 4, 2]",left,128
152,1452,"[8, 64, 4, 2, 128, 8, 32, 8, 32, 2, 16, 4, 16, 8, 2, 4]",left,128
153,1460,"[8, 64, 4, 2, 128, 8, 32, 8, 32, 2, 16, 8, 16, 8, 2, 2]",up,128
154,1476,"[8, 64, 4, 2, 128, 8, 32, 16, 32, 2, 16, 2, 16, 8, 2, 2]",up,128
155,1480,"[8, 64, 4, 2, 128, 8, 32, 16, 32, 2, 16, 4, 16, 8, 2, 2]",up,128
156,1484,"[8, 64, 4, 2, 128, 8, 32, 16, 32, 2, 16, 4, 16, 8, 4, 4]",left,128
157,1492,"[8, 64, 4, 2, 128, 8, 32, 16, 32, 2, 16, 8, 16, 8, 4, 2]",up,128
1,0,"[4, 0, 0, 0, 0, 0, 0, 0, 0, 0, 0, 0, 0, 0, 2, 0]",up,4
2,0,"[4, 0, 2, 0, 0, 0, 2, 0, 0, 0, 0, 0, 0, 0, 0, 0]",up,4
3,4,"[4, 0, 4, 0, 0, 0, 0, 0, 0, 2, 0, 0, 0, 0, 0, 0]",up,4
4,4,"[4, 2, 4, 0, 0, 0, 0, 0, 0, 0, 2, 0, 0, 0, 0, 0]",up,4
5,4,"[4, 2, 4, 0, 0, 0, 2, 2, 0, 0, 0, 0, 0, 0, 0, 0]",up,4
6,4,"[4, 2, 4, 2, 0, 0, 2, 0, 0, 0, 0, 0, 2, 0, 0, 0]",up,4
7,4,"[4, 2, 4, 2, 2, 0, 2, 0, 0, 0, 0, 0, 2, 0, 0, 0]",up,4
8,8,"[4, 2, 4, 2, 4, 0, 2, 0, 0, 0, 0, 0, 0, 0, 0, 2]",up,4
9,20,"[8, 2, 4, 4, 0, 0, 2, 0, 0, 0, 0, 0, 2, 0, 0, 0]",up,8
10,20,"[8, 2, 4, 4, 2, 0, 2, 0, 0, 4, 0, 0, 0, 0, 0, 0]",up,8
11,20,"[8, 2, 4, 4, 2, 4, 2, 0, 2, 0, 0, 0, 0, 0, 0, 0]",up,8
12,24,"[8, 2, 4, 4, 4, 4, 2, 2, 0, 0, 0, 0, 0, 0, 0, 0]",up,8
13,24,"[2, 0, 0, 0, 0, 0, 0, 0, 8, 2, 4, 4, 4, 4, 2, 2]",down,8
14,24,"[2, 2, 4, 4, 8, 4, 2, 2, 4, 2, 0, 0, 0, 0, 0, 0]",up,8
15,24,"[0, 0, 0, 0, 2, 2, 0, 2, 8, 4, 4, 4, 4, 2, 2, 2]",down,8
16,24,"[2, 2, 4, 2, 8, 4, 2, 4, 4, 2, 0, 2, 0, 0, 2, 0]",up,8
17,28,"[2, 2, 4, 2, 8, 4, 4, 4, 4, 2, 0, 2, 0, 0, 0, 2]",up,8
18,40,"[2, 2, 8, 2, 8, 4, 0, 4, 4, 2, 0, 4, 0, 2, 0, 0]",up,8
19,52,"[2, 2, 8, 2, 8, 4, 0, 8, 4, 4, 0, 0, 0, 2, 0, 0]",up,8
20,60,"[2, 2, 8, 2, 8, 8, 0, 8, 4, 2, 0, 2, 0, 0, 0, 0]",up,8
21,60,"[0, 0, 0, 0, 2, 2, 0, 2, 8, 8, 2, 8, 4, 2, 8, 2]",down,8
22,60,"[2, 2, 2, 2, 8, 8, 8, 8, 4, 2, 0, 2, 0, 0, 2, 0]",up,8
23,60,"[2, 2, 2, 2, 8, 8, 8, 8, 4, 2, 2, 2, 2, 0, 0, 0]",up,8
24,60,"[2, 0, 0, 2, 8, 2, 2, 2, 4, 8, 8, 8, 2, 2, 2, 2]",down,8
25,64,"[2, 2, 2, 4, 8, 8, 8, 8, 4, 2, 2, 2, 2, 2, 0, 0]",up,8
26,68,"[2, 2, 2, 4, 8, 8, 8, 8, 4, 4, 2, 2, 2, 2, 0, 0]",up,8
27,68,"[2, 2, 0, 2, 8, 8, 2, 4, 4, 4, 8, 8, 2, 2, 2, 2]",down,8
28,68,"[2, 2, 2, 2, 8, 8, 8, 4, 4, 4, 2, 8, 2, 2, 2, 2]",up,8
29,72,"[2, 2, 2, 2, 8, 8, 8, 4, 4, 4, 4, 8, 2, 2, 4, 2]",up,8
30,80,"[2, 2, 2, 2, 8, 8, 8, 4, 4, 4, 8, 8, 2, 2, 2, 2]",up,8
31,96,"[2, 2, 2, 2, 8, 8, 16, 4, 4, 4, 2, 8, 2, 2, 4, 2]",up,16
32,132,"[4, 4, 2, 0, 16, 16, 4, 0, 8, 2, 8, 0, 4, 4, 2, 0]",left,16
33,180,"[8, 2, 0, 2, 32, 4, 0, 0, 8, 2, 8, 0, 8, 2, 0, 0]",left,32
34,200,"[8, 2, 8, 2, 32, 4, 0, 0, 16, 4, 0, 0, 0, 0, 2, 0]",up,32
35,208,"[8, 2, 8, 2, 32, 8, 2, 0, 16, 0, 0, 0, 0, 2, 0, 0]",up,32
36,208,"[8, 2, 8, 2, 32, 8, 2, 0, 16, 2, 0, 0, 0, 0, 2, 0]",up,32
37,212,"[8, 2, 8, 2, 32, 8, 4, 2, 16, 2, 0, 0, 0, 0, 0, 0]",up,32
38,216,"[8, 2, 8, 4, 32, 8, 4, 0, 16, 2, 0, 0, 0, 0, 2, 0]",up,32
39,216,"[8, 2, 8, 4, 32, 8, 4, 2, 16, 2, 2, 0, 0, 0, 0, 0]",up,32
40,216,"[0, 0, 0, 0, 8, 2, 8, 2, 32, 8, 4, 4, 16, 2, 2, 2]",down,32
41,216,"[8, 2, 8, 2, 32, 8, 4, 4, 16, 2, 2, 2, 0, 0, 2, 0]",up,32
42,220,"[8, 2, 8, 2, 32, 8, 4, 4, 16, 2, 4, 2, 2, 0, 0, 0]",up,32
43,228,"[8, 2, 8, 2, 32, 8, 8, 4, 16, 2, 2, 2, 2, 0, 0, 0]",up,32
44,244,"[8, 2, 16, 2, 32, 8, 2, 4, 16, 2, 0, 2, 2, 0, 0, 2]",up,32
45,248,"[8, 2, 16, 2, 32, 8, 2, 4, 16, 2, 0, 4, 2, 2, 0, 0]",up,32
46,260,"[8, 2, 16, 2, 32, 8, 2, 8, 16, 4, 0, 2, 2, 0, 0, 0]",up,32
47,260,"[8, 0, 2, 0, 32, 2, 0, 2, 16, 8, 16, 8, 2, 4, 2, 2]",down,32
48,260,"[8, 2, 2, 2, 32, 8, 16, 8, 16, 4, 2, 2, 2, 0, 0, 2]",up,32
49,264,"[8, 2, 2, 2, 32, 8, 16, 8, 16, 4, 2, 4, 2, 0, 2, 0]",up,32
50,268,"[8, 2, 2, 2, 32, 8, 16, 8, 16, 4, 4, 4, 2, 0, 4, 0]",up,32
51,276,"[8, 2, 2, 2, 32, 8, 16, 8, 16, 4, 8, 4, 2, 0, 2, 0]",up,32
52,276,"[8, 0, 2, 2, 32, 2, 16, 2, 16, 8, 8, 8, 2, 4, 2, 4]",down,32
53,280,"[8, 2, 2, 4, 32, 8, 16, 8, 16, 4, 8, 4, 2, 2, 2, 0]",up,32
54,280,"[8, 2, 2, 2, 32, 8, 16, 4, 16, 4, 8, 8, 2, 2, 2, 4]",down,32
55,304,"[8, 4, 2, 0, 32, 8, 16, 4, 16, 4, 16, 0, 4, 2, 4, 2]",left,32
56,336,"[8, 4, 2, 4, 32, 8, 32, 2, 16, 4, 4, 0, 4, 2, 2, 0]",up,32
57,336,"[8, 4, 2, 0, 32, 8, 32, 2, 16, 4, 4, 4, 4, 2, 2, 2]",down,32
58,336,"[8, 4, 2, 2, 32, 8, 32, 4, 16, 4, 4, 2, 4, 2, 2, 2]",up,32
59,340,"[8, 4, 2, 2, 32, 8, 32, 4, 16, 4, 4, 4, 4, 2, 2, 2]",up,32
60,348,"[8, 4, 2, 2, 32, 8, 32, 8, 16, 4, 4, 2, 4, 2, 2, 2]",up,32
61,352,"[8, 4, 2, 2, 32, 8, 32, 8, 16, 4, 4, 4, 4, 2, 2, 2]",up,32
62,368,"[8, 4, 4, 0, 32, 8, 32, 8, 16, 8, 4, 0, 4, 4, 2, 2]",left,32
63,384,"[8, 4, 4, 8, 32, 16, 32, 2, 16, 4, 4, 0, 4, 0, 2, 4]",up,32
64,384,"[8, 4, 4, 8, 32, 16, 32, 2, 16, 4, 4, 4, 4, 0, 2, 2]",up,32
65,384,"[8, 2, 4, 8, 32, 4, 32, 2, 16, 16, 4, 4, 4, 4, 2, 2]",down,32
66,436,"[8, 2, 4, 8, 32, 4, 32, 2, 32, 8, 0, 2, 8, 4, 0, 0]",left,32
67,504,"[8, 2, 4, 8, 64, 4, 32, 4, 8, 8, 0, 0, 0, 4, 0, 2]",up,64
68,504,"[8, 2, 4, 8, 64, 4, 32, 4, 8, 8, 2, 2, 0, 4, 0, 0]",up,64
69,504,"[0, 2, 2, 0, 8, 4, 4, 8, 64, 8, 32, 4, 8, 4, 2, 2]",down,64
70,504,"[8, 2, 2, 8, 64, 4, 4, 4, 8, 8, 32, 2, 2, 4, 2, 0]",up,64
71,504,"[8, 2, 2, 2, 64, 4, 4, 8, 8, 8, 32, 4, 2, 4, 2, 2]",down,64
72,536,"[8, 4, 2, 2, 64, 8, 8, 0, 16, 32, 4, 0, 2, 4, 4, 0]",left,64
73,544,"[8, 4, 2, 2, 64, 8, 8, 0, 16, 32, 8, 2, 2, 4, 0, 0]",up,64
74,564,"[8, 4, 2, 4, 64, 8, 16, 4, 16, 32, 0, 0, 2, 4, 0, 0]",up,64
75,572,"[8, 4, 2, 8, 64, 8, 16, 0, 16, 32, 2, 0, 2, 4, 0, 0]",up,64
76,572,"[8, 4, 0, 0, 64, 8, 2, 2, 16, 32, 16, 0, 2, 4, 2, 8]",down,64
77,572,"[8, 4, 2, 2, 64, 8, 16, 8, 16, 32, 2, 2, 2, 4, 0, 0]",up,64
78,572,"[8, 4, 0, 2, 64, 8, 2, 2, 16, 32, 16, 8, 2, 4, 2, 2]",down,64
79,576,"[8, 4, 2, 4, 64, 8, 16, 8, 16, 32, 2, 2, 2, 4, 2, 0]",up,64
80,580,"[8, 4, 2, 4, 64, 8, 16, 8, 16, 32, 4, 2, 2, 4, 0, 2]",up,64
81,584,"[8, 4, 2, 4, 64, 8, 16, 8, 16, 32, 4, 4, 2, 4, 0, 2]",up,64
82,584,"[8, 4, 2, 4, 64, 8, 2, 8, 16, 32, 16, 4, 2, 4, 4, 2]",down,64
83,588,"[8, 4, 4, 4, 64, 8, 16, 8, 16, 32, 4, 4, 2, 4, 2, 2]",up,64
84,608,"[8, 8, 4, 0, 64, 8, 16, 8, 16, 32, 8, 2, 2, 4, 4, 0]",left,64
85,624,"[8, 16, 4, 8, 64, 32, 16, 2, 16, 4, 8, 0, 2, 2, 4, 0]",up,64
86,624,"[8, 16, 4, 0, 64, 32, 16, 2, 16, 4, 8, 8, 2, 2, 4, 2]",down,64
87,624,"[8, 16, 4, 2, 64, 32, 16, 8, 16, 4, 8, 2, 2, 2, 4, 2]",up,64
88,628,"[8, 16, 4, 2, 64, 32, 16, 8, 16, 4, 8, 4, 2, 2, 4, 4]",up,64
89,636,"[8, 16, 4, 2, 64, 32, 16, 8, 16, 4, 8, 8, 2, 2, 4, 2]",up,64
90,652,"[8, 16, 4, 2, 64, 32, 16, 16, 16, 4, 8, 2, 2, 2, 4, 2]",up,64
91,656,"[8, 16, 4, 2, 64, 32, 16, 16, 16, 4, 8, 4, 2, 2, 4, 2]",up,64
92,692,"[8, 16, 4, 2, 64, 32, 32, 2, 16, 4, 8, 4, 4, 4, 2, 0]",left,64
93,704,"[8, 16, 4, 4, 64, 32, 32, 4, 16, 8, 8, 0, 4, 2, 2, 0]",up,64
94,712,"[8, 16, 4, 8, 64, 32, 32, 0, 16, 8, 8, 0, 4, 2, 2, 2]",up,64
95,712,"[8, 16, 4, 8, 64, 32, 32, 2, 16, 8, 8, 2, 4, 2, 2, 0]",up,64
96,716,"[8, 16, 4, 8, 64, 32, 32, 4, 16, 8, 8, 0, 4, 2, 2, 2]",up,64
97,716,"[8, 16, 4, 8, 64, 32, 32, 4, 16, 8, 8, 2, 4, 2, 2, 2]",up,64
98,720,"[8, 16, 4, 8, 64, 32, 32, 4, 16, 8, 8, 4, 4, 2, 2, 2]",up,64
99,728,"[8, 16, 4, 8, 64, 32, 32, 8, 16, 8, 8, 2, 4, 2, 2, 2]",up,64
100,748,"[8, 16, 4, 16, 64, 32, 32, 4, 16, 8, 8, 2, 4, 2, 2, 0]",up,64
101,748,"[8, 16, 4, 2, 64, 32, 32, 16, 16, 8, 8, 4, 4, 2, 2, 2]",down,64
102,832,"[8, 16, 4, 2, 64, 64, 16, 2, 16, 16, 4, 0, 4, 4, 2, 0]",left,64
103,836,"[8, 16, 4, 4, 64, 64, 16, 0, 16, 16, 4, 2, 4, 4, 2, 0]",up,64
104,836,"[8, 16, 4, 4, 64, 64, 16, 2, 16, 16, 4, 2, 4, 4, 2, 0]",up,64
105,840,"[8, 16, 4, 4, 64, 64, 16, 4, 16, 16, 4, 0, 4, 4, 2, 2]",up,64
106,848,"[8, 16, 4, 8, 64, 64, 16, 2, 16, 16, 4, 2, 4, 4, 2, 0]",up,64
107,852,"[8, 16, 4, 8, 64, 64, 16, 4, 16, 16, 4, 4, 4, 4, 2, 0]",up,64
108,860,"[8, 16, 4, 8, 64, 64, 16, 8, 16, 16, 4, 4, 4, 4, 2, 0]",up,64
109,876,"[8, 16, 4, 16, 64, 64, 16, 4, 16, 16, 4, 0, 4, 4, 2, 2]",up,64
110,876,"[8, 16, 4, 16, 64, 64, 16, 4, 16, 16, 4, 2, 4, 4, 2, 2]",up,64
111,880,"[8, 16, 4, 16, 64, 64, 16, 4, 16, 16, 4, 4, 4, 4, 2, 2]",up,64
112,888,"[8, 16, 4, 16, 64, 64, 16, 8, 16, 16, 4, 2, 4, 4, 2, 2]",up,64
113,892,"[8, 16, 4, 16, 64, 64, 16, 8, 16, 16, 4, 4, 4, 4, 2, 4]",up,64
114,900,"[8, 16, 4, 16, 64, 64, 16, 8, 16, 16, 4, 8, 4, 4, 2, 2]",up,64
115,916,"[8, 16, 4, 16, 64, 64, 16, 16, 16, 16, 4, 2, 4, 4, 2, 2]",up,64
116,952,"[8, 16, 4, 32, 64, 64, 16, 4, 16, 16, 4, 0, 4, 4, 2, 2]",up,64
117,952,"[8, 16, 4, 32, 64, 64, 16, 4, 16, 16, 4, 2, 4, 4, 2, 2]",up,64
118,956,"[8, 16, 4, 32, 64, 64, 16, 4, 16, 16, 4, 4, 4, 4, 2, 4]",up,64
119,964,"[8, 16, 4, 32, 64, 64, 16, 8, 16, 16, 4, 4, 4, 4, 2, 2]",up,64
120,1144,"[8, 16, 4, 32, 128, 16, 8, 2, 32, 8, 0, 0, 8, 4, 0, 0]",left,128
121,1176,"[8, 32, 4, 32, 128, 8, 8, 2, 32, 4, 0, 2, 8, 0, 0, 0]",up,128
122,1180,"[8, 32, 4, 32, 128, 8, 8, 4, 32, 4, 0, 0, 8, 0, 0, 2]",up,128
123,1180,"[8, 32, 4, 32, 128, 8, 8, 4, 32, 4, 0, 2, 8, 0, 2, 0]",up,128
124,1180,"[8, 32, 4, 32, 128, 8, 8, 4, 32, 4, 2, 2, 8, 2, 0, 0]",up,128
125,1180,"[8, 32, 2, 0, 128, 8, 4, 32, 32, 4, 8, 4, 8, 2, 2, 2]",down,128
126,1180,"[8, 32, 2, 32, 128, 8, 4, 4, 32, 4, 8, 2, 8, 2, 2, 2]",up,128
127,1184,"[8, 32, 2, 32, 128, 8, 4, 4, 32, 4, 8, 4, 8, 2, 2, 2]",up,128
128,1192,"[8, 32, 2, 32, 128, 8, 4, 8, 32, 4, 8, 2, 8, 2, 2, 2]",up,128
129,1196,"[8, 32, 2, 32, 128, 8, 4, 8, 32, 4, 8, 4, 8, 2, 2, 2]",up,128
130,1200,"[8, 32, 2, 32, 128, 8, 4, 8, 32, 4, 8, 4, 8, 4, 2, 2]",left,128
131,1208,"[8, 32, 2, 32, 128, 8, 4, 8, 32, 8, 8, 4, 8, 2, 2, 2]",up,128
132,1224,"[8, 32, 2, 32, 128, 16, 4, 8, 32, 2, 8, 4, 8, 2, 2, 2]",up,128
133,1228,"[8, 32, 2, 32, 128, 16, 4, 8, 32, 4, 8, 4, 8, 4, 2, 2]",up,128
134,1236,"[8, 32, 2, 32, 128, 16, 4, 8, 32, 8, 8, 4, 8, 2, 2, 2]",up,128
135,1256,"[8, 32, 2, 32, 128, 16, 4, 8, 32, 16, 4, 0, 8, 4, 2, 2]",left,128
136,1296,"[8, 32, 2, 32, 128, 32, 8, 8, 32, 4, 2, 2, 8, 2, 0, 0]",up,128
137,1360,"[8, 64, 2, 32, 128, 4, 8, 8, 32, 2, 2, 2, 8, 4, 0, 0]",up,128
138,1360,"[8, 64, 0, 2, 128, 4, 2, 32, 32, 2, 8, 8, 8, 4, 2, 2]",down,128
139,1360,"[8, 64, 2, 2, 128, 4, 8, 32, 32, 2, 2, 8, 8, 4, 2, 2]",up,128
140,1364,"[8, 64, 2, 2, 128, 4, 8, 32, 32, 2, 4, 8, 8, 4, 2, 2]",up,128
141,1372,"[8, 64, 4, 2, 128, 4, 8, 32, 32, 2, 4, 8, 8, 4, 4, 0]",left,128
142,1380,"[8, 64, 4, 2, 128, 4, 8, 32, 32, 2, 8, 8, 8, 4, 2, 0]",up,128
143,1396,"[8, 64, 4, 2, 128, 4, 16, 32, 32, 2, 2, 8, 8, 4, 0, 2]",up,128
144,1396,"[8, 64, 2, 2, 128, 4, 4, 32, 32, 2, 16, 8, 8, 4, 2, 2]",down,128
145,1412,"[8, 64, 4, 0, 128, 8, 32, 0, 32, 2, 16, 8, 8, 4, 4, 2]",left,128
146,1412,"[8, 64, 4, 8, 128, 8, 32, 2, 32, 2, 16, 4, 8, 4, 4, 0]",up,128
147,1412,"[8, 64, 4, 2, 128, 8, 32, 8, 32, 2, 16, 2, 8, 4, 4, 4]",down,128
148,1420,"[8, 64, 4, 2, 128, 8, 32, 8, 32, 2, 16, 2, 8, 8, 4, 2]",left,128
149,1424,"[8, 64, 4, 2, 128, 8, 32, 8, 32, 2, 16, 4, 8, 8, 4, 2]",up,128
150,1440,"[8, 64, 4, 2, 128, 8, 32, 8, 32, 2, 16, 4, 16, 4, 2, 2]",left,128
151,1444,"[8, 64, 4, 2, 128, 8, 32, 8, 32, 2, 16, 4, 16, 4, 4, 2]",left,128
152,1452,"[8, 64, 4, 2, 128, 8, 32, 8, 32, 2, 16, 4, 16, 8, 2, 4]",left,128
153,1460,"[8, 64, 4, 2, 128, 8, 32, 8, 32, 2, 16, 8, 16, 8, 2, 2]",up,128
154,1476,"[8, 64, 4, 2, 128, 8, 32, 16, 32, 2, 16, 2, 16, 8, 2, 2]",up,128
155,1480,"[8, 64, 4, 2, 128, 8, 32, 16, 32, 2, 16, 4, 16, 8, 2, 2]",up,128
156,1484,"[8, 64, 4, 2, 128, 8, 32, 16, 32, 2, 16, 4, 16, 8, 4, 4]",left,128
157,1492,"[8, 64, 4, 2, 128, 8, 32, 16, 32, 2, 16, 8, 16, 8, 4, 2]",up,128
1,0,"[4, 0, 0, 0, 0, 0, 0, 0, 0, 0, 0, 0, 0, 0, 2, 0]",up,4
2,0,"[4, 0, 2, 0, 0, 0, 2, 0, 0, 0, 0, 0, 0, 0, 0, 0]",up,4
3,4,"[4, 0, 4, 0, 0, 0, 0, 0, 0, 2, 0, 0, 0, 0, 0, 0]",up,4
4,4,"[4, 2, 4, 0, 0, 0, 0, 0, 0, 0, 2, 0, 0, 0, 0, 0]",up,4
5,4,"[4, 2, 4, 0, 0, 0, 2, 2, 0, 0, 0, 0, 0, 0, 0, 0]",up,4
6,4,"[4, 2, 4, 2, 0, 0, 2, 0, 0, 0, 0, 0, 2, 0, 0, 0]",up,4
7,4,"[4, 2, 4, 2, 2, 0, 2, 0, 0, 0, 0, 0, 2, 0, 0, 0]",up,4
8,8,"[4, 2, 4, 2, 4, 0, 2, 0, 0, 0, 0, 0, 0, 0, 0, 2]",up,4
9,20,"[8, 2, 4, 4, 0, 0, 2, 0, 0, 0, 0, 0, 2, 0, 0, 0]",up,8
10,20,"[8, 2, 4, 4, 2, 0, 2, 0, 0, 4, 0, 0, 0, 0, 0, 0]",up,8
11,20,"[8, 2, 4, 4, 2, 4, 2, 0, 2, 0, 0, 0, 0, 0, 0, 0]",up,8
12,24,"[8, 2, 4, 4, 4, 4, 2, 2, 0, 0, 0, 0, 0, 0, 0, 0]",up,8
13,24,"[2, 0, 0, 0, 0, 0, 0, 0, 8, 2, 4, 4, 4, 4, 2, 2]",down,8
14,24,"[2, 2, 4, 4, 8, 4, 2, 2, 4, 2, 0, 0, 0, 0, 0, 0]",up,8
15,24,"[0, 0, 0, 0, 2, 2, 0, 2, 8, 4, 4, 4, 4, 2, 2, 2]",down,8
16,24,"[2, 2, 4, 2, 8, 4, 2, 4, 4, 2, 0, 2, 0, 0, 2, 0]",up,8
17,28,"[2, 2, 4, 2, 8, 4, 4, 4, 4, 2, 0, 2, 0, 0, 0, 2]",up,8
18,40,"[2, 2, 8, 2, 8, 4, 0, 4, 4, 2, 0, 4, 0, 2, 0, 0]",up,8
19,52,"[2, 2, 8, 2, 8, 4, 0, 8, 4, 4, 0, 0, 0, 2, 0, 0]",up,8
20,60,"[2, 2, 8, 2, 8, 8, 0, 8, 4, 2, 0, 2, 0, 0, 0, 0]",up,8
21,60,"[0, 0, 0, 0, 2, 2, 0, 2, 8, 8, 2, 8, 4, 2, 8, 2]",down,8
22,60,"[2, 2, 2, 2, 8, 8, 8, 8, 4, 2, 0, 2, 0, 0, 2, 0]",up,8
23,60,"[2, 2, 2, 2, 8, 8, 8, 8, 4, 2, 2, 2, 2, 0, 0, 0]",up,8
24,60,"[2, 0, 0, 2, 8, 2, 2, 2, 4, 8, 8, 8, 2, 2, 2, 2]",down,8
25,64,"[2, 2, 2, 4, 8, 8, 8, 8, 4, 2, 2, 2, 2, 2, 0, 0]",up,8
26,68,"[2, 2, 2, 4, 8, 8, 8, 8, 4, 4, 2, 2, 2, 2, 0, 0]",up,8
27,68,"[2, 2, 0, 2, 8, 8, 2, 4, 4, 4, 8, 8, 2, 2, 2, 2]",down,8
28,68,"[2, 2, 2, 2, 8, 8, 8, 4, 4, 4, 2, 8, 2, 2, 2, 2]",up,8
29,72,"[2, 2, 2, 2, 8, 8, 8, 4, 4, 4, 4, 8, 2, 2, 4, 2]",up,8
30,80,"[2, 2, 2, 2, 8, 8, 8, 4, 4, 4, 8, 8, 2, 2, 2, 2]",up,8
31,96,"[2, 2, 2, 2, 8, 8, 16, 4, 4, 4, 2, 8, 2, 2, 4, 2]",up,16
32,132,"[4, 4, 2, 0, 16, 16, 4, 0, 8, 2, 8, 0, 4, 4, 2, 0]",left,16
33,180,"[8, 2, 0, 2, 32, 4, 0, 0, 8, 2, 8, 0, 8, 2, 0, 0]",left,32
34,200,"[8, 2, 8, 2, 32, 4, 0, 0, 16, 4, 0, 0, 0, 0, 2, 0]",up,32
35,208,"[8, 2, 8, 2, 32, 8, 2, 0, 16, 0, 0, 0, 0, 2, 0, 0]",up,32
36,208,"[8, 2, 8, 2, 32, 8, 2, 0, 16, 2, 0, 0, 0, 0, 2, 0]",up,32
37,212,"[8, 2, 8, 2, 32, 8, 4, 2, 16, 2, 0, 0, 0, 0, 0, 0]",up,32
38,216,"[8, 2, 8, 4, 32, 8, 4, 0, 16, 2, 0, 0, 0, 0, 2, 0]",up,32
39,216,"[8, 2, 8, 4, 32, 8, 4, 2, 16, 2, 2, 0, 0, 0, 0, 0]",up,32
40,216,"[0, 0, 0, 0, 8, 2, 8, 2, 32, 8, 4, 4, 16, 2, 2, 2]",down,32
41,216,"[8, 2, 8, 2, 32, 8, 4, 4, 16, 2, 2, 2, 0, 0, 2, 0]",up,32
42,220,"[8, 2, 8, 2, 32, 8, 4, 4, 16, 2, 4, 2, 2, 0, 0, 0]",up,32
43,228,"[8, 2, 8, 2, 32, 8, 8, 4, 16, 2, 2, 2, 2, 0, 0, 0]",up,32
44,244,"[8, 2, 16, 2, 32, 8, 2, 4, 16, 2, 0, 2, 2, 0, 0, 2]",up,32
45,248,"[8, 2, 16, 2, 32, 8, 2, 4, 16, 2, 0, 4, 2, 2, 0, 0]",up,32
46,260,"[8, 2, 16, 2, 32, 8, 2, 8, 16, 4, 0, 2, 2, 0, 0, 0]",up,32
47,260,"[8, 0, 2, 0, 32, 2, 0, 2, 16, 8, 16, 8, 2, 4, 2, 2]",down,32
48,260,"[8, 2, 2, 2, 32, 8, 16, 8, 16, 4, 2, 2, 2, 0, 0, 2]",up,32
49,264,"[8, 2, 2, 2, 32, 8, 16, 8, 16, 4, 2, 4, 2, 0, 2, 0]",up,32
50,268,"[8, 2, 2, 2, 32, 8, 16, 8, 16, 4, 4, 4, 2, 0, 4, 0]",up,32
51,276,"[8, 2, 2, 2, 32, 8, 16, 8, 16, 4, 8, 4, 2, 0, 2, 0]",up,32
52,276,"[8, 0, 2, 2, 32, 2, 16, 2, 16, 8, 8, 8, 2, 4, 2, 4]",down,32
53,280,"[8, 2, 2, 4, 32, 8, 16, 8, 16, 4, 8, 4, 2, 2, 2, 0]",up,32
54,280,"[8, 2, 2, 2, 32, 8, 16, 4, 16, 4, 8, 8, 2, 2, 2, 4]",down,32
55,304,"[8, 4, 2, 0, 32, 8, 16, 4, 16, 4, 16, 0, 4, 2, 4, 2]",left,32
56,336,"[8, 4, 2, 4, 32, 8, 32, 2, 16, 4, 4, 0, 4, 2, 2, 0]",up,32
57,336,"[8, 4, 2, 0, 32, 8, 32, 2, 16, 4, 4, 4, 4, 2, 2, 2]",down,32
58,336,"[8, 4, 2, 2, 32, 8, 32, 4, 16, 4, 4, 2, 4, 2, 2, 2]",up,32
59,340,"[8, 4, 2, 2, 32, 8, 32, 4, 16, 4, 4, 4, 4, 2, 2, 2]",up,32
60,348,"[8, 4, 2, 2, 32, 8, 32, 8, 16, 4, 4, 2, 4, 2, 2, 2]",up,32
61,352,"[8, 4, 2, 2, 32, 8, 32, 8, 16, 4, 4, 4, 4, 2, 2, 2]",up,32
62,368,"[8, 4, 4, 0, 32, 8, 32, 8, 16, 8, 4, 0, 4, 4, 2, 2]",left,32
63,384,"[8, 4, 4, 8, 32, 16, 32, 2, 16, 4, 4, 0, 4, 0, 2, 4]",up,32
64,384,"[8, 4, 4, 8, 32, 16, 32, 2, 16, 4, 4, 4, 4, 0, 2, 2]",up,32
65,384,"[8, 2, 4, 8, 32, 4, 32, 2, 16, 16, 4, 4, 4, 4, 2, 2]",down,32
66,436,"[8, 2, 4, 8, 32, 4, 32, 2, 32, 8, 0, 2, 8, 4, 0, 0]",left,32
67,504,"[8, 2, 4, 8, 64, 4, 32, 4, 8, 8, 0, 0, 0, 4, 0, 2]",up,64
68,504,"[8, 2, 4, 8, 64, 4, 32, 4, 8, 8, 2, 2, 0, 4, 0, 0]",up,64
69,504,"[0, 2, 2, 0, 8, 4, 4, 8, 64, 8, 32, 4, 8, 4, 2, 2]",down,64
70,504,"[8, 2, 2, 8, 64, 4, 4, 4, 8, 8, 32, 2, 2, 4, 2, 0]",up,64
71,504,"[8, 2, 2, 2, 64, 4, 4, 8, 8, 8, 32, 4, 2, 4, 2, 2]",down,64
72,536,"[8, 4, 2, 2, 64, 8, 8, 0, 16, 32, 4, 0, 2, 4, 4, 0]",left,64
73,544,"[8, 4, 2, 2, 64, 8, 8, 0, 16, 32, 8, 2, 2, 4, 0, 0]",up,64
74,564,"[8, 4, 2, 4, 64, 8, 16, 4, 16, 32, 0, 0, 2, 4, 0, 0]",up,64
75,572,"[8, 4, 2, 8, 64, 8, 16, 0, 16, 32, 2, 0, 2, 4, 0, 0]",up,64
76,572,"[8, 4, 0, 0, 64, 8, 2, 2, 16, 32, 16, 0, 2, 4, 2, 8]",down,64
77,572,"[8, 4, 2, 2, 64, 8, 16, 8, 16, 32, 2, 2, 2, 4, 0, 0]",up,64
78,572,"[8, 4, 0, 2, 64, 8, 2, 2, 16, 32, 16, 8, 2, 4, 2, 2]",down,64
79,576,"[8, 4, 2, 4, 64, 8, 16, 8, 16, 32, 2, 2, 2, 4, 2, 0]",up,64
80,580,"[8, 4, 2, 4, 64, 8, 16, 8, 16, 32, 4, 2, 2, 4, 0, 2]",up,64
81,584,"[8, 4, 2, 4, 64, 8, 16, 8, 16, 32, 4, 4, 2, 4, 0, 2]",up,64
82,584,"[8, 4, 2, 4, 64, 8, 2, 8, 16, 32, 16, 4, 2, 4, 4, 2]",down,64
83,588,"[8, 4, 4, 4, 64, 8, 16, 8, 16, 32, 4, 4, 2, 4, 2, 2]",up,64
84,608,"[8, 8, 4, 0, 64, 8, 16, 8, 16, 32, 8, 2, 2, 4, 4, 0]",left,64
85,624,"[8, 16, 4, 8, 64, 32, 16, 2, 16, 4, 8, 0, 2, 2, 4, 0]",up,64
86,624,"[8, 16, 4, 0, 64, 32, 16, 2, 16, 4, 8, 8, 2, 2, 4, 2]",down,64
87,624,"[8, 16, 4, 2, 64, 32, 16, 8, 16, 4, 8, 2, 2, 2, 4, 2]",up,64
88,628,"[8, 16, 4, 2, 64, 32, 16, 8, 16, 4, 8, 4, 2, 2, 4, 4]",up,64
89,636,"[8, 16, 4, 2, 64, 32, 16, 8, 16, 4, 8, 8, 2, 2, 4, 2]",up,64
90,652,"[8, 16, 4, 2, 64, 32, 16, 16, 16, 4, 8, 2, 2, 2, 4, 2]",up,64
91,656,"[8, 16, 4, 2, 64, 32, 16, 16, 16, 4, 8, 4, 2, 2, 4, 2]",up,64
92,692,"[8, 16, 4, 2, 64, 32, 32, 2, 16, 4, 8, 4, 4, 4, 2, 0]",left,64
93,704,"[8, 16, 4, 4, 64, 32, 32, 4, 16, 8, 8, 0, 4, 2, 2, 0]",up,64
94,712,"[8, 16, 4, 8, 64, 32, 32, 0, 16, 8, 8, 0, 4, 2, 2, 2]",up,64
95,712,"[8, 16, 4, 8, 64, 32, 32, 2, 16, 8, 8, 2, 4, 2, 2, 0]",up,64
96,716,"[8, 16, 4, 8, 64, 32, 32, 4, 16, 8, 8, 0, 4, 2, 2, 2]",up,64
97,716,"[8, 16, 4, 8, 64, 32, 32, 4, 16, 8, 8, 2, 4, 2, 2, 2]",up,64
98,720,"[8, 16, 4, 8, 64, 32, 32, 4, 16, 8, 8, 4, 4, 2, 2, 2]",up,64
99,728,"[8, 16, 4, 8, 64, 32, 32, 8, 16, 8, 8, 2, 4, 2, 2, 2]",up,64
100,748,"[8, 16, 4, 16, 64, 32, 32, 4, 16, 8, 8, 2, 4, 2, 2, 0]",up,64
101,748,"[8, 16, 4, 2, 64, 32, 32, 16, 16, 8, 8, 4, 4, 2, 2, 2]",down,64
102,832,"[8, 16, 4, 2, 64, 64, 16, 2, 16, 16, 4, 0, 4, 4, 2, 0]",left,64
103,836,"[8, 16, 4, 4, 64, 64, 16, 0, 16, 16, 4, 2, 4, 4, 2, 0]",up,64
104,836,"[8, 16, 4, 4, 64, 64, 16, 2, 16, 16, 4, 2, 4, 4, 2, 0]",up,64
105,840,"[8, 16, 4, 4, 64, 64, 16, 4, 16, 16, 4, 0, 4, 4, 2, 2]",up,64
106,848,"[8, 16, 4, 8, 64, 64, 16, 2, 16, 16, 4, 2, 4, 4, 2, 0]",up,64
107,852,"[8, 16, 4, 8, 64, 64, 16, 4, 16, 16, 4, 4, 4, 4, 2, 0]",up,64
108,860,"[8, 16, 4, 8, 64, 64, 16, 8, 16, 16, 4, 4, 4, 4, 2, 0]",up,64
109,876,"[8, 16, 4, 16, 64, 64, 16, 4, 16, 16, 4, 0, 4, 4, 2, 2]",up,64
110,876,"[8, 16, 4, 16, 64, 64, 16, 4, 16, 16, 4, 2, 4, 4, 2, 2]",up,64
111,880,"[8, 16, 4, 16, 64, 64, 16, 4, 16, 16, 4, 4, 4, 4, 2, 2]",up,64
112,888,"[8, 16, 4, 16, 64, 64, 16, 8, 16, 16, 4, 2, 4, 4, 2, 2]",up,64
113,892,"[8, 16, 4, 16, 64, 64, 16, 8, 16, 16, 4, 4, 4, 4, 2, 4]",up,64
114,900,"[8, 16, 4, 16, 64, 64, 16, 8, 16, 16, 4, 8, 4, 4, 2, 2]",up,64
115,916,"[8, 16, 4, 16, 64, 64, 16, 16, 16, 16, 4, 2, 4, 4, 2, 2]",up,64
116,952,"[8, 16, 4, 32, 64, 64, 16, 4, 16, 16, 4, 0, 4, 4, 2, 2]",up,64
117,952,"[8, 16, 4, 32, 64, 64, 16, 4, 16, 16, 4, 2, 4, 4, 2, 2]",up,64
118,956,"[8, 16, 4, 32, 64, 64, 16, 4, 16, 16, 4, 4, 4, 4, 2, 4]",up,64
119,964,"[8, 16, 4, 32, 64, 64, 16, 8, 16, 16, 4, 4, 4, 4, 2, 2]",up,64
120,1144,"[8, 16, 4, 32, 128, 16, 8, 2, 32, 8, 0, 0, 8, 4, 0, 0]",left,128
121,1176,"[8, 32, 4, 32, 128, 8, 8, 2, 32, 4, 0, 2, 8, 0, 0, 0]",up,128
122,1180,"[8, 32, 4, 32, 128, 8, 8, 4, 32, 4, 0, 0, 8, 0, 0, 2]",up,128
123,1180,"[8, 32, 4, 32, 128, 8, 8, 4, 32, 4, 0, 2, 8, 0, 2, 0]",up,128
124,1180,"[8, 32, 4, 32, 128, 8, 8, 4, 32, 4, 2, 2, 8, 2, 0, 0]",up,128
125,1180,"[8, 32, 2, 0, 128, 8, 4, 32, 32, 4, 8, 4, 8, 2, 2, 2]",down,128
126,1180,"[8, 32, 2, 32, 128, 8, 4, 4, 32, 4, 8, 2, 8, 2, 2, 2]",up,128
127,1184,"[8, 32, 2, 32, 128, 8, 4, 4, 32, 4, 8, 4, 8, 2, 2, 2]",up,128
128,1192,"[8, 32, 2, 32, 128, 8, 4, 8, 32, 4, 8, 2, 8, 2, 2, 2]",up,128
129,1196,"[8, 32, 2, 32, 128, 8, 4, 8, 32, 4, 8, 4, 8, 2, 2, 2]",up,128
130,1200,"[8, 32, 2, 32, 128, 8, 4, 8, 32, 4, 8, 4, 8, 4, 2, 2]",left,128
131,1208,"[8, 32, 2, 32, 128, 8, 4, 8, 32, 8, 8, 4, 8, 2, 2, 2]",up,128
132,1224,"[8, 32, 2, 32, 128, 16, 4, 8, 32, 2, 8, 4, 8, 2, 2, 2]",up,128
133,1228,"[8, 32, 2, 32, 128, 16, 4, 8, 32, 4, 8, 4, 8, 4, 2, 2]",up,128
134,1236,"[8, 32, 2, 32, 128, 16, 4, 8, 32, 8, 8, 4, 8, 2, 2, 2]",up,128
135,1256,"[8, 32, 2, 32, 128, 16, 4, 8, 32, 16, 4, 0, 8, 4, 2, 2]",left,128
136,1296,"[8, 32, 2, 32, 128, 32, 8, 8, 32, 4, 2, 2, 8, 2, 0, 0]",up,128
137,1360,"[8, 64, 2, 32, 128, 4, 8, 8, 32, 2, 2, 2, 8, 4, 0, 0]",up,128
138,1360,"[8, 64, 0, 2, 128, 4, 2, 32, 32, 2, 8, 8, 8, 4, 2, 2]",down,128
139,1360,"[8, 64, 2, 2, 128, 4, 8, 32, 32, 2, 2, 8, 8, 4, 2, 2]",up,128
140,1364,"[8, 64, 2, 2, 128, 4, 8, 32, 32, 2, 4, 8, 8, 4, 2, 2]",up,128
141,1372,"[8, 64, 4, 2, 128, 4, 8, 32, 32, 2, 4, 8, 8, 4, 4, 0]",left,128
142,1380,"[8, 64, 4, 2, 128, 4, 8, 32, 32, 2, 8, 8, 8, 4, 2, 0]",up,128
143,1396,"[8, 64, 4, 2, 128, 4, 16, 32, 32, 2, 2, 8, 8, 4, 0, 2]",up,128
144,1396,"[8, 64, 2, 2, 128, 4, 4, 32, 32, 2, 16, 8, 8, 4, 2, 2]",down,128
145,1412,"[8, 64, 4, 0, 128, 8, 32, 0, 32, 2, 16, 8, 8, 4, 4, 2]",left,128
146,1412,"[8, 64, 4, 8, 128, 8, 32, 2, 32, 2, 16, 4, 8, 4, 4, 0]",up,128
147,1412,"[8, 64, 4, 2, 128, 8, 32, 8, 32, 2, 16, 2, 8, 4, 4, 4]",down,128
148,1420,"[8, 64, 4, 2, 128, 8, 32, 8, 32, 2, 16, 2, 8, 8, 4, 2]",left,128
149,1424,"[8, 64, 4, 2, 128, 8, 32, 8, 32, 2, 16, 4, 8, 8, 4, 2]",up,128
150,1440,"[8, 64, 4, 2, 128, 8, 32, 8, 32, 2, 16, 4, 16, 4, 2, 2]",left,128
151,1444,"[8, 64, 4, 2, 128, 8, 32, 8, 32, 2, 16, 4, 16, 4, 4, 2]",left,128
152,1452,"[8, 64, 4, 2, 128, 8, 32, 8, 32, 2, 16, 4, 16, 8, 2, 4]",left,128
153,1460,"[8, 64, 4, 2, 128, 8, 32, 8, 32, 2, 16, 8, 16, 8, 2, 2]",up,128
154,1476,"[8, 64, 4, 2, 128, 8, 32, 16, 32, 2, 16, 2, 16, 8, 2, 2]",up,128
155,1480,"[8, 64, 4, 2, 128, 8, 32, 16, 32, 2, 16, 4, 16, 8, 2, 2]",up,128
156,1484,"[8, 64, 4, 2, 128, 8, 32, 16, 32, 2, 16, 4, 16, 8, 4, 4]",left,128
157,1492,"[8, 64, 4, 2, 128, 8, 32, 16, 32, 2, 16, 8, 16, 8, 4, 2]",up,128
1,0,"[4, 0, 0, 0, 0, 0, 0, 0, 0, 0, 0, 0, 0, 0, 2, 0]",up,4
2,0,"[4, 0, 2, 0, 0, 0, 2, 0, 0, 0, 0, 0, 0, 0, 0, 0]",up,4
3,4,"[4, 0, 4, 0, 0, 0, 0, 0, 0, 2, 0, 0, 0, 0, 0, 0]",up,4
4,4,"[4, 2, 4, 0, 0, 0, 0, 0, 0, 0, 2, 0, 0, 0, 0, 0]",up,4
5,4,"[4, 2, 4, 0, 0, 0, 2, 2, 0, 0, 0, 0, 0, 0, 0, 0]",up,4
6,4,"[4, 2, 4, 2, 0, 0, 2, 0, 0, 0, 0, 0, 2, 0, 0, 0]",up,4
7,4,"[4, 2, 4, 2, 2, 0, 2, 0, 0, 0, 0, 0, 2, 0, 0, 0]",up,4
8,8,"[4, 2, 4, 2, 4, 0, 2, 0, 0, 0, 0, 0, 0, 0, 0, 2]",up,4
9,20,"[8, 2, 4, 4, 0, 0, 2, 0, 0, 0, 0, 0, 2, 0, 0, 0]",up,8
10,20,"[8, 2, 4, 4, 2, 0, 2, 0, 0, 4, 0, 0, 0, 0, 0, 0]",up,8
11,20,"[8, 2, 4, 4, 2, 4, 2, 0, 2, 0, 0, 0, 0, 0, 0, 0]",up,8
12,24,"[8, 2, 4, 4, 4, 4, 2, 2, 0, 0, 0, 0, 0, 0, 0, 0]",up,8
13,24,"[2, 0, 0, 0, 0, 0, 0, 0, 8, 2, 4, 4, 4, 4, 2, 2]",down,8
14,24,"[2, 2, 4, 4, 8, 4, 2, 2, 4, 2, 0, 0, 0, 0, 0, 0]",up,8
15,24,"[0, 0, 0, 0, 2, 2, 0, 2, 8, 4, 4, 4, 4, 2, 2, 2]",down,8
16,24,"[2, 2, 4, 2, 8, 4, 2, 4, 4, 2, 0, 2, 0, 0, 2, 0]",up,8
17,28,"[2, 2, 4, 2, 8, 4, 4, 4, 4, 2, 0, 2, 0, 0, 0, 2]",up,8
18,40,"[2, 2, 8, 2, 8, 4, 0, 4, 4, 2, 0, 4, 0, 2, 0, 0]",up,8
19,52,"[2, 2, 8, 2, 8, 4, 0, 8, 4, 4, 0, 0, 0, 2, 0, 0]",up,8
20,60,"[2, 2, 8, 2, 8, 8, 0, 8, 4, 2, 0, 2, 0, 0, 0, 0]",up,8
21,60,"[0, 0, 0, 0, 2, 2, 0, 2, 8, 8, 2, 8, 4, 2, 8, 2]",down,8
22,60,"[2, 2, 2, 2, 8, 8, 8, 8, 4, 2, 0, 2, 0, 0, 2, 0]",up,8
23,60,"[2, 2, 2, 2, 8, 8, 8, 8, 4, 2, 2, 2, 2, 0, 0, 0]",up,8
24,60,"[2, 0, 0, 2, 8, 2, 2, 2, 4, 8, 8, 8, 2, 2, 2, 2]",down,8
25,64,"[2, 2, 2, 4, 8, 8, 8, 8, 4, 2, 2, 2, 2, 2, 0, 0]",up,8
26,68,"[2, 2, 2, 4, 8, 8, 8, 8, 4, 4, 2, 2, 2, 2, 0, 0]",up,8
27,68,"[2, 2, 0, 2, 8, 8, 2, 4, 4, 4, 8, 8, 2, 2, 2, 2]",down,8
28,68,"[2, 2, 2, 2, 8, 8, 8, 4, 4, 4, 2, 8, 2, 2, 2, 2]",up,8
29,72,"[2, 2, 2, 2, 8, 8, 8, 4, 4, 4, 4, 8, 2, 2, 4, 2]",up,8
30,80,"[2, 2, 2, 2, 8, 8, 8, 4, 4, 4, 8, 8, 2, 2, 2, 2]",up,8
31,96,"[2, 2, 2, 2, 8, 8, 16, 4, 4, 4, 2, 8, 2, 2, 4, 2]",up,16
32,132,"[4, 4, 2, 0, 16, 16, 4, 0, 8, 2, 8, 0, 4, 4, 2, 0]",left,16
33,180,"[8, 2, 0, 2, 32, 4, 0, 0, 8, 2, 8, 0, 8, 2, 0, 0]",left,32
34,200,"[8, 2, 8, 2, 32, 4, 0, 0, 16, 4, 0, 0, 0, 0, 2, 0]",up,32
35,208,"[8, 2, 8, 2, 32, 8, 2, 0, 16, 0, 0, 0, 0, 2, 0, 0]",up,32
36,208,"[8, 2, 8, 2, 32, 8, 2, 0, 16, 2, 0, 0, 0, 0, 2, 0]",up,32
37,212,"[8, 2, 8, 2, 32, 8, 4, 2, 16, 2, 0, 0, 0, 0, 0, 0]",up,32
38,216,"[8, 2, 8, 4, 32, 8, 4, 0, 16, 2, 0, 0, 0, 0, 2, 0]",up,32
39,216,"[8, 2, 8, 4, 32, 8, 4, 2, 16, 2, 2, 0, 0, 0, 0, 0]",up,32
40,216,"[0, 0, 0, 0, 8, 2, 8, 2, 32, 8, 4, 4, 16, 2, 2, 2]",down,32
41,216,"[8, 2, 8, 2, 32, 8, 4, 4, 16, 2, 2, 2, 0, 0, 2, 0]",up,32
42,220,"[8, 2, 8, 2, 32, 8, 4, 4, 16, 2, 4, 2, 2, 0, 0, 0]",up,32
43,228,"[8, 2, 8, 2, 32, 8, 8, 4, 16, 2, 2, 2, 2, 0, 0, 0]",up,32
44,244,"[8, 2, 16, 2, 32, 8, 2, 4, 16, 2, 0, 2, 2, 0, 0, 2]",up,32
45,248,"[8, 2, 16, 2, 32, 8, 2, 4, 16, 2, 0, 4, 2, 2, 0, 0]",up,32
46,260,"[8, 2, 16, 2, 32, 8, 2, 8, 16, 4, 0, 2, 2, 0, 0, 0]",up,32
47,260,"[8, 0, 2, 0, 32, 2, 0, 2, 16, 8, 16, 8, 2, 4, 2, 2]",down,32
48,260,"[8, 2, 2, 2, 32, 8, 16, 8, 16, 4, 2, 2, 2, 0, 0, 2]",up,32
49,264,"[8, 2, 2, 2, 32, 8, 16, 8, 16, 4, 2, 4, 2, 0, 2, 0]",up,32
50,268,"[8, 2, 2, 2, 32, 8, 16, 8, 16, 4, 4, 4, 2, 0, 4, 0]",up,32
51,276,"[8, 2, 2, 2, 32, 8, 16, 8, 16, 4, 8, 4, 2, 0, 2, 0]",up,32
52,276,"[8, 0, 2, 2, 32, 2, 16, 2, 16, 8, 8, 8, 2, 4, 2, 4]",down,32
53,280,"[8, 2, 2, 4, 32, 8, 16, 8, 16, 4, 8, 4, 2, 2, 2, 0]",up,32
54,280,"[8, 2, 2, 2, 32, 8, 16, 4, 16, 4, 8, 8, 2, 2, 2, 4]",down,32
55,304,"[8, 4, 2, 0, 32, 8, 16, 4, 16, 4, 16, 0, 4, 2, 4, 2]",left,32
56,336,"[8, 4, 2, 4, 32, 8, 32, 2, 16, 4, 4, 0, 4, 2, 2, 0]",up,32
57,336,"[8, 4, 2, 0, 32, 8, 32, 2, 16, 4, 4, 4, 4, 2, 2, 2]",down,32
58,336,"[8, 4, 2, 2, 32, 8, 32, 4, 16, 4, 4, 2, 4, 2, 2, 2]",up,32
59,340,"[8, 4, 2, 2, 32, 8, 32, 4, 16, 4, 4, 4, 4, 2, 2, 2]",up,32
60,348,"[8, 4, 2, 2, 32, 8, 32, 8, 16, 4, 4, 2, 4, 2, 2, 2]",up,32
61,352,"[8, 4, 2, 2, 32, 8, 32, 8, 16, 4, 4, 4, 4, 2, 2, 2]",up,32
62,368,"[8, 4, 4, 0, 32, 8, 32, 8, 16, 8, 4, 0, 4, 4, 2, 2]",left,32
63,384,"[8, 4, 4, 8, 32, 16, 32, 2, 16, 4, 4, 0, 4, 0, 2, 4]",up,32
64,384,"[8, 4, 4, 8, 32, 16, 32, 2, 16, 4, 4, 4, 4, 0, 2, 2]",up,32
65,384,"[8, 2, 4, 8, 32, 4, 32, 2, 16, 16, 4, 4, 4, 4, 2, 2]",down,32
66,436,"[8, 2, 4, 8, 32, 4, 32, 2, 32, 8, 0, 2, 8, 4, 0, 0]",left,32
67,504,"[8, 2, 4, 8, 64, 4, 32, 4, 8, 8, 0, 0, 0, 4, 0, 2]",up,64
68,504,"[8, 2, 4, 8, 64, 4, 32, 4, 8, 8, 2, 2, 0, 4, 0, 0]",up,64
69,504,"[0, 2, 2, 0, 8, 4, 4, 8, 64, 8, 32, 4, 8, 4, 2, 2]",down,64
70,504,"[8, 2, 2, 8, 64, 4, 4, 4, 8, 8, 32, 2, 2, 4, 2, 0]",up,64
71,504,"[8, 2, 2, 2, 64, 4, 4, 8, 8, 8, 32, 4, 2, 4, 2, 2]",down,64
72,536,"[8, 4, 2, 2, 64, 8, 8, 0, 16, 32, 4, 0, 2, 4, 4, 0]",left,64
73,544,"[8, 4, 2, 2, 64, 8, 8, 0, 16, 32, 8, 2, 2, 4, 0, 0]",up,64
74,564,"[8, 4, 2, 4, 64, 8, 16, 4, 16, 32, 0, 0, 2, 4, 0, 0]",up,64
75,572,"[8, 4, 2, 8, 64, 8, 16, 0, 16, 32, 2, 0, 2, 4, 0, 0]",up,64
76,572,"[8, 4, 0, 0, 64, 8, 2, 2, 16, 32, 16, 0, 2, 4, 2, 8]",down,64
77,572,"[8, 4, 2, 2, 64, 8, 16, 8, 16, 32, 2, 2, 2, 4, 0, 0]",up,64
78,572,"[8, 4, 0, 2, 64, 8, 2, 2, 16, 32, 16, 8, 2, 4, 2, 2]",down,64
79,576,"[8, 4, 2, 4, 64, 8, 16, 8, 16, 32, 2, 2, 2, 4, 2, 0]",up,64
80,580,"[8, 4, 2, 4, 64, 8, 16, 8, 16, 32, 4, 2, 2, 4, 0, 2]",up,64
81,584,"[8, 4, 2, 4, 64, 8, 16, 8, 16, 32, 4, 4, 2, 4, 0, 2]",up,64
82,584,"[8, 4, 2, 4, 64, 8, 2, 8, 16, 32, 16, 4, 2, 4, 4, 2]",down,64
83,588,"[8, 4, 4, 4, 64, 8, 16, 8, 16, 32, 4, 4, 2, 4, 2, 2]",up,64
84,608,"[8, 8, 4, 0, 64, 8, 16, 8, 16, 32, 8, 2, 2, 4, 4, 0]",left,64
85,624,"[8, 16, 4, 8, 64, 32, 16, 2, 16, 4, 8, 0, 2, 2, 4, 0]",up,64
86,624,"[8, 16, 4, 0, 64, 32, 16, 2, 16, 4, 8, 8, 2, 2, 4, 2]",down,64
87,624,"[8, 16, 4, 2, 64, 32, 16, 8, 16, 4, 8, 2, 2, 2, 4, 2]",up,64
88,628,"[8, 16, 4, 2, 64, 32, 16, 8, 16, 4, 8, 4, 2, 2, 4, 4]",up,64
89,636,"[8, 16, 4, 2, 64, 32, 16, 8, 16, 4, 8, 8, 2, 2, 4, 2]",up,64
90,652,"[8, 16, 4, 2, 64, 32, 16, 16, 16, 4, 8, 2, 2, 2, 4, 2]",up,64
91,656,"[8, 16, 4, 2, 64, 32, 16, 16, 16, 4, 8, 4, 2, 2, 4, 2]",up,64
92,692,"[8, 16, 4, 2, 64, 32, 32, 2, 16, 4, 8, 4, 4, 4, 2, 0]",left,64
93,704,"[8, 16, 4, 4, 64, 32, 32, 4, 16, 8, 8, 0, 4, 2, 2, 0]",up,64
94,712,"[8, 16, 4, 8, 64, 32, 32, 0, 16, 8, 8, 0, 4, 2, 2, 2]",up,64
95,712,"[8, 16, 4, 8, 64, 32, 32, 2, 16, 8, 8, 2, 4, 2, 2, 0]",up,64
96,716,"[8, 16, 4, 8, 64, 32, 32, 4, 16, 8, 8, 0, 4, 2, 2, 2]",up,64
97,716,"[8, 16, 4, 8, 64, 32, 32, 4, 16, 8, 8, 2, 4, 2, 2, 2]",up,64
98,720,"[8, 16, 4, 8, 64, 32, 32, 4, 16, 8, 8, 4, 4, 2, 2, 2]",up,64
99,728,"[8, 16, 4, 8, 64, 32, 32, 8, 16, 8, 8, 2, 4, 2, 2, 2]",up,64
100,748,"[8, 16, 4, 16, 64, 32, 32, 4, 16, 8, 8, 2, 4, 2, 2, 0]",up,64
101,748,"[8, 16, 4, 2, 64, 32, 32, 16, 16, 8, 8, 4, 4, 2, 2, 2]",down,64
102,832,"[8, 16, 4, 2, 64, 64, 16, 2, 16, 16, 4, 0, 4, 4, 2, 0]",left,64
103,836,"[8, 16, 4, 4, 64, 64, 16, 0, 16, 16, 4, 2, 4, 4, 2, 0]",up,64
104,836,"[8, 16, 4, 4, 64, 64, 16, 2, 16, 16, 4, 2, 4, 4, 2, 0]",up,64
105,840,"[8, 16, 4, 4, 64, 64, 16, 4, 16, 16, 4, 0, 4, 4, 2, 2]",up,64
106,848,"[8, 16, 4, 8, 64, 64, 16, 2, 16, 16, 4, 2, 4, 4, 2, 0]",up,64
107,852,"[8, 16, 4, 8, 64, 64, 16, 4, 16, 16, 4, 4, 4, 4, 2, 0]",up,64
108,860,"[8, 16, 4, 8, 64, 64, 16, 8, 16, 16, 4, 4, 4, 4, 2, 0]",up,64
109,876,"[8, 16, 4, 16, 64, 64, 16, 4, 16, 16, 4, 0, 4, 4, 2, 2]",up,64
110,876,"[8, 16, 4, 16, 64, 64, 16, 4, 16, 16, 4, 2, 4, 4, 2, 2]",up,64
111,880,"[8, 16, 4, 16, 64, 64, 16, 4, 16, 16, 4, 4, 4, 4, 2, 2]",up,64
112,888,"[8, 16, 4, 16, 64, 64, 16, 8, 16, 16, 4, 2, 4, 4, 2, 2]",up,64
113,892,"[8, 16, 4, 16, 64, 64, 16, 8, 16, 16, 4, 4, 4, 4, 2, 4]",up,64
114,900,"[8, 16, 4, 16, 64, 64, 16, 8, 16, 16, 4, 8, 4, 4, 2, 2]",up,64
115,916,"[8, 16, 4, 16, 64, 64, 16, 16, 16, 16, 4, 2, 4, 4, 2, 2]",up,64
116,952,"[8, 16, 4, 32, 64, 64, 16, 4, 16, 16, 4, 0, 4, 4, 2, 2]",up,64
117,952,"[8, 16, 4, 32, 64, 64, 16, 4, 16, 16, 4, 2, 4, 4, 2, 2]",up,64
118,956,"[8, 16, 4, 32, 64, 64, 16, 4, 16, 16, 4, 4, 4, 4, 2, 4]",up,64
119,964,"[8, 16, 4, 32, 64, 64, 16, 8, 16, 16, 4, 4, 4, 4, 2, 2]",up,64
120,1144,"[8, 16, 4, 32, 128, 16, 8, 2, 32, 8, 0, 0, 8, 4, 0, 0]",left,128
121,1176,"[8, 32, 4, 32, 128, 8, 8, 2, 32, 4, 0, 2, 8, 0, 0, 0]",up,128
122,1180,"[8, 32, 4, 32, 128, 8, 8, 4, 32, 4, 0, 0, 8, 0, 0, 2]",up,128
123,1180,"[8, 32, 4, 32, 128, 8, 8, 4, 32, 4, 0, 2, 8, 0, 2, 0]",up,128
124,1180,"[8, 32, 4, 32, 128, 8, 8, 4, 32, 4, 2, 2, 8, 2, 0, 0]",up,128
125,1180,"[8, 32, 2, 0, 128, 8, 4, 32, 32, 4, 8, 4, 8, 2, 2, 2]",down,128
126,1180,"[8, 32, 2, 32, 128, 8, 4, 4, 32, 4, 8, 2, 8, 2, 2, 2]",up,128
127,1184,"[8, 32, 2, 32, 128, 8, 4, 4, 32, 4, 8, 4, 8, 2, 2, 2]",up,128
128,1192,"[8, 32, 2, 32, 128, 8, 4, 8, 32, 4, 8, 2, 8, 2, 2, 2]",up,128
129,1196,"[8, 32, 2, 32, 128, 8, 4, 8, 32, 4, 8, 4, 8, 2, 2, 2]",up,128
130,1200,"[8, 32, 2, 32, 128, 8, 4, 8, 32, 4, 8, 4, 8, 4, 2, 2]",left,128
131,1208,"[8, 32, 2, 32, 128, 8, 4, 8, 32, 8, 8, 4, 8, 2, 2, 2]",up,128
132,1224,"[8, 32, 2, 32, 128, 16, 4, 8, 32, 2, 8, 4, 8, 2, 2, 2]",up,128
133,1228,"[8, 32, 2, 32, 128, 16, 4, 8, 32, 4, 8, 4, 8, 4, 2, 2]",up,128
134,1236,"[8, 32, 2, 32, 128, 16, 4, 8, 32, 8, 8, 4, 8, 2, 2, 2]",up,128
135,1256,"[8, 32, 2, 32, 128, 16, 4, 8, 32, 16, 4, 0, 8, 4, 2, 2]",left,128
136,1296,"[8, 32, 2, 32, 128, 32, 8, 8, 32, 4, 2, 2, 8, 2, 0, 0]",up,128
137,1360,"[8, 64, 2, 32, 128, 4, 8, 8, 32, 2, 2, 2, 8, 4, 0, 0]",up,128
138,1360,"[8, 64, 0, 2, 128, 4, 2, 32, 32, 2, 8, 8, 8, 4, 2, 2]",down,128
139,1360,"[8, 64, 2, 2, 128, 4, 8, 32, 32, 2, 2, 8, 8, 4, 2, 2]",up,128
140,1364,"[8, 64, 2, 2, 128, 4, 8, 32, 32, 2, 4, 8, 8, 4, 2, 2]",up,128
141,1372,"[8, 64, 4, 2, 128, 4, 8, 32, 32, 2, 4, 8, 8, 4, 4, 0]",left,128
142,1380,"[8, 64, 4, 2, 128, 4, 8, 32, 32, 2, 8, 8, 8, 4, 2, 0]",up,128
143,1396,"[8, 64, 4, 2, 128, 4, 16, 32, 32, 2, 2, 8, 8, 4, 0, 2]",up,128
144,1396,"[8, 64, 2, 2, 128, 4, 4, 32, 32, 2, 16, 8, 8, 4, 2, 2]",down,128
145,1412,"[8, 64, 4, 0, 128, 8, 32, 0, 32, 2, 16, 8, 8, 4, 4, 2]",left,128
146,1412,"[8, 64, 4, 8, 128, 8, 32, 2, 32, 2, 16, 4, 8, 4, 4, 0]",up,128
147,1412,"[8, 64, 4, 2, 128, 8, 32, 8, 32, 2, 16, 2, 8, 4, 4, 4]",down,128
148,1420,"[8, 64, 4, 2, 128, 8, 32, 8, 32, 2, 16, 2, 8, 8, 4, 2]",left,128
149,1424,"[8, 64, 4, 2, 128, 8, 32, 8, 32, 2, 16, 4, 8, 8, 4, 2]",up,128
150,1440,"[8, 64, 4, 2, 128, 8, 32, 8, 32, 2, 16, 4, 16, 4, 2, 2]",left,128
151,1444,"[8, 64, 4, 2, 128, 8, 32, 8, 32, 2, 16, 4, 16, 4, 4, 2]",left,128
152,1452,"[8, 64, 4, 2, 128, 8, 32, 8, 32, 2, 16, 4, 16, 8, 2, 4]",left,128
153,1460,"[8, 64, 4, 2, 128, 8, 32, 8, 32, 2, 16, 8, 16, 8, 2, 2]",up,128
154,1476,"[8, 64, 4, 2, 128, 8, 32, 16, 32, 2, 16, 2, 16, 8, 2, 2]",up,128
155,1480,"[8, 64, 4, 2, 128, 8, 32, 16, 32, 2, 16, 4, 16, 8, 2, 2]",up,128
156,1484,"[8, 64, 4, 2, 128, 8, 32, 16, 32, 2, 16, 4, 16, 8, 4, 4]",left,128
157,1492,"[8, 64, 4, 2, 128, 8, 32, 16, 32, 2, 16, 8, 16, 8, 4, 2]",up,128
1,0,"[4, 0, 0, 0, 0, 0, 0, 0, 0, 0, 0, 0, 0, 0, 2, 0]",up,4
2,0,"[4, 0, 2, 0, 0, 0, 2, 0, 0, 0, 0, 0, 0, 0, 0, 0]",up,4
3,4,"[4, 0, 4, 0, 0, 0, 0, 0, 0, 2, 0, 0, 0, 0, 0, 0]",up,4
4,4,"[4, 2, 4, 0, 0, 0, 0, 0, 0, 0, 2, 0, 0, 0, 0, 0]",up,4
5,4,"[4, 2, 4, 0, 0, 0, 2, 2, 0, 0, 0, 0, 0, 0, 0, 0]",up,4
6,4,"[4, 2, 4, 2, 0, 0, 2, 0, 0, 0, 0, 0, 2, 0, 0, 0]",up,4
7,4,"[4, 2, 4, 2, 2, 0, 2, 0, 0, 0, 0, 0, 2, 0, 0, 0]",up,4
8,8,"[4, 2, 4, 2, 4, 0, 2, 0, 0, 0, 0, 0, 0, 0, 0, 2]",up,4
9,20,"[8, 2, 4, 4, 0, 0, 2, 0, 0, 0, 0, 0, 2, 0, 0, 0]",up,8
10,28,"[8, 2, 8, 0, 2, 0, 0, 4, 0, 0, 0, 0, 2, 0, 0, 0]",left,8
11,32,"[8, 2, 8, 4, 4, 0, 2, 0, 0, 0, 0, 0, 0, 0, 0, 0]",up,8
12,32,"[8, 2, 8, 4, 4, 2, 2, 0, 0, 0, 0, 0, 0, 0, 0, 0]",left,8
13,36,"[8, 2, 8, 4, 4, 4, 2, 0, 0, 0, 0, 0, 0, 0, 0, 0]",left,8
14,36,"[2, 0, 0, 0, 0, 0, 0, 0, 8, 2, 8, 0, 4, 4, 2, 4]",down,8
15,44,"[2, 0, 0, 0, 2, 0, 0, 0, 8, 2, 8, 0, 8, 2, 4, 0]",left,8
16,68,"[4, 4, 8, 2, 16, 0, 4, 0, 0, 0, 0, 0, 0, 0, 0, 0]",up,16
17,76,"[8, 8, 2, 0, 16, 4, 0, 0, 2, 0, 0, 0, 0, 0, 0, 0]",left,16
18,76,"[0, 0, 0, 0, 8, 0, 0, 0, 16, 8, 2, 0, 2, 4, 2, 0]",down,16
19,80,"[8, 8, 4, 0, 16, 4, 0, 0, 2, 2, 0, 0, 0, 0, 0, 0]",up,16
20,80,"[0, 0, 0, 2, 8, 8, 0, 0, 16, 4, 0, 0, 2, 2, 4, 0]",down,16
21,80,"[8, 8, 4, 2, 16, 4, 0, 0, 2, 2, 0, 0, 0, 0, 0, 2]",up,16
22,84,"[8, 8, 4, 4, 16, 4, 2, 0, 2, 2, 0, 0, 0, 0, 0, 0]",up,16
23,84,"[0, 0, 0, 0, 8, 8, 0, 0, 16, 4, 4, 2, 2, 2, 2, 4]",down,16
24,112,"[0, 2, 0, 0, 0, 0, 0, 16, 0, 16, 8, 2, 0, 2, 4, 4]",right,16
25,112,"[0, 2, 8, 16, 0, 16, 4, 2, 0, 2, 0, 4, 2, 0, 0, 0]",up,16
26,112,"[2, 8, 16, 0, 16, 4, 2, 0, 2, 4, 0, 0, 2, 0, 2, 0]",left,16
27,128,"[2, 8, 16, 0, 16, 8, 4, 0, 4, 0, 0, 0, 0, 0, 0, 2]",up,16
28,144,"[2, 16, 16, 2, 16, 0, 4, 0, 4, 0, 0, 0, 0, 0, 0, 2]",up,16
29,148,"[2, 16, 16, 4, 16, 0, 4, 0, 4, 0, 0, 2, 0, 0, 0, 0]",up,16
30,148,"[2, 16, 16, 4, 16, 0, 4, 2, 4, 0, 0, 0, 0, 0, 0, 2]",up,16
31,152,"[2, 16, 16, 4, 16, 0, 4, 4, 4, 0, 0, 0, 0, 0, 4, 0]",up,16
32,160,"[2, 0, 0, 0, 2, 0, 0, 0, 16, 0, 16, 0, 4, 16, 8, 8]",down,16
33,162,"[0, 0, 0, 2, 4, 0, 0, 0, 16, 0, 16, 0, 4, 16, 8, 8]",down,16
34,210,"[2, 0, 0, 0, 4, 0, 0, 0, 32, 2, 0, 0, 4, 16, 16, 0]",left,32
35,210,"[2, 2, 16, 0, 4, 16, 0, 0, 32, 0, 0, 2, 4, 0, 0, 0]",up,32
36,210,"[2, 0, 0, 0, 4, 0, 0, 2, 32, 2, 0, 0, 4, 16, 16, 2]",down,32
37,242,"[2, 0, 0, 0, 4, 2, 0, 0, 32, 2, 0, 0, 4, 32, 2, 2]",left,32
38,246,"[0, 2, 0, 2, 0, 0, 4, 2, 0, 0, 32, 2, 0, 4, 32, 4]",right,32
39,250,"[0, 0, 0, 4, 0, 0, 4, 2, 0, 2, 32, 2, 0, 4, 32, 4]",right,32
40,318,"[0, 2, 4, 4, 0, 4, 64, 4, 0, 0, 0, 4, 0, 0, 2, 0]",up,64
41,326,"[0, 2, 4, 8, 0, 4, 64, 4, 0, 0, 2, 0, 0, 0, 2, 0]",up,64
42,330,"[0, 2, 4, 8, 0, 4, 64, 4, 0, 0, 4, 4, 0, 0, 0, 0]",up,64
43,338,"[0, 2, 4, 8, 0, 4, 64, 8, 0, 0, 4, 0, 0, 2, 0, 0]",up,64
44,338,"[2, 4, 8, 0, 4, 64, 8, 0, 4, 2, 0, 0, 2, 0, 0, 0]",left,64
45,362,"[2, 4, 16, 0, 8, 64, 0, 0, 2, 2, 2, 0, 0, 0, 0, 0]",up,64
46,362,"[2, 4, 16, 0, 8, 64, 2, 0, 2, 2, 0, 2, 0, 0, 0, 0]",up,64
47,362,"[0, 0, 0, 0, 2, 4, 0, 0, 8, 64, 16, 2, 2, 2, 2, 2]",down,64
48,370,"[0, 0, 0, 2, 2, 4, 0, 0, 8, 64, 16, 2, 4, 4, 0, 0]",left,64
49,378,"[2, 0, 0, 0, 2, 4, 0, 0, 8, 64, 16, 2, 8, 4, 0, 0]",left,64
50,398,"[4, 4, 16, 2, 16, 64, 0, 0, 0, 4, 0, 0, 2, 0, 0, 0]",up,64
51,398,"[4, 4, 16, 2, 16, 64, 0, 0, 2, 4, 0, 0, 2, 0, 0, 0]",up,64
52,406,"[2, 8, 16, 2, 0, 0, 16, 64, 0, 0, 2, 4, 0, 0, 0, 2]",right,64
53,438,"[2, 8, 32, 2, 0, 0, 2, 64, 2, 0, 0, 4, 0, 0, 0, 2]",up,64
54,438,"[2, 8, 32, 2, 2, 64, 0, 0, 2, 4, 0, 0, 2, 0, 0, 2]",left,64
55,442,"[2, 8, 32, 2, 0, 2, 2, 64, 0, 0, 2, 4, 0, 0, 0, 4]",right,64
56,454,"[2, 8, 32, 2, 2, 2, 4, 64, 0, 0, 0, 8, 0, 0, 0, 0]",up,64
57,458,"[2, 8, 32, 2, 4, 4, 64, 0, 8, 0, 0, 0, 0, 4, 0, 0]",left,64
58,462,"[0, 0, 0, 2, 2, 0, 0, 0, 4, 8, 32, 0, 8, 8, 64, 2]",down,64
59,478,"[2, 0, 0, 0, 2, 0, 0, 0, 4, 8, 32, 2, 16, 64, 2, 0]",left,64
60,482,"[4, 8, 32, 2, 4, 64, 2, 0, 16, 0, 0, 0, 0, 2, 0, 0]",up,64
61,486,"[0, 0, 0, 0, 0, 8, 2, 0, 8, 64, 32, 0, 16, 2, 2, 2]",down,64
62,486,"[8, 8, 2, 2, 16, 64, 32, 0, 0, 2, 2, 0, 0, 2, 0, 0]",up,64
63,510,"[16, 4, 0, 0, 16, 64, 32, 0, 4, 0, 0, 2, 2, 0, 0, 0]",left,64
64,542,"[32, 4, 32, 2, 4, 64, 2, 0, 2, 0, 0, 0, 0, 0, 0, 0]",up,64
65,542,"[32, 4, 32, 2, 0, 4, 64, 2, 0, 2, 0, 2, 0, 0, 0, 0]",right,64
66,546,"[32, 4, 32, 2, 0, 4, 64, 2, 0, 2, 0, 4, 0, 0, 0, 0]",right,64
67,558,"[32, 8, 32, 4, 0, 2, 64, 4, 0, 0, 0, 0, 0, 0, 0, 2]",up,64
68,558,"[32, 8, 32, 4, 2, 64, 4, 2, 0, 0, 0, 0, 2, 0, 0, 0]",left,64
69,558,"[32, 8, 32, 4, 2, 64, 4, 2, 2, 0, 0, 0, 0, 0, 0, 2]",right,64
70,566,"[32, 8, 32, 4, 4, 64, 4, 4, 0, 0, 0, 0, 0, 0, 0, 2]",up,64
71,574,"[32, 8, 32, 4, 4, 64, 8, 0, 0, 0, 0, 2, 2, 0, 0, 0]",left,64
72,574,"[32, 8, 32, 4, 4, 64, 8, 0, 2, 0, 2, 0, 2, 0, 0, 0]",left,64
73,578,"[32, 8, 32, 4, 4, 64, 8, 0, 4, 0, 0, 0, 2, 0, 0, 4]",left,64
74,594,"[32, 8, 32, 8, 8, 64, 8, 0, 2, 0, 2, 0, 0, 0, 0, 0]",up,64
75,598,"[32, 8, 32, 8, 0, 8, 64, 8, 0, 0, 0, 4, 2, 0, 0, 0]",right,64
76,630,"[32, 16, 32, 16, 2, 0, 64, 4, 0, 2, 0, 0, 0, 0, 0, 0]",up,64
77,630,"[32, 16, 32, 16, 0, 2, 64, 4, 0, 0, 0, 2, 2, 0, 0, 0]",right,64
78,630,"[32, 16, 32, 16, 0, 2, 64, 4, 2, 0, 0, 2, 0, 0, 0, 2]",right,64
79,634,"[32, 16, 32, 16, 0, 2, 64, 4, 0, 0, 0, 4, 0, 2, 0, 2]",right,64
80,646,"[32, 16, 32, 16, 0, 4, 64, 8, 0, 0, 0, 2, 0, 0, 0, 2]",up,64
81,650,"[32, 16, 32, 16, 0, 4, 64, 8, 0, 0, 0, 4, 0, 0, 0, 2]",up,64
82,650,"[32, 16, 32, 16, 4, 64, 8, 2, 4, 0, 0, 0, 2, 0, 0, 0]",left,64
83,658,"[32, 16, 32, 16, 8, 64, 8, 2, 2, 0, 0, 2, 0, 0, 0, 0]",up,64
84,662,"[32, 16, 32, 16, 8, 64, 8, 4, 2, 0, 0, 2, 0, 0, 0, 0]",up,64
85,666,"[32, 16, 32, 16, 8, 64, 8, 4, 0, 0, 0, 4, 0, 0, 0, 2]",right,64
86,674,"[32, 16, 32, 16, 8, 64, 8, 8, 0, 0, 2, 2, 0, 0, 0, 0]",up,64
87,694,"[32, 16, 32, 16, 0, 8, 64, 16, 0, 0, 0, 4, 2, 0, 0, 0]",right,64
88,726,"[32, 16, 32, 32, 2, 8, 64, 4, 0, 0, 0, 4, 0, 0, 0, 0]",up,64
89,734,"[32, 16, 32, 32, 2, 8, 64, 8, 0, 0, 0, 0, 0, 0, 2, 0]",up,64
90,798,"[32, 16, 64, 0, 2, 8, 64, 8, 0, 0, 2, 0, 2, 0, 0, 0]",left,64
91,798,"[32, 16, 64, 0, 2, 8, 64, 8, 2, 0, 0, 2, 2, 0, 0, 0]",left,64
92,802,"[32, 16, 64, 2, 2, 8, 64, 8, 4, 0, 0, 0, 2, 0, 0, 0]",left,64
93,930,"[32, 16, 128, 2, 2, 8, 0, 8, 4, 0, 0, 2, 2, 0, 0, 0]",up,128
94,946,"[32, 16, 128, 2, 2, 16, 0, 0, 4, 2, 0, 0, 2, 0, 2, 0]",left,128
95,950,"[32, 16, 128, 2, 2, 16, 0, 0, 4, 2, 0, 0, 4, 2, 0, 0]",left,128
96,994,"[32, 32, 128, 2, 2, 4, 0, 0, 8, 0, 0, 0, 0, 0, 0, 2]",up,128
97,998,"[32, 32, 128, 4, 2, 4, 0, 0, 8, 0, 2, 0, 0, 0, 0, 0]",up,128
98,1062,"[64, 128, 4, 2, 2, 4, 0, 0, 8, 2, 0, 0, 0, 0, 0, 0]",left,128
99,1062,"[0, 0, 0, 0, 64, 128, 0, 2, 2, 4, 0, 0, 8, 2, 4, 2]",down,128
100,1062,"[2, 0, 0, 0, 64, 128, 2, 0, 2, 4, 0, 0, 8, 2, 4, 2]",left,128
101,1062,"[0, 2, 0, 2, 0, 64, 128, 2, 0, 0, 2, 4, 8, 2, 4, 2]",right,128
102,1064,"[2, 0, 0, 0, 0, 2, 128, 4, 0, 64, 2, 4, 8, 2, 4, 2]",down,128
103,1064,"[2, 2, 0, 0, 2, 128, 4, 0, 64, 2, 4, 0, 8, 2, 4, 2]",left,128
104,1068,"[0, 0, 2, 4, 0, 2, 128, 4, 0, 64, 2, 4, 8, 2, 4, 2]",right,128
105,1068,"[2, 4, 0, 2, 2, 128, 4, 0, 64, 2, 4, 0, 8, 2, 4, 2]",left,128
106,1088,"[4, 4, 8, 4, 64, 128, 4, 0, 8, 4, 0, 0, 0, 2, 0, 0]",up,128
107,1088,"[0, 4, 2, 0, 4, 128, 0, 0, 64, 4, 8, 0, 8, 2, 4, 4]",down,128
108,1088,"[4, 4, 2, 4, 64, 128, 8, 0, 8, 4, 4, 0, 0, 2, 0, 2]",up,128
109,1088,"[4, 4, 2, 4, 64, 128, 8, 2, 8, 4, 4, 0, 4, 2, 0, 0]",up,128
110,1088,"[4, 4, 0, 2, 64, 128, 2, 0, 8, 4, 8, 4, 4, 2, 4, 2]",down,128
111,1088,"[4, 4, 2, 2, 64, 128, 8, 4, 8, 4, 4, 2, 4, 2, 2, 0]",up,128
112,1112,"[8, 4, 0, 2, 64, 128, 8, 4, 8, 8, 2, 0, 4, 4, 0, 0]",left,128
113,1136,"[2, 8, 4, 2, 64, 128, 8, 4, 0, 0, 16, 2, 0, 0, 0, 8]",right,128
114,1136,"[0, 0, 0, 2, 0, 2, 4, 4, 2, 8, 8, 2, 64, 128, 16, 8]",down,128
115,1160,"[2, 0, 0, 0, 2, 8, 0, 2, 2, 16, 2, 0, 64, 128, 16, 8]",left,128
116,1160,"[0, 0, 0, 2, 2, 2, 8, 2, 0, 2, 16, 2, 64, 128, 16, 8]",right,128
117,1200,"[2, 4, 8, 4, 64, 128, 32, 2, 0, 0, 0, 8, 0, 0, 2, 0]",up,128
118,1200,"[2, 4, 8, 4, 64, 128, 32, 2, 0, 0, 2, 8, 0, 0, 0, 2]",right,128
119,1200,"[0, 0, 0, 4, 2, 0, 8, 2, 2, 4, 32, 8, 64, 128, 2, 2]",down,128
120,1204,"[4, 4, 8, 4, 64, 128, 32, 2, 0, 0, 2, 8, 4, 0, 0, 2]",up,128
121,1204,"[4, 4, 8, 4, 64, 128, 32, 2, 4, 0, 2, 8, 0, 0, 2, 2]",up,128
122,1208,"[4, 4, 8, 4, 64, 128, 32, 2, 4, 2, 4, 8, 0, 0, 0, 2]",up,128
123,1208,"[2, 0, 0, 4, 4, 4, 8, 2, 64, 128, 32, 8, 4, 2, 4, 2]",down,128
124,1208,"[2, 4, 8, 4, 4, 128, 32, 2, 64, 2, 4, 8, 4, 2, 0, 2]",up,128
125,1212,"[2, 4, 8, 4, 4, 128, 32, 2, 64, 4, 4, 8, 4, 0, 2, 2]",up,128
126,1224,"[2, 4, 8, 4, 4, 128, 32, 2, 64, 8, 8, 0, 4, 4, 2, 0]",left,128
127,1224,"[2, 4, 8, 0, 4, 128, 32, 2, 64, 8, 8, 4, 4, 4, 2, 2]",down,128
128,1252,"[2, 4, 8, 0, 4, 128, 32, 2, 64, 16, 4, 0, 8, 4, 2, 0]",left,128
129,1252,"[2, 4, 8, 2, 4, 128, 32, 0, 64, 16, 4, 2, 8, 4, 2, 0]",up,128
130,1252,"[2, 4, 8, 2, 2, 4, 128, 32, 64, 16, 4, 2, 0, 8, 4, 2]",right,128
131,1276,"[4, 8, 8, 2, 64, 16, 128, 32, 2, 8, 8, 4, 0, 0, 0, 0]",up,128
132,1276,"[0, 2, 0, 0, 4, 8, 8, 2, 64, 16, 128, 32, 2, 8, 8, 4]",down,128
133,1276,"[4, 2, 8, 2, 64, 8, 128, 32, 2, 16, 8, 4, 2, 8, 0, 0]",up,128
134,1280,"[4, 2, 8, 2, 64, 8, 128, 32, 4, 16, 8, 4, 2, 8, 0, 0]",up,128
135,1280,"[4, 2, 0, 4, 64, 8, 8, 2, 4, 16, 128, 32, 2, 8, 8, 4]",down,128
136,1280,"[4, 2, 8, 4, 64, 8, 128, 2, 4, 16, 8, 32, 2, 8, 2, 4]",up,128
1,0,"[4, 0, 0, 0, 0, 0, 0, 0, 0, 0, 0, 0, 0, 0, 2, 0]",up,4
2,0,"[4, 0, 2, 0, 0, 0, 2, 0, 0, 0, 0, 0, 0, 0, 0, 0]",up,4
3,4,"[4, 0, 4, 0, 0, 0, 0, 0, 0, 2, 0, 0, 0, 0, 0, 0]",up,4
4,4,"[4, 2, 4, 0, 0, 0, 0, 0, 0, 0, 2, 0, 0, 0, 0, 0]",up,4
5,4,"[4, 2, 4, 0, 0, 0, 2, 2, 0, 0, 0, 0, 0, 0, 0, 0]",up,4
6,4,"[4, 2, 4, 2, 0, 0, 2, 0, 0, 0, 0, 0, 2, 0, 0, 0]",up,4
7,4,"[4, 2, 4, 2, 2, 0, 2, 0, 0, 0, 0, 0, 2, 0, 0, 0]",up,4
8,8,"[4, 2, 4, 2, 4, 0, 2, 0, 0, 0, 0, 0, 0, 0, 0, 2]",up,4
9,20,"[8, 2, 4, 4, 0, 0, 2, 0, 0, 0, 0, 0, 2, 0, 0, 0]",up,8
10,28,"[8, 2, 8, 0, 2, 0, 0, 4, 0, 0, 0, 0, 2, 0, 0, 0]",left,8
11,32,"[8, 2, 8, 4, 4, 0, 2, 0, 0, 0, 0, 0, 0, 0, 0, 0]",up,8
12,32,"[8, 2, 8, 4, 4, 2, 2, 0, 0, 0, 0, 0, 0, 0, 0, 0]",left,8
13,36,"[8, 2, 8, 4, 4, 4, 2, 0, 0, 0, 0, 0, 0, 0, 0, 0]",left,8
14,36,"[2, 0, 0, 0, 0, 0, 0, 0, 8, 2, 8, 0, 4, 4, 2, 4]",down,8
15,44,"[2, 0, 0, 0, 2, 0, 0, 0, 8, 2, 8, 0, 8, 2, 4, 0]",left,8
16,68,"[4, 4, 8, 2, 16, 0, 4, 0, 0, 0, 0, 0, 0, 0, 0, 0]",up,16
17,76,"[8, 8, 2, 0, 16, 4, 0, 0, 2, 0, 0, 0, 0, 0, 0, 0]",left,16
18,76,"[0, 0, 0, 0, 8, 0, 0, 0, 16, 8, 2, 0, 2, 4, 2, 0]",down,16
19,80,"[8, 8, 4, 0, 16, 4, 0, 0, 2, 2, 0, 0, 0, 0, 0, 0]",up,16
20,80,"[0, 0, 0, 2, 8, 8, 0, 0, 16, 4, 0, 0, 2, 2, 4, 0]",down,16
21,80,"[8, 8, 4, 2, 16, 4, 0, 0, 2, 2, 0, 0, 0, 0, 0, 2]",up,16
22,84,"[8, 8, 4, 4, 16, 4, 2, 0, 2, 2, 0, 0, 0, 0, 0, 0]",up,16
23,84,"[0, 0, 0, 0, 8, 8, 0, 0, 16, 4, 4, 2, 2, 2, 2, 4]",down,16
24,112,"[0, 2, 0, 0, 0, 0, 0, 16, 0, 16, 8, 2, 0, 2, 4, 4]",right,16
25,112,"[0, 2, 8, 16, 0, 16, 4, 2, 0, 2, 0, 4, 2, 0, 0, 0]",up,16
26,112,"[2, 8, 16, 0, 16, 4, 2, 0, 2, 4, 0, 0, 2, 0, 2, 0]",left,16
27,128,"[2, 8, 16, 0, 16, 8, 4, 0, 4, 0, 0, 0, 0, 0, 0, 2]",up,16
28,144,"[2, 16, 16, 2, 16, 0, 4, 0, 4, 0, 0, 0, 0, 0, 0, 2]",up,16
29,148,"[2, 16, 16, 4, 16, 0, 4, 0, 4, 0, 0, 2, 0, 0, 0, 0]",up,16
30,148,"[2, 16, 16, 4, 16, 0, 4, 2, 4, 0, 0, 0, 0, 0, 0, 2]",up,16
31,152,"[2, 16, 16, 4, 16, 0, 4, 4, 4, 0, 0, 0, 0, 0, 4, 0]",up,16
32,160,"[2, 0, 0, 0, 2, 0, 0, 0, 16, 0, 16, 0, 4, 16, 8, 8]",down,16
33,162,"[0, 0, 0, 2, 4, 0, 0, 0, 16, 0, 16, 0, 4, 16, 8, 8]",down,16
34,210,"[2, 0, 0, 0, 4, 0, 0, 0, 32, 2, 0, 0, 4, 16, 16, 0]",left,32
35,210,"[2, 2, 16, 0, 4, 16, 0, 0, 32, 0, 0, 2, 4, 0, 0, 0]",up,32
36,210,"[2, 0, 0, 0, 4, 0, 0, 2, 32, 2, 0, 0, 4, 16, 16, 2]",down,32
37,242,"[2, 0, 0, 0, 4, 2, 0, 0, 32, 2, 0, 0, 4, 32, 2, 2]",left,32
38,246,"[0, 2, 0, 2, 0, 0, 4, 2, 0, 0, 32, 2, 0, 4, 32, 4]",right,32
39,250,"[0, 0, 0, 4, 0, 0, 4, 2, 0, 2, 32, 2, 0, 4, 32, 4]",right,32
40,318,"[0, 2, 4, 4, 0, 4, 64, 4, 0, 0, 0, 4, 0, 0, 2, 0]",up,64
41,326,"[0, 2, 4, 8, 0, 4, 64, 4, 0, 0, 2, 0, 0, 0, 2, 0]",up,64
42,330,"[0, 2, 4, 8, 0, 4, 64, 4, 0, 0, 4, 4, 0, 0, 0, 0]",up,64
43,338,"[0, 2, 4, 8, 0, 4, 64, 8, 0, 0, 4, 0, 0, 2, 0, 0]",up,64
44,338,"[2, 4, 8, 0, 4, 64, 8, 0, 4, 2, 0, 0, 2, 0, 0, 0]",left,64
45,362,"[2, 4, 16, 0, 8, 64, 0, 0, 2, 2, 2, 0, 0, 0, 0, 0]",up,64
46,362,"[2, 4, 16, 0, 8, 64, 2, 0, 2, 2, 0, 2, 0, 0, 0, 0]",up,64
47,362,"[0, 0, 0, 0, 2, 4, 0, 0, 8, 64, 16, 2, 2, 2, 2, 2]",down,64
48,370,"[0, 0, 0, 2, 2, 4, 0, 0, 8, 64, 16, 2, 4, 4, 0, 0]",left,64
49,378,"[2, 0, 0, 0, 2, 4, 0, 0, 8, 64, 16, 2, 8, 4, 0, 0]",left,64
50,398,"[4, 4, 16, 2, 16, 64, 0, 0, 0, 4, 0, 0, 2, 0, 0, 0]",up,64
51,398,"[4, 4, 16, 2, 16, 64, 0, 0, 2, 4, 0, 0, 2, 0, 0, 0]",up,64
52,406,"[2, 8, 16, 2, 0, 0, 16, 64, 0, 0, 2, 4, 0, 0, 0, 2]",right,64
53,438,"[2, 8, 32, 2, 0, 0, 2, 64, 2, 0, 0, 4, 0, 0, 0, 2]",up,64
54,438,"[2, 8, 32, 2, 2, 64, 0, 0, 2, 4, 0, 0, 2, 0, 0, 2]",left,64
55,442,"[2, 8, 32, 2, 0, 2, 2, 64, 0, 0, 2, 4, 0, 0, 0, 4]",right,64
56,454,"[2, 8, 32, 2, 2, 2, 4, 64, 0, 0, 0, 8, 0, 0, 0, 0]",up,64
57,458,"[2, 8, 32, 2, 4, 4, 64, 0, 8, 0, 0, 0, 0, 4, 0, 0]",left,64
58,462,"[0, 0, 0, 2, 2, 0, 0, 0, 4, 8, 32, 0, 8, 8, 64, 2]",down,64
59,478,"[2, 0, 0, 0, 2, 0, 0, 0, 4, 8, 32, 2, 16, 64, 2, 0]",left,64
60,482,"[4, 8, 32, 2, 4, 64, 2, 0, 16, 0, 0, 0, 0, 2, 0, 0]",up,64
61,486,"[0, 0, 0, 0, 0, 8, 2, 0, 8, 64, 32, 0, 16, 2, 2, 2]",down,64
62,486,"[8, 8, 2, 2, 16, 64, 32, 0, 0, 2, 2, 0, 0, 2, 0, 0]",up,64
63,510,"[16, 4, 0, 0, 16, 64, 32, 0, 4, 0, 0, 2, 2, 0, 0, 0]",left,64
64,542,"[32, 4, 32, 2, 4, 64, 2, 0, 2, 0, 0, 0, 0, 0, 0, 0]",up,64
65,542,"[32, 4, 32, 2, 0, 4, 64, 2, 0, 2, 0, 2, 0, 0, 0, 0]",right,64
66,546,"[32, 4, 32, 2, 0, 4, 64, 2, 0, 2, 0, 4, 0, 0, 0, 0]",right,64
67,558,"[32, 8, 32, 4, 0, 2, 64, 4, 0, 0, 0, 0, 0, 0, 0, 2]",up,64
68,558,"[32, 8, 32, 4, 2, 64, 4, 2, 0, 0, 0, 0, 2, 0, 0, 0]",left,64
69,558,"[32, 8, 32, 4, 2, 64, 4, 2, 2, 0, 0, 0, 0, 0, 0, 2]",right,64
70,566,"[32, 8, 32, 4, 4, 64, 4, 4, 0, 0, 0, 0, 0, 0, 0, 2]",up,64
71,574,"[32, 8, 32, 4, 4, 64, 8, 0, 0, 0, 0, 2, 2, 0, 0, 0]",left,64
72,574,"[32, 8, 32, 4, 4, 64, 8, 0, 2, 0, 2, 0, 2, 0, 0, 0]",left,64
73,578,"[32, 8, 32, 4, 4, 64, 8, 0, 4, 0, 0, 0, 2, 0, 0, 4]",left,64
74,594,"[32, 8, 32, 8, 8, 64, 8, 0, 2, 0, 2, 0, 0, 0, 0, 0]",up,64
75,598,"[32, 8, 32, 8, 0, 8, 64, 8, 0, 0, 0, 4, 2, 0, 0, 0]",right,64
76,630,"[32, 16, 32, 16, 2, 0, 64, 4, 0, 2, 0, 0, 0, 0, 0, 0]",up,64
77,630,"[32, 16, 32, 16, 0, 2, 64, 4, 0, 0, 0, 2, 2, 0, 0, 0]",right,64
78,630,"[32, 16, 32, 16, 0, 2, 64, 4, 2, 0, 0, 2, 0, 0, 0, 2]",right,64
79,634,"[32, 16, 32, 16, 0, 2, 64, 4, 0, 0, 0, 4, 0, 2, 0, 2]",right,64
80,646,"[32, 16, 32, 16, 0, 4, 64, 8, 0, 0, 0, 2, 0, 0, 0, 2]",up,64
81,650,"[32, 16, 32, 16, 0, 4, 64, 8, 0, 0, 0, 4, 0, 0, 0, 2]",up,64
82,650,"[32, 16, 32, 16, 4, 64, 8, 2, 4, 0, 0, 0, 2, 0, 0, 0]",left,64
83,658,"[32, 16, 32, 16, 8, 64, 8, 2, 2, 0, 0, 2, 0, 0, 0, 0]",up,64
84,662,"[32, 16, 32, 16, 8, 64, 8, 2, 0, 0, 2, 4, 0, 0, 0, 0]",right,64
85,662,"[32, 16, 32, 16, 8, 64, 8, 2, 2, 4, 0, 2, 0, 0, 0, 0]",left,64
86,666,"[32, 16, 32, 16, 8, 64, 8, 4, 2, 4, 2, 0, 0, 0, 0, 0]",up,64
87,666,"[0, 0, 0, 0, 32, 16, 32, 2, 8, 64, 8, 16, 2, 4, 2, 4]",down,64
88,666,"[32, 16, 32, 2, 8, 64, 8, 16, 2, 4, 2, 4, 0, 0, 0, 2]",up,64
89,666,"[2, 0, 0, 2, 32, 16, 32, 16, 8, 64, 8, 4, 2, 4, 2, 2]",down,64
90,666,"[2, 16, 32, 2, 32, 64, 8, 16, 8, 4, 2, 4, 2, 0, 2, 2]",up,64
91,670,"[2, 16, 32, 2, 32, 64, 8, 16, 8, 4, 4, 4, 2, 2, 0, 2]",up,64
92,670,"[2, 16, 2, 2, 32, 64, 32, 16, 8, 4, 8, 4, 2, 2, 4, 2]",down,64
93,678,"[2, 16, 4, 0, 32, 64, 32, 16, 8, 4, 8, 4, 4, 4, 2, 2]",left,64
94,686,"[2, 16, 4, 16, 32, 64, 32, 4, 8, 8, 8, 2, 4, 2, 2, 0]",up,64
95,706,"[2, 16, 4, 16, 32, 64, 32, 4, 0, 8, 16, 2, 2, 0, 4, 4]",right,64
96,706,"[2, 0, 4, 16, 2, 16, 32, 4, 32, 64, 16, 2, 2, 8, 4, 4]",down,64
97,708,"[0, 2, 4, 16, 4, 16, 32, 4, 32, 64, 16, 2, 2, 8, 4, 4]",down,64
98,716,"[2, 2, 4, 16, 4, 16, 32, 4, 32, 64, 16, 2, 0, 2, 8, 8]",right,64
99,736,"[2, 4, 4, 16, 4, 16, 32, 4, 32, 64, 16, 2, 0, 0, 2, 16]",right,64
100,744,"[2, 2, 8, 16, 4, 16, 32, 4, 32, 64, 16, 2, 0, 0, 2, 16]",right,64
101,744,"[2, 0, 8, 16, 2, 2, 32, 4, 4, 16, 16, 2, 32, 64, 2, 16]",down,64
102,780,"[2, 8, 16, 0, 4, 32, 4, 2, 4, 32, 2, 0, 32, 64, 2, 16]",left,64
103,856,"[2, 8, 16, 2, 8, 64, 4, 16, 32, 64, 4, 0, 2, 0, 0, 0]",up,64
104,856,"[2, 8, 16, 2, 8, 64, 4, 16, 0, 32, 64, 4, 0, 2, 0, 2]",right,64
105,856,"[2, 8, 0, 2, 0, 64, 16, 16, 2, 32, 4, 4, 8, 2, 64, 2]",down,64
106,896,"[2, 8, 2, 4, 64, 32, 0, 0, 2, 32, 8, 0, 8, 2, 64, 2]",left,64
107,960,"[2, 8, 2, 4, 64, 64, 8, 2, 2, 2, 64, 0, 8, 4, 0, 0]",up,64
108,960,"[2, 8, 0, 2, 64, 64, 2, 0, 2, 2, 8, 4, 8, 4, 64, 2]",down,64
109,960,"[2, 8, 2, 2, 64, 64, 8, 4, 2, 2, 64, 2, 8, 4, 2, 0]",up,64
110,1096,"[2, 8, 4, 0, 128, 8, 4, 2, 4, 64, 2, 0, 8, 4, 2, 0]",left,128
111,1124,"[2, 16, 8, 2, 128, 64, 4, 2, 4, 4, 0, 0, 8, 0, 0, 0]",up,128
112,1132,"[2, 16, 8, 2, 128, 64, 4, 2, 8, 0, 0, 0, 8, 0, 2, 0]",left,128
113,1132,"[2, 16, 8, 2, 128, 64, 4, 2, 8, 0, 0, 0, 8, 2, 0, 2]",left,128
114,1152,"[2, 16, 8, 4, 128, 64, 4, 2, 16, 2, 0, 0, 0, 2, 0, 0]",up,128
115,1152,"[2, 16, 8, 4, 128, 64, 4, 2, 0, 0, 16, 2, 0, 2, 0, 2]",right,128
116,1156,"[2, 16, 8, 4, 128, 64, 4, 2, 0, 0, 16, 2, 0, 0, 2, 4]",right,128
117,1158,"[2, 0, 8, 0, 0, 0, 4, 4, 2, 16, 16, 4, 128, 64, 2, 4]",down,128
118,1198,"[0, 0, 2, 8, 0, 0, 2, 8, 0, 2, 32, 4, 128, 64, 2, 4]",right,128
119,1226,"[128, 2, 4, 16, 0, 64, 32, 8, 0, 0, 2, 0, 2, 0, 0, 0]",up,128
120,1226,"[128, 2, 4, 16, 64, 32, 8, 0, 2, 2, 0, 0, 2, 0, 0, 0]",left,128
121,1230,"[128, 2, 4, 16, 0, 64, 32, 8, 0, 0, 0, 4, 0, 0, 2, 2]",right,128
122,1234,"[128, 2, 4, 16, 0, 64, 32, 8, 0, 0, 0, 4, 0, 0, 4, 4]",right,128
123,1242,"[128, 2, 4, 16, 0, 64, 32, 8, 0, 0, 0, 4, 0, 0, 2, 8]",right,128
124,1242,"[128, 2, 4, 16, 0, 64, 32, 8, 0, 2, 2, 4, 0, 0, 0, 8]",up,128
125,1246,"[128, 2, 4, 16, 64, 32, 8, 0, 4, 4, 2, 0, 8, 0, 0, 0]",left,128
126,1254,"[128, 2, 4, 16, 64, 32, 8, 0, 8, 2, 0, 0, 8, 0, 0, 2]",left,128
127,1270,"[128, 2, 4, 16, 64, 32, 8, 2, 16, 2, 0, 0, 0, 2, 0, 0]",up,128
128,1270,"[128, 2, 4, 16, 64, 32, 8, 2, 16, 2, 0, 0, 2, 2, 0, 0]",left,128
129,1274,"[128, 2, 4, 16, 64, 32, 8, 2, 16, 4, 0, 0, 2, 0, 2, 0]",up,128
130,1278,"[128, 2, 4, 16, 64, 32, 8, 2, 16, 4, 0, 2, 4, 0, 0, 0]",left,128
131,1280,"[128, 2, 0, 0, 64, 2, 0, 0, 16, 32, 4, 16, 4, 4, 8, 4]",down,128
132,1284,"[128, 4, 4, 16, 64, 32, 8, 4, 16, 4, 0, 2, 4, 0, 0, 0]",up,128
133,1284,"[128, 0, 2, 0, 64, 4, 0, 16, 16, 32, 4, 4, 4, 4, 8, 2]",down,128
134,1284,"[128, 4, 2, 16, 64, 32, 4, 4, 16, 4, 8, 2, 4, 2, 0, 0]",up,128
135,1292,"[128, 4, 2, 16, 0, 64, 32, 8, 16, 4, 8, 2, 4, 0, 4, 2]",right,128
136,1296,"[128, 4, 2, 16, 16, 64, 32, 8, 4, 4, 8, 4, 0, 0, 4, 2]",up,128
137,1296,"[0, 2, 2, 16, 128, 4, 32, 8, 16, 64, 8, 4, 4, 4, 4, 2]",down,128
138,1296,"[128, 2, 2, 16, 16, 4, 32, 8, 4, 64, 8, 4, 2, 4, 4, 2]",up,128
139,1308,"[0, 128, 4, 16, 16, 4, 32, 8, 4, 64, 8, 4, 2, 2, 8, 2]",right,128
140,1316,"[0, 128, 2, 16, 16, 4, 4, 8, 4, 64, 32, 4, 2, 2, 16, 2]",down,128
141,1328,"[128, 2, 16, 0, 16, 8, 8, 0, 4, 64, 32, 4, 4, 16, 2, 2]",left,128
142,1348,"[128, 2, 16, 2, 16, 16, 0, 0, 4, 64, 32, 4, 4, 16, 4, 0]",left,128
143,1356,"[128, 2, 16, 2, 16, 16, 32, 4, 8, 64, 4, 2, 0, 16, 0, 0]",up,128
144,1388,"[128, 2, 16, 2, 2, 32, 32, 4, 8, 64, 4, 2, 0, 0, 0, 16]",right,128
145,1452,"[128, 2, 16, 2, 2, 64, 4, 0, 8, 64, 4, 2, 16, 2, 0, 0]",left,128
146,1452,"[128, 2, 16, 2, 0, 2, 64, 4, 8, 64, 4, 2, 2, 0, 16, 2]",right,128
147,1452,"[128, 2, 16, 2, 0, 2, 64, 4, 8, 64, 4, 2, 2, 2, 16, 2]",right,128
148,1456,"[0, 0, 16, 2, 128, 4, 64, 2, 8, 64, 4, 4, 2, 2, 16, 4]",down,128
149,1468,"[128, 4, 16, 4, 8, 64, 64, 8, 2, 2, 4, 0, 4, 0, 16, 0]",up,128
150,1600,"[128, 4, 16, 4, 8, 128, 8, 2, 4, 4, 0, 0, 4, 16, 0, 0]",left,128
151,1608,"[128, 4, 16, 4, 8, 128, 8, 2, 0, 0, 2, 8, 0, 0, 4, 16]",right,128
152,1608,"[2, 0, 16, 4, 0, 0, 8, 2, 128, 4, 2, 8, 8, 128, 4, 16]",down,128
153,1608,"[2, 4, 16, 4, 128, 128, 8, 2, 8, 0, 2, 8, 2, 0, 4, 16]",up,128
154,1608,"[2, 2, 16, 4, 128, 0, 8, 2, 8, 4, 2, 8, 2, 128, 4, 16]",down,128
155,1612,"[4, 16, 4, 4, 128, 8, 2, 0, 8, 4, 2, 8, 2, 128, 4, 16]",left,128
156,1614,"[4, 16, 2, 0, 128, 8, 4, 4, 8, 4, 4, 8, 2, 128, 4, 16]",down,128
157,1630,"[4, 16, 2, 0, 128, 8, 8, 2, 8, 8, 8, 0, 2, 128, 4, 16]",left,128
158,1662,"[2, 4, 16, 2, 0, 128, 16, 2, 0, 0, 8, 16, 2, 128, 4, 16]",right,128
159,1990,"[4, 4, 32, 4, 0, 256, 8, 32, 0, 0, 4, 4, 0, 0, 0, 0]",up,256
160,2006,"[0, 8, 32, 4, 0, 256, 8, 32, 0, 0, 0, 8, 0, 2, 0, 0]",right,256
161,2006,"[0, 8, 32, 4, 2, 256, 8, 32, 0, 2, 0, 8, 0, 0, 0, 0]",up,256
162,2006,"[2, 8, 32, 4, 0, 256, 8, 32, 2, 2, 0, 8, 0, 0, 0, 0]",up,256
163,2010,"[4, 8, 32, 4, 0, 256, 8, 32, 2, 2, 0, 8, 0, 0, 0, 0]",up,256
164,2010,"[4, 8, 32, 4, 2, 256, 8, 32, 0, 2, 0, 8, 0, 2, 0, 0]",up,256
165,2010,"[4, 8, 32, 4, 2, 256, 8, 32, 0, 0, 2, 8, 0, 0, 2, 2]",right,256
166,2014,"[4, 8, 32, 4, 2, 256, 8, 32, 2, 8, 0, 0, 4, 0, 0, 2]",left,256
167,2018,"[4, 8, 32, 4, 4, 256, 8, 32, 4, 8, 0, 2, 0, 0, 2, 0]",up,256
168,2026,"[8, 8, 32, 4, 4, 256, 8, 32, 2, 8, 2, 2, 0, 0, 0, 0]",up,256
169,2046,"[0, 16, 32, 4, 4, 256, 8, 32, 0, 2, 8, 4, 0, 0, 0, 2]",right,256
170,2062,"[4, 16, 32, 4, 2, 256, 16, 32, 0, 2, 0, 4, 0, 0, 0, 2]",up,256
171,2062,"[4, 16, 32, 4, 2, 256, 16, 32, 2, 0, 2, 4, 0, 0, 0, 2]",right,256
172,2066,"[4, 16, 32, 4, 2, 256, 16, 32, 0, 0, 4, 4, 0, 0, 2, 2]",right,256
173,2066,"[0, 0, 32, 4, 0, 2, 16, 32, 4, 16, 4, 4, 2, 256, 2, 2]",down,256
174,2066,"[4, 2, 32, 4, 2, 16, 16, 32, 0, 256, 4, 4, 2, 0, 2, 2]",up,256
175,2070,"[4, 2, 32, 4, 4, 16, 16, 32, 2, 256, 4, 4, 0, 0, 2, 2]",up,256
176,2114,"[4, 2, 32, 4, 4, 32, 32, 0, 2, 256, 8, 0, 4, 4, 0, 0]",left,256
177,2186,"[4, 2, 32, 4, 4, 64, 0, 0, 2, 256, 8, 0, 8, 2, 0, 0]",left,256
178,2194,"[8, 2, 32, 4, 2, 64, 8, 0, 8, 256, 0, 2, 0, 2, 0, 0]",up,256
179,2194,"[8, 2, 32, 4, 2, 64, 8, 0, 8, 256, 2, 0, 2, 0, 0, 2]",left,256
180,2198,"[8, 2, 32, 4, 2, 64, 8, 0, 8, 256, 2, 0, 4, 0, 2, 0]",left,256
181,2198,"[8, 2, 32, 4, 0, 2, 64, 8, 0, 8, 256, 2, 2, 0, 4, 2]",right,256
182,2202,"[0, 0, 32, 0, 0, 2, 64, 4, 8, 4, 256, 8, 2, 8, 4, 4]",down,256
183,2202,"[8, 2, 32, 4, 2, 4, 64, 8, 0, 8, 256, 4, 0, 2, 4, 0]",up,256
184,2202,"[2, 2, 32, 0, 0, 4, 64, 4, 8, 8, 256, 8, 2, 2, 4, 4]",down,256
185,2234,"[2, 0, 4, 32, 0, 4, 64, 4, 0, 16, 256, 8, 0, 0, 4, 8]",right,256
186,2250,"[2, 4, 4, 32, 2, 16, 64, 4, 0, 0, 256, 16, 0, 0, 4, 0]",up,256
187,2258,"[2, 8, 32, 4, 2, 16, 64, 4, 256, 16, 0, 0, 4, 0, 0, 0]",left,256
188,2302,"[4, 8, 32, 8, 256, 32, 64, 0, 4, 0, 0, 0, 0, 2, 0, 0]",up,256
189,2302,"[4, 8, 32, 8, 256, 32, 64, 0, 4, 2, 0, 0, 2, 0, 0, 0]",up,256
190,2302,"[4, 2, 0, 0, 256, 8, 0, 0, 4, 32, 32, 0, 2, 2, 64, 8]",down,256
191,2370,"[4, 2, 0, 2, 256, 8, 0, 0, 4, 64, 0, 0, 4, 64, 8, 0]",left,256
192,2374,"[4, 4, 0, 0, 256, 8, 0, 0, 4, 64, 0, 0, 4, 64, 8, 4]",left,256
193,2510,"[4, 4, 8, 4, 256, 8, 0, 0, 8, 128, 0, 0, 2, 0, 0, 0]",up,256
194,2510,"[4, 0, 0, 2, 256, 4, 0, 0, 8, 8, 0, 0, 2, 128, 8, 4]",down,256
195,2510,"[4, 4, 8, 2, 256, 8, 0, 4, 8, 128, 0, 0, 2, 0, 4, 0]",up,256
196,2518,"[8, 8, 2, 0, 256, 8, 4, 0, 8, 128, 0, 0, 2, 4, 4, 0]",left,256
197,2542,"[8, 16, 2, 2, 256, 128, 8, 0, 8, 4, 0, 0, 2, 0, 0, 0]",up,256
198,2542,"[8, 0, 2, 0, 256, 16, 0, 0, 8, 128, 2, 0, 2, 4, 8, 2]",down,256
199,2546,"[8, 16, 4, 2, 256, 128, 8, 0, 8, 4, 2, 0, 2, 0, 0, 0]",up,256
200,2546,"[8, 16, 4, 2, 2, 256, 128, 8, 0, 8, 4, 2, 0, 0, 0, 2]",right,256
201,2550,"[8, 16, 4, 2, 2, 256, 128, 8, 0, 8, 4, 4, 0, 0, 0, 2]",up,256
202,2550,"[2, 0, 0, 2, 0, 16, 4, 8, 8, 256, 128, 4, 2, 8, 4, 2]",down,256
203,2554,"[4, 2, 0, 0, 16, 4, 8, 0, 8, 256, 128, 4, 2, 8, 4, 2]",left,256
204,2554,"[0, 2, 4, 2, 0, 16, 4, 8, 8, 256, 128, 4, 2, 8, 4, 2]",right,256
205,2558,"[0, 2, 2, 2, 0, 16, 8, 8, 8, 256, 128, 4, 2, 8, 4, 2]",down,256
206,2558,"[8, 2, 2, 2, 2, 16, 8, 8, 2, 256, 128, 4, 0, 8, 4, 2]",up,256
207,2562,"[8, 2, 2, 2, 4, 16, 8, 8, 0, 256, 128, 4, 2, 8, 4, 2]",up,256
208,2582,"[8, 4, 2, 0, 4, 16, 16, 0, 256, 128, 4, 2, 2, 8, 4, 2]",left,256
209,2614,"[8, 4, 2, 2, 4, 32, 0, 0, 256, 128, 4, 2, 2, 8, 4, 2]",left,256
210,2618,"[8, 4, 4, 2, 4, 32, 0, 0, 256, 128, 4, 2, 2, 8, 4, 2]",left,256
211,2626,"[0, 8, 8, 2, 2, 0, 4, 32, 256, 128, 4, 2, 2, 8, 4, 2]",right,256
212,2638,"[2, 8, 8, 2, 256, 128, 8, 32, 2, 8, 4, 4, 0, 0, 2, 0]",up,256
213,2662,"[2, 16, 2, 0, 256, 128, 8, 32, 2, 8, 8, 2, 2, 0, 0, 0]",left,256
214,2678,"[2, 16, 2, 0, 256, 128, 8, 32, 2, 16, 2, 0, 2, 0, 0, 2]",left,256
215,2682,"[2, 16, 2, 32, 256, 128, 8, 2, 4, 16, 2, 0, 0, 4, 0, 0]",up,256
216,2682,"[0, 16, 2, 0, 2, 128, 2, 0, 256, 16, 8, 32, 4, 4, 2, 2]",down,256
217,2686,"[2, 16, 4, 32, 256, 128, 8, 2, 4, 16, 2, 0, 0, 4, 2, 0]",up,256
218,2690,"[2, 16, 4, 32, 256, 128, 8, 2, 4, 16, 4, 0, 2, 4, 0, 0]",up,256
219,2690,"[2, 16, 4, 32, 256, 128, 8, 2, 0, 4, 16, 4, 0, 2, 2, 4]",right,256
220,2698,"[2, 16, 4, 32, 256, 128, 8, 2, 0, 4, 16, 8, 2, 2, 2, 0]",up,256
221,2698,"[0, 16, 4, 2, 2, 128, 8, 32, 256, 4, 16, 2, 2, 2, 2, 8]",down,256
222,2702,"[0, 16, 4, 2, 2, 128, 8, 32, 256, 4, 16, 2, 2, 2, 4, 8]",right,256
223,2702,"[2, 16, 4, 2, 256, 128, 8, 32, 2, 4, 16, 2, 2, 2, 4, 8]",up,256
224,2706,"[2, 16, 4, 2, 256, 128, 8, 32, 2, 4, 16, 2, 4, 4, 8, 2]",left,256
225,2714,"[2, 16, 4, 2, 256, 128, 8, 32, 2, 4, 16, 2, 8, 8, 2, 2]",left,256
226,2718,"[2, 16, 4, 2, 256, 128, 8, 32, 2, 4, 16, 4, 8, 8, 2, 2]",up,256
227,2738,"[2, 16, 4, 2, 256, 128, 8, 32, 2, 4, 16, 4, 16, 4, 0, 2]",left,256
228,2746,"[2, 16, 4, 2, 256, 128, 8, 32, 2, 8, 16, 4, 16, 0, 4, 2]",up,256
229,2746,"[2, 2, 4, 2, 256, 16, 8, 32, 2, 128, 16, 4, 16, 8, 4, 2]",down,256
230,2750,"[4, 4, 2, 4, 256, 16, 8, 32, 2, 128, 16, 4, 16, 8, 4, 2]",left,256
231,2758,"[8, 2, 4, 4, 256, 16, 8, 32, 2, 128, 16, 4, 16, 8, 4, 2]",left,256
232,2766,"[8, 2, 8, 2, 256, 16, 8, 32, 2, 128, 16, 4, 16, 8, 4, 2]",left,256
233,2782,"[8, 2, 16, 2, 256, 16, 16, 32, 2, 128, 4, 4, 16, 8, 2, 2]",up,256
234,2814,"[8, 2, 32, 2, 256, 16, 4, 32, 2, 128, 2, 4, 16, 8, 4, 2]",up,256
1,0,"[4, 0, 0, 0, 0, 0, 0, 0, 0, 0, 0, 0, 0, 0, 2, 0]",up,4
2,0,"[4, 0, 2, 0, 0, 0, 2, 0, 0, 0, 0, 0, 0, 0, 0, 0]",up,4
3,4,"[4, 0, 4, 0, 0, 0, 0, 0, 0, 2, 0, 0, 0, 0, 0, 0]",up,4
4,4,"[4, 2, 4, 0, 0, 0, 0, 0, 0, 0, 2, 0, 0, 0, 0, 0]",up,4
5,4,"[4, 2, 4, 0, 0, 0, 2, 2, 0, 0, 0, 0, 0, 0, 0, 0]",up,4
6,4,"[4, 2, 4, 2, 0, 0, 2, 0, 0, 0, 0, 0, 2, 0, 0, 0]",up,4
7,4,"[4, 2, 4, 2, 2, 0, 2, 0, 0, 0, 0, 0, 2, 0, 0, 0]",up,4
8,8,"[4, 2, 4, 2, 4, 0, 2, 0, 0, 0, 0, 0, 0, 0, 0, 2]",up,4
9,20,"[8, 2, 4, 4, 0, 0, 2, 0, 0, 0, 0, 0, 2, 0, 0, 0]",up,8
10,28,"[8, 2, 8, 0, 2, 0, 0, 4, 0, 0, 0, 0, 2, 0, 0, 0]",left,8
11,32,"[8, 2, 8, 4, 4, 0, 2, 0, 0, 0, 0, 0, 0, 0, 0, 0]",up,8
12,32,"[8, 2, 8, 4, 4, 2, 2, 0, 0, 0, 0, 0, 0, 0, 0, 0]",left,8
13,36,"[8, 2, 8, 4, 4, 4, 2, 0, 0, 0, 0, 0, 0, 0, 0, 0]",left,8
14,36,"[2, 0, 0, 0, 0, 0, 0, 0, 8, 2, 8, 0, 4, 4, 2, 4]",down,8
15,44,"[2, 0, 0, 0, 2, 0, 0, 0, 8, 2, 8, 0, 8, 2, 4, 0]",left,8
16,68,"[4, 4, 8, 2, 16, 0, 4, 0, 0, 0, 0, 0, 0, 0, 0, 0]",up,16
17,76,"[8, 8, 2, 0, 16, 4, 0, 0, 2, 0, 0, 0, 0, 0, 0, 0]",left,16
18,76,"[0, 0, 0, 0, 8, 0, 0, 0, 16, 8, 2, 0, 2, 4, 2, 0]",down,16
19,80,"[8, 8, 4, 0, 16, 4, 0, 0, 2, 2, 0, 0, 0, 0, 0, 0]",up,16
20,80,"[0, 0, 0, 2, 8, 8, 0, 0, 16, 4, 0, 0, 2, 2, 4, 0]",down,16
21,80,"[8, 8, 4, 2, 16, 4, 0, 0, 2, 2, 0, 0, 0, 0, 0, 2]",up,16
22,84,"[8, 8, 4, 4, 16, 4, 2, 0, 2, 2, 0, 0, 0, 0, 0, 0]",up,16
23,84,"[0, 0, 0, 0, 8, 8, 0, 0, 16, 4, 4, 2, 2, 2, 2, 4]",down,16
24,112,"[0, 2, 0, 0, 0, 0, 0, 16, 0, 16, 8, 2, 0, 2, 4, 4]",right,16
25,112,"[0, 2, 8, 16, 0, 16, 4, 2, 0, 2, 0, 4, 2, 0, 0, 0]",up,16
26,112,"[2, 8, 16, 0, 16, 4, 2, 0, 2, 4, 0, 0, 2, 0, 2, 0]",left,16
27,128,"[2, 8, 16, 0, 16, 8, 4, 0, 4, 0, 0, 0, 0, 0, 0, 2]",up,16
28,144,"[2, 16, 16, 2, 16, 0, 4, 0, 4, 0, 0, 0, 0, 0, 0, 2]",up,16
29,148,"[2, 16, 16, 4, 16, 0, 4, 0, 4, 0, 0, 2, 0, 0, 0, 0]",up,16
30,148,"[2, 16, 16, 4, 16, 0, 4, 2, 4, 0, 0, 0, 0, 0, 0, 2]",up,16
31,152,"[2, 16, 16, 4, 16, 0, 4, 4, 4, 0, 0, 0, 0, 0, 4, 0]",up,16
32,160,"[2, 0, 0, 0, 2, 0, 0, 0, 16, 0, 16, 0, 4, 16, 8, 8]",down,16
33,162,"[0, 0, 0, 2, 4, 0, 0, 0, 16, 0, 16, 0, 4, 16, 8, 8]",down,16
34,210,"[2, 0, 0, 0, 4, 0, 0, 0, 32, 2, 0, 0, 4, 16, 16, 0]",left,32
35,210,"[2, 2, 16, 0, 4, 16, 0, 0, 32, 0, 0, 2, 4, 0, 0, 0]",up,32
36,210,"[2, 0, 0, 0, 4, 0, 0, 2, 32, 2, 0, 0, 4, 16, 16, 2]",down,32
37,242,"[2, 0, 0, 0, 4, 2, 0, 0, 32, 2, 0, 0, 4, 32, 2, 2]",left,32
38,246,"[0, 2, 0, 2, 0, 0, 4, 2, 0, 0, 32, 2, 0, 4, 32, 4]",right,32
39,250,"[0, 0, 0, 4, 0, 0, 4, 2, 0, 2, 32, 2, 0, 4, 32, 4]",right,32
40,318,"[0, 2, 4, 4, 0, 4, 64, 4, 0, 0, 0, 4, 0, 0, 2, 0]",up,64
41,326,"[0, 2, 4, 8, 0, 4, 64, 4, 0, 0, 2, 0, 0, 0, 2, 0]",up,64
42,330,"[0, 2, 4, 8, 0, 4, 64, 4, 0, 0, 4, 4, 0, 0, 0, 0]",up,64
43,338,"[0, 2, 4, 8, 0, 4, 64, 8, 0, 0, 4, 0, 0, 2, 0, 0]",up,64
44,338,"[2, 4, 8, 0, 4, 64, 8, 0, 4, 2, 0, 0, 2, 0, 0, 0]",left,64
45,362,"[2, 4, 16, 0, 8, 64, 0, 0, 2, 2, 2, 0, 0, 0, 0, 0]",up,64
46,362,"[2, 4, 16, 0, 8, 64, 2, 0, 2, 2, 0, 2, 0, 0, 0, 0]",up,64
47,362,"[0, 0, 0, 0, 2, 4, 0, 0, 8, 64, 16, 2, 2, 2, 2, 2]",down,64
48,370,"[0, 0, 0, 2, 2, 4, 0, 0, 8, 64, 16, 2, 4, 4, 0, 0]",left,64
49,378,"[2, 0, 0, 0, 2, 4, 0, 0, 8, 64, 16, 2, 8, 4, 0, 0]",left,64
50,398,"[4, 4, 16, 2, 16, 64, 0, 0, 0, 4, 0, 0, 2, 0, 0, 0]",up,64
51,398,"[4, 4, 16, 2, 16, 64, 0, 0, 2, 4, 0, 0, 2, 0, 0, 0]",up,64
52,406,"[2, 8, 16, 2, 0, 0, 16, 64, 0, 0, 2, 4, 0, 0, 0, 2]",right,64
53,438,"[2, 8, 32, 2, 0, 0, 2, 64, 2, 0, 0, 4, 0, 0, 0, 2]",up,64
54,438,"[2, 8, 32, 2, 2, 64, 0, 0, 2, 4, 0, 0, 2, 0, 0, 2]",left,64
55,442,"[2, 8, 32, 2, 0, 2, 2, 64, 0, 0, 2, 4, 0, 0, 0, 4]",right,64
56,454,"[2, 8, 32, 2, 2, 2, 4, 64, 0, 0, 0, 8, 0, 0, 0, 0]",up,64
57,458,"[2, 8, 32, 2, 4, 4, 64, 0, 8, 0, 0, 0, 0, 4, 0, 0]",left,64
58,462,"[0, 0, 0, 2, 2, 0, 0, 0, 4, 8, 32, 0, 8, 8, 64, 2]",down,64
59,478,"[2, 0, 0, 0, 2, 0, 0, 0, 4, 8, 32, 2, 16, 64, 2, 0]",left,64
60,482,"[4, 8, 32, 2, 4, 64, 2, 0, 16, 0, 0, 0, 0, 2, 0, 0]",up,64
61,486,"[0, 0, 0, 0, 0, 8, 2, 0, 8, 64, 32, 0, 16, 2, 2, 2]",down,64
62,486,"[8, 8, 2, 2, 16, 64, 32, 0, 0, 2, 2, 0, 0, 2, 0, 0]",up,64
63,510,"[16, 4, 0, 0, 16, 64, 32, 0, 4, 0, 0, 2, 2, 0, 0, 0]",left,64
64,542,"[32, 4, 32, 2, 4, 64, 2, 0, 2, 0, 0, 0, 0, 0, 0, 0]",up,64
65,542,"[32, 4, 32, 2, 0, 4, 64, 2, 0, 2, 0, 2, 0, 0, 0, 0]",right,64
66,546,"[32, 4, 32, 2, 0, 4, 64, 2, 0, 2, 0, 4, 0, 0, 0, 0]",right,64
67,558,"[32, 8, 32, 4, 0, 2, 64, 4, 0, 0, 0, 0, 0, 0, 0, 2]",up,64
68,558,"[32, 8, 32, 4, 2, 64, 4, 2, 0, 0, 0, 0, 2, 0, 0, 0]",left,64
69,558,"[32, 8, 32, 4, 2, 64, 4, 2, 2, 0, 0, 0, 0, 0, 0, 2]",right,64
70,566,"[32, 8, 32, 4, 4, 64, 4, 4, 0, 0, 0, 0, 0, 0, 0, 2]",up,64
71,574,"[32, 8, 32, 4, 4, 64, 8, 0, 0, 0, 0, 2, 2, 0, 0, 0]",left,64
72,574,"[32, 8, 32, 4, 4, 64, 8, 0, 2, 0, 2, 0, 2, 0, 0, 0]",left,64
73,578,"[32, 8, 32, 4, 4, 64, 8, 0, 4, 0, 0, 0, 2, 0, 0, 4]",left,64
74,594,"[32, 8, 32, 8, 8, 64, 8, 0, 2, 0, 2, 0, 0, 0, 0, 0]",up,64
75,598,"[32, 8, 32, 8, 0, 8, 64, 8, 0, 0, 0, 4, 2, 0, 0, 0]",right,64
76,630,"[32, 16, 32, 16, 2, 0, 64, 4, 0, 2, 0, 0, 0, 0, 0, 0]",up,64
77,630,"[32, 16, 32, 16, 0, 2, 64, 4, 0, 0, 0, 2, 2, 0, 0, 0]",right,64
78,630,"[32, 16, 32, 16, 0, 2, 64, 4, 2, 0, 0, 2, 0, 0, 0, 2]",right,64
79,634,"[32, 16, 32, 16, 0, 2, 64, 4, 0, 0, 0, 4, 0, 2, 0, 2]",right,64
80,646,"[32, 16, 32, 16, 0, 4, 64, 8, 0, 0, 0, 2, 0, 0, 0, 2]",up,64
81,650,"[32, 16, 32, 16, 0, 4, 64, 8, 0, 0, 0, 4, 0, 0, 0, 2]",up,64
82,650,"[32, 16, 32, 16, 4, 64, 8, 2, 4, 0, 0, 0, 2, 0, 0, 0]",left,64
83,658,"[32, 16, 32, 16, 8, 64, 8, 2, 2, 0, 0, 2, 0, 0, 0, 0]",up,64
84,662,"[32, 16, 32, 16, 8, 64, 8, 2, 0, 0, 2, 4, 0, 0, 0, 0]",right,64
85,662,"[32, 16, 32, 16, 8, 64, 8, 2, 2, 4, 0, 2, 0, 0, 0, 0]",left,64
86,666,"[32, 16, 32, 16, 8, 64, 8, 4, 2, 4, 2, 0, 0, 0, 0, 0]",up,64
87,666,"[0, 0, 0, 0, 32, 16, 32, 2, 8, 64, 8, 16, 2, 4, 2, 4]",down,64
88,666,"[32, 16, 32, 2, 8, 64, 8, 16, 2, 4, 2, 4, 0, 0, 0, 2]",up,64
89,666,"[2, 0, 0, 2, 32, 16, 32, 16, 8, 64, 8, 4, 2, 4, 2, 2]",down,64
90,666,"[2, 16, 32, 2, 32, 64, 8, 16, 8, 4, 2, 4, 2, 0, 2, 2]",up,64
91,670,"[2, 16, 32, 2, 32, 64, 8, 16, 8, 4, 4, 4, 2, 2, 0, 2]",up,64
92,670,"[2, 16, 2, 2, 32, 64, 32, 16, 8, 4, 8, 4, 2, 2, 4, 2]",down,64
93,678,"[2, 16, 4, 0, 32, 64, 32, 16, 8, 4, 8, 4, 4, 4, 2, 2]",left,64
94,686,"[2, 16, 4, 16, 32, 64, 32, 4, 8, 8, 8, 2, 4, 2, 2, 0]",up,64
95,706,"[2, 16, 4, 16, 32, 64, 32, 4, 0, 8, 16, 2, 2, 0, 4, 4]",right,64
96,706,"[2, 16, 4, 16, 32, 64, 32, 4, 2, 8, 16, 2, 2, 0, 4, 4]",up,64
97,714,"[2, 16, 4, 16, 32, 64, 32, 4, 2, 8, 16, 2, 2, 8, 0, 2]",left,64
98,738,"[2, 16, 4, 16, 32, 64, 32, 4, 4, 16, 16, 4, 2, 0, 0, 0]",up,64
99,770,"[2, 16, 4, 16, 32, 64, 32, 4, 4, 32, 4, 0, 2, 2, 0, 0]",left,64
100,774,"[2, 16, 4, 16, 32, 64, 32, 4, 2, 4, 32, 4, 0, 0, 0, 4]",right,64
101,846,"[2, 16, 4, 16, 32, 64, 64, 8, 2, 4, 2, 4, 0, 0, 0, 0]",up,64
102,846,"[0, 0, 2, 0, 2, 16, 4, 16, 32, 64, 64, 8, 2, 4, 2, 4]",down,64
103,846,"[2, 16, 2, 16, 32, 64, 4, 8, 2, 4, 64, 4, 0, 0, 2, 2]",up,64
104,850,"[2, 16, 2, 16, 32, 64, 4, 8, 2, 4, 64, 4, 4, 0, 4, 0]",left,64
105,850,"[2, 0, 2, 2, 32, 16, 4, 16, 2, 64, 64, 8, 4, 4, 4, 4]",down,64
106,998,"[2, 0, 2, 4, 32, 16, 4, 16, 0, 2, 128, 8, 0, 0, 8, 8]",right,128
107,1018,"[4, 0, 4, 4, 32, 16, 4, 16, 0, 2, 128, 8, 0, 0, 0, 16]",right,128
108,1026,"[0, 4, 4, 8, 32, 16, 4, 16, 0, 2, 128, 8, 0, 0, 0, 16]",right,128
109,1030,"[0, 0, 0, 8, 2, 4, 0, 16, 0, 16, 8, 8, 32, 2, 128, 16]",down,128
110,1046,"[8, 0, 0, 0, 2, 4, 16, 0, 16, 16, 0, 4, 32, 2, 128, 16]",left,128
111,1078,"[8, 0, 0, 0, 2, 4, 16, 0, 32, 4, 2, 0, 32, 2, 128, 16]",left,128
112,1150,"[8, 8, 16, 16, 2, 2, 2, 0, 64, 0, 128, 0, 2, 0, 0, 0]",up,128
113,1150,"[8, 0, 0, 2, 2, 0, 16, 0, 64, 8, 2, 0, 2, 2, 128, 16]",down,128
114,1150,"[8, 8, 16, 2, 2, 2, 2, 16, 64, 0, 128, 4, 2, 0, 0, 0]",up,128
115,1150,"[8, 0, 0, 0, 2, 4, 16, 2, 64, 8, 2, 16, 2, 2, 128, 4]",down,128
116,1154,"[8, 0, 2, 0, 2, 4, 16, 2, 64, 8, 2, 16, 4, 128, 4, 0]",left,128
117,1154,"[8, 4, 2, 2, 2, 8, 16, 16, 64, 128, 2, 2, 4, 0, 4, 0]",up,128
118,1202,"[8, 4, 4, 0, 2, 8, 32, 0, 64, 128, 4, 2, 8, 0, 0, 0]",left,128
119,1210,"[0, 0, 8, 8, 0, 2, 8, 32, 64, 128, 4, 2, 2, 0, 0, 8]",right,128
120,1226,"[16, 0, 0, 4, 2, 8, 32, 0, 64, 128, 4, 2, 2, 8, 0, 0]",left,128
121,1226,"[16, 8, 32, 4, 2, 128, 4, 2, 64, 8, 0, 0, 2, 0, 2, 0]",up,128
122,1230,"[16, 8, 32, 4, 2, 128, 4, 2, 64, 8, 2, 0, 4, 0, 0, 0]",left,128
123,1230,"[16, 0, 2, 0, 2, 8, 32, 0, 64, 128, 4, 4, 4, 8, 2, 2]",down,128
124,1242,"[16, 2, 0, 0, 2, 8, 32, 0, 64, 128, 8, 0, 4, 8, 4, 2]",left,128
125,1242,"[16, 2, 32, 2, 2, 8, 8, 0, 64, 128, 4, 0, 4, 8, 2, 0]",up,128
126,1258,"[16, 2, 32, 2, 2, 16, 0, 2, 64, 128, 4, 0, 4, 8, 2, 0]",left,128
127,1262,"[16, 2, 32, 4, 2, 16, 4, 2, 64, 128, 2, 0, 4, 8, 0, 0]",up,128
128,1262,"[16, 2, 0, 0, 2, 16, 32, 2, 64, 128, 4, 4, 4, 8, 2, 2]",down,128
129,1274,"[16, 2, 0, 0, 2, 16, 32, 2, 64, 128, 8, 0, 4, 8, 4, 2]",left,128
130,1278,"[16, 2, 32, 4, 2, 16, 8, 0, 64, 128, 4, 2, 4, 8, 0, 0]",up,128
131,1278,"[16, 2, 32, 4, 0, 2, 16, 8, 64, 128, 4, 2, 0, 2, 4, 8]",right,128
132,1290,"[16, 4, 32, 4, 64, 128, 16, 8, 2, 2, 8, 2, 0, 0, 0, 8]",up,128
133,1290,"[2, 0, 0, 4, 16, 4, 32, 8, 64, 128, 16, 2, 2, 2, 8, 8]",down,128
134,1290,"[2, 4, 32, 4, 16, 128, 16, 8, 64, 2, 8, 2, 2, 2, 0, 8]",up,128
135,1294,"[2, 4, 32, 4, 16, 128, 16, 8, 64, 4, 8, 2, 2, 0, 4, 8]",up,128
136,1294,"[2, 4, 32, 4, 16, 128, 16, 8, 64, 4, 8, 2, 2, 4, 8, 2]",left,128
137,1322,"[2, 4, 32, 4, 16, 128, 16, 8, 64, 8, 16, 4, 2, 0, 2, 0]",up,128
138,1326,"[2, 4, 32, 4, 16, 128, 16, 8, 64, 8, 16, 4, 2, 0, 0, 4]",right,128
139,1366,"[2, 4, 32, 4, 16, 128, 32, 8, 64, 8, 0, 8, 2, 4, 0, 0]",up,128
140,1382,"[2, 4, 32, 4, 16, 128, 32, 8, 64, 16, 0, 0, 2, 4, 0, 2]",left,128
141,1382,"[2, 4, 32, 4, 16, 128, 32, 8, 0, 0, 64, 16, 2, 2, 4, 2]",right,128
142,1446,"[2, 4, 64, 4, 16, 128, 64, 8, 2, 2, 4, 16, 2, 0, 0, 2]",up,128
143,1454,"[2, 4, 64, 4, 16, 128, 64, 8, 4, 4, 16, 2, 4, 0, 0, 0]",left,128
144,1590,"[2, 4, 128, 4, 16, 128, 16, 8, 8, 4, 2, 2, 0, 0, 0, 0]",up,128
145,1590,"[0, 2, 0, 0, 2, 4, 128, 4, 16, 128, 16, 8, 8, 4, 2, 2]",down,128
146,1594,"[2, 0, 0, 2, 2, 4, 128, 4, 16, 128, 16, 8, 8, 4, 4, 0]",left,128
147,1598,"[4, 4, 128, 2, 16, 128, 16, 4, 8, 4, 4, 8, 0, 0, 0, 2]",up,128
148,1614,"[8, 128, 2, 0, 16, 128, 16, 4, 8, 8, 8, 0, 2, 0, 0, 2]",left,128
149,1870,"[8, 256, 2, 4, 16, 8, 16, 2, 8, 0, 8, 4, 2, 0, 0, 0]",up,256
150,1886,"[8, 256, 2, 4, 16, 8, 16, 2, 16, 4, 2, 0, 2, 0, 0, 0]",left,256
151,1918,"[8, 256, 2, 4, 32, 8, 16, 2, 2, 4, 2, 0, 0, 2, 0, 0]",up,256
152,1918,"[2, 256, 0, 0, 8, 8, 2, 0, 32, 4, 16, 4, 2, 2, 2, 2]",down,256
153,1942,"[0, 0, 2, 256, 2, 0, 16, 2, 32, 4, 16, 4, 0, 0, 4, 4]",right,256
154,1950,"[2, 0, 2, 256, 0, 2, 16, 2, 32, 4, 16, 4, 0, 0, 0, 8]",right,256
155,1954,"[4, 0, 4, 256, 0, 2, 16, 2, 32, 4, 16, 4, 0, 0, 0, 8]",right,256
156,1962,"[0, 0, 8, 256, 0, 2, 16, 2, 32, 4, 16, 4, 0, 0, 2, 8]",right,256
157,1994,"[32, 2, 8, 256, 2, 4, 32, 2, 0, 0, 2, 4, 0, 0, 0, 8]",up,256
158,1994,"[32, 2, 8, 256, 2, 4, 32, 2, 2, 4, 2, 0, 8, 0, 0, 0]",left,256
159,2006,"[32, 2, 8, 256, 4, 8, 32, 2, 8, 0, 2, 2, 0, 0, 0, 0]",up,256
160,2010,"[32, 2, 8, 256, 4, 8, 32, 4, 8, 0, 2, 0, 0, 0, 2, 0]",up,256
161,2014,"[32, 2, 8, 256, 4, 8, 32, 4, 8, 0, 4, 2, 0, 0, 0, 0]",up,256
162,2014,"[32, 2, 8, 256, 4, 8, 32, 4, 0, 8, 4, 2, 0, 0, 2, 0]",right,256
163,2030,"[32, 2, 8, 256, 4, 16, 32, 4, 0, 2, 4, 2, 0, 0, 2, 0]",up,256
164,2030,"[32, 2, 8, 256, 4, 16, 32, 4, 2, 4, 2, 2, 2, 0, 0, 0]",left,256
165,2034,"[32, 2, 8, 256, 4, 16, 32, 4, 2, 4, 4, 0, 2, 0, 0, 2]",left,256
166,2038,"[32, 2, 8, 256, 4, 16, 32, 4, 4, 4, 4, 2, 0, 0, 2, 0]",up,256
167,2046,"[32, 2, 8, 256, 4, 16, 32, 4, 8, 4, 2, 0, 2, 0, 2, 0]",left,256
168,2050,"[32, 2, 8, 256, 4, 16, 32, 4, 8, 4, 4, 0, 2, 0, 2, 0]",up,256
169,2050,"[32, 2, 8, 0, 4, 2, 32, 0, 8, 16, 4, 256, 2, 4, 2, 4]",down,256
170,2050,"[2, 32, 2, 8, 0, 4, 2, 32, 8, 16, 4, 256, 2, 4, 2, 4]",right,256
171,2054,"[2, 32, 4, 8, 8, 4, 4, 32, 2, 16, 2, 256, 2, 4, 0, 4]",up,256
172,2066,"[2, 32, 8, 8, 8, 4, 2, 32, 4, 16, 0, 256, 0, 4, 4, 4]",up,256
173,2090,"[0, 2, 32, 16, 8, 4, 2, 32, 0, 4, 16, 256, 2, 0, 4, 8]",right,256
174,2098,"[8, 2, 32, 16, 2, 8, 2, 32, 0, 0, 16, 256, 0, 2, 4, 8]",up,256
175,2098,"[8, 2, 32, 16, 2, 8, 2, 32, 0, 2, 16, 256, 2, 0, 4, 8]",up,256
176,2102,"[8, 2, 32, 16, 4, 8, 2, 32, 2, 2, 16, 256, 0, 0, 4, 8]",up,256
177,2102,"[0, 2, 32, 16, 8, 2, 2, 32, 4, 8, 16, 256, 2, 2, 4, 8]",down,256
178,2110,"[2, 32, 16, 0, 8, 4, 32, 2, 4, 8, 16, 256, 4, 4, 8, 0]",left,256
179,2118,"[0, 2, 32, 16, 8, 4, 32, 2, 4, 8, 16, 256, 0, 2, 8, 8]",right,256
180,2182,"[8, 2, 64, 16, 4, 4, 16, 2, 0, 8, 8, 256, 0, 2, 2, 8]",up,256
181,2182,"[0, 2, 64, 16, 2, 4, 16, 2, 8, 8, 8, 256, 4, 2, 2, 8]",down,256
182,2202,"[2, 64, 16, 2, 2, 4, 16, 2, 16, 8, 256, 0, 4, 4, 8, 0]",left,256
183,2210,"[2, 64, 16, 2, 2, 4, 16, 2, 2, 16, 8, 256, 0, 0, 8, 8]",right,256
184,2266,"[4, 64, 32, 4, 2, 4, 16, 256, 0, 16, 2, 8, 0, 0, 0, 0]",up,256
185,2266,"[0, 0, 2, 0, 0, 64, 32, 4, 4, 4, 16, 256, 2, 16, 2, 8]",down,256
186,2274,"[2, 0, 0, 2, 64, 32, 4, 0, 8, 16, 256, 0, 2, 16, 2, 8]",left,256
187,2306,"[2, 32, 4, 2, 64, 32, 256, 8, 8, 0, 2, 0, 2, 0, 2, 0]",up,256
188,2310,"[2, 32, 4, 2, 64, 32, 256, 8, 0, 0, 8, 2, 0, 0, 2, 4]",right,256
189,2310,"[2, 32, 4, 2, 64, 32, 256, 8, 8, 2, 0, 2, 2, 4, 0, 0]",left,256
190,2374,"[2, 64, 4, 2, 64, 2, 256, 8, 8, 4, 0, 2, 2, 0, 2, 0]",up,256
191,2374,"[2, 64, 4, 2, 64, 2, 256, 8, 8, 4, 2, 2, 2, 0, 2, 0]",up,256
192,2378,"[2, 64, 4, 2, 64, 2, 256, 8, 8, 4, 4, 2, 2, 0, 4, 0]",up,256
193,2386,"[2, 64, 4, 2, 64, 2, 256, 8, 8, 4, 8, 2, 2, 0, 2, 0]",up,256
194,2386,"[2, 0, 4, 2, 64, 64, 256, 2, 8, 2, 8, 8, 2, 4, 2, 2]",down,256
195,2388,"[2, 2, 4, 0, 64, 64, 256, 4, 8, 2, 8, 8, 2, 4, 2, 2]",down,256
196,2540,"[4, 4, 0, 2, 128, 256, 4, 0, 8, 2, 16, 0, 2, 4, 4, 0]",left,256
197,2540,"[4, 4, 4, 2, 128, 256, 16, 0, 8, 2, 4, 2, 2, 4, 0, 0]",up,256
198,2544,"[4, 4, 4, 4, 128, 256, 16, 2, 8, 2, 4, 0, 2, 4, 0, 0]",up,256
199,2560,"[8, 8, 0, 0, 128, 256, 16, 2, 8, 2, 4, 0, 2, 4, 0, 2]",left,256
200,2576,"[16, 2, 0, 0, 128, 256, 16, 2, 8, 2, 4, 0, 2, 4, 2, 0]",left,256
201,2576,"[2, 0, 16, 2, 128, 256, 16, 2, 0, 8, 2, 4, 0, 2, 4, 2]",right,256
202,2576,"[2, 16, 2, 0, 128, 256, 16, 2, 8, 2, 4, 2, 2, 4, 2, 0]",left,256
203,2576,"[0, 2, 16, 2, 128, 256, 16, 2, 8, 2, 4, 2, 2, 2, 4, 2]",right,256
204,2580,"[2, 2, 16, 2, 128, 256, 16, 2, 8, 2, 4, 2, 0, 4, 4, 2]",right,256
205,2604,"[0, 2, 0, 2, 2, 256, 0, 0, 128, 2, 32, 4, 8, 4, 8, 4]",down,256
206,2608,"[4, 0, 0, 0, 2, 256, 0, 2, 128, 2, 32, 4, 8, 4, 8, 4]",left,256
207,2616,"[4, 256, 32, 2, 2, 2, 8, 8, 128, 4, 0, 2, 8, 0, 0, 0]",up,256
208,2616,"[4, 0, 2, 0, 2, 256, 0, 2, 128, 2, 32, 8, 8, 4, 8, 2]",down,256
209,2616,"[4, 0, 2, 0, 2, 256, 2, 2, 128, 2, 32, 8, 8, 4, 8, 2]",down,256
210,2620,"[4, 256, 4, 2, 2, 2, 32, 8, 128, 4, 8, 2, 8, 0, 0, 2]",up,256
211,2624,"[4, 256, 4, 2, 0, 4, 32, 8, 128, 4, 8, 2, 0, 2, 8, 2]",right,256
212,2624,"[4, 256, 4, 2, 4, 32, 8, 2, 128, 4, 8, 2, 2, 8, 2, 0]",left,256
213,2652,"[8, 256, 4, 4, 128, 32, 16, 2, 2, 4, 2, 0, 2, 8, 0, 0]",up,256
214,2654,"[2, 256, 0, 0, 8, 32, 4, 0, 128, 4, 16, 4, 4, 8, 2, 2]",down,256
215,2658,"[0, 2, 2, 256, 0, 8, 32, 4, 128, 4, 16, 4, 0, 4, 8, 4]",right,256
216,2662,"[0, 0, 4, 256, 2, 8, 32, 4, 128, 4, 16, 4, 0, 4, 8, 4]",right,256
217,2670,"[0, 0, 4, 0, 0, 2, 32, 256, 2, 8, 16, 4, 128, 8, 8, 8]",down,256
218,2686,"[4, 2, 0, 0, 2, 32, 256, 0, 2, 8, 16, 4, 128, 16, 8, 0]",left,256
219,2690,"[4, 2, 256, 4, 4, 32, 16, 0, 128, 8, 8, 0, 2, 16, 0, 0]",up,256
220,2706,"[4, 2, 256, 4, 4, 32, 16, 0, 128, 16, 0, 0, 2, 16, 2, 0]",left,256
221,2746,"[8, 2, 256, 4, 128, 32, 16, 0, 2, 32, 2, 0, 0, 0, 2, 0]",up,256
222,2814,"[8, 2, 256, 4, 128, 64, 16, 0, 2, 0, 4, 0, 0, 2, 0, 0]",up,256
223,2814,"[8, 2, 256, 4, 128, 64, 16, 0, 2, 2, 4, 0, 0, 0, 2, 0]",up,256
224,2814,"[2, 0, 256, 0, 8, 2, 16, 0, 128, 64, 4, 0, 2, 2, 2, 4]",down,256
225,2818,"[2, 256, 0, 0, 8, 2, 16, 2, 128, 64, 4, 0, 4, 2, 4, 0]",left,256
226,2818,"[0, 0, 2, 256, 8, 2, 16, 2, 2, 128, 64, 4, 0, 4, 2, 4]",right,256
227,2826,"[8, 2, 2, 256, 2, 128, 16, 2, 2, 4, 64, 8, 0, 0, 2, 0]",up,256
228,2830,"[8, 2, 2, 256, 4, 128, 16, 2, 2, 4, 64, 8, 0, 0, 2, 0]",up,256
229,2830,"[0, 0, 2, 2, 8, 2, 16, 256, 4, 128, 64, 2, 2, 4, 2, 8]",down,256
230,2834,"[4, 0, 0, 2, 8, 2, 16, 256, 4, 128, 64, 2, 2, 4, 2, 8]",left,256
231,2834,"[4, 2, 16, 2, 8, 128, 64, 256, 4, 4, 2, 2, 2, 2, 0, 8]",up,256
232,2850,"[4, 2, 16, 2, 8, 128, 64, 256, 8, 4, 0, 0, 4, 8, 2, 0]",left,256
233,2866,"[4, 2, 16, 2, 16, 128, 64, 256, 4, 4, 2, 0, 0, 8, 0, 4]",up,256
234,2866,"[4, 2, 16, 2, 16, 128, 64, 256, 4, 4, 2, 4, 0, 8, 2, 0]",up,256
235,2870,"[4, 2, 16, 2, 16, 128, 64, 256, 4, 4, 4, 4, 0, 8, 0, 2]",up,256
236,2886,"[4, 2, 16, 2, 16, 128, 64, 256, 8, 8, 0, 2, 8, 2, 0, 0]",left,256
237,2902,"[4, 2, 16, 2, 16, 128, 64, 256, 16, 8, 2, 2, 0, 2, 0, 0]",up,256
238,2906,"[4, 2, 16, 2, 16, 128, 64, 256, 16, 8, 4, 0, 2, 0, 2, 0]",left,256
239,2938,"[4, 2, 16, 2, 32, 128, 64, 256, 2, 8, 4, 0, 0, 0, 2, 2]",up,256
240,2938,"[4, 2, 16, 2, 32, 128, 64, 256, 2, 8, 4, 2, 2, 0, 2, 0]",up,256
241,2942,"[4, 2, 16, 2, 32, 128, 64, 256, 4, 8, 4, 2, 0, 2, 2, 0]",up,256
242,2942,"[2, 2, 16, 0, 4, 128, 64, 2, 32, 8, 4, 256, 4, 2, 2, 2]",down,256
243,2942,"[2, 2, 16, 2, 4, 128, 64, 256, 32, 8, 4, 2, 4, 2, 2, 2]",up,256
244,2950,"[4, 16, 2, 0, 4, 128, 64, 256, 32, 8, 4, 2, 4, 4, 2, 2]",left,256
245,2962,"[4, 16, 2, 2, 4, 128, 64, 256, 32, 8, 4, 2, 8, 4, 0, 0]",left,256
246,2970,"[8, 16, 2, 2, 32, 128, 64, 256, 8, 8, 4, 2, 0, 4, 0, 2]",up,256
247,2974,"[8, 16, 2, 2, 32, 128, 64, 256, 8, 8, 4, 4, 2, 4, 0, 0]",up,256
248,2974,"[8, 16, 2, 0, 32, 128, 2, 2, 8, 8, 64, 256, 2, 4, 4, 4]",down,256
249,2978,"[8, 16, 4, 2, 32, 128, 64, 256, 8, 8, 4, 4, 2, 4, 0, 2]",up,256
250,2978,"[8, 16, 2, 2, 32, 128, 4, 256, 8, 8, 64, 4, 2, 4, 4, 2]",down,256
251,3006,"[8, 16, 4, 0, 32, 128, 4, 256, 16, 64, 4, 0, 2, 8, 2, 2]",left,256
252,3010,"[0, 8, 16, 4, 32, 128, 4, 256, 0, 16, 64, 4, 2, 2, 8, 4]",right,256
253,3018,"[32, 8, 16, 4, 2, 128, 4, 256, 4, 16, 64, 8, 0, 2, 8, 0]",up,256
254,3018,"[0, 8, 16, 2, 32, 128, 4, 4, 2, 16, 64, 256, 4, 2, 8, 8]",down,256
255,3018,"[32, 8, 16, 2, 2, 128, 4, 4, 4, 16, 64, 256, 2, 2, 8, 8]",up,256
256,3046,"[32, 8, 16, 2, 2, 128, 8, 0, 4, 16, 64, 256, 4, 16, 2, 0]",left,256
257,3086,"[32, 8, 16, 2, 2, 128, 8, 256, 8, 32, 64, 2, 0, 0, 2, 0]",up,256
258,3086,"[0, 0, 16, 2, 32, 8, 8, 2, 2, 128, 64, 256, 8, 32, 2, 2]",down,256
259,3106,"[0, 0, 16, 2, 2, 32, 16, 2, 2, 128, 64, 256, 0, 8, 32, 4]",right,256
260,3146,"[4, 32, 32, 4, 0, 128, 64, 256, 0, 8, 32, 4, 0, 0, 2, 0]",up,256
261,3210,"[4, 64, 4, 0, 128, 64, 256, 0, 8, 32, 4, 0, 2, 0, 2, 0]",left,256
262,3214,"[4, 64, 4, 0, 128, 64, 256, 0, 8, 32, 4, 0, 4, 0, 2, 0]",left,256
263,3214,"[4, 64, 4, 0, 128, 64, 256, 0, 8, 32, 4, 2, 4, 2, 0, 0]",left,256
264,3342,"[4, 128, 4, 2, 128, 32, 256, 0, 8, 2, 4, 0, 4, 2, 0, 0]",up,256
265,3346,"[4, 128, 4, 2, 128, 32, 256, 0, 8, 4, 4, 4, 4, 0, 0, 0]",up,256
266,3346,"[4, 2, 0, 0, 128, 128, 4, 0, 8, 32, 256, 2, 4, 4, 4, 4]",down,256
267,3618,"[4, 2, 0, 2, 256, 4, 0, 0, 8, 32, 256, 2, 8, 8, 0, 0]",left,256
268,3638,"[0, 0, 4, 4, 0, 0, 256, 4, 8, 32, 256, 2, 0, 0, 2, 16]",right,256
269,3646,"[0, 0, 0, 8, 2, 0, 256, 4, 8, 32, 256, 2, 0, 0, 2, 16]",right,256
270,4158,"[2, 32, 512, 8, 8, 0, 2, 4, 0, 2, 0, 2, 0, 0, 0, 16]",up,512
271,4162,"[2, 32, 512, 8, 0, 8, 2, 4, 4, 0, 0, 4, 0, 0, 0, 16]",right,512
272,4170,"[2, 32, 512, 8, 8, 2, 4, 0, 8, 0, 0, 2, 16, 0, 0, 0]",left,512
273,4170,"[2, 32, 512, 8, 8, 2, 4, 2, 8, 2, 0, 0, 16, 0, 0, 0]",left,512
274,4190,"[2, 32, 512, 8, 16, 4, 4, 2, 16, 0, 0, 0, 0, 2, 0, 0]",up,512
275,4222,"[2, 32, 512, 8, 32, 4, 4, 2, 0, 2, 0, 0, 2, 0, 0, 0]",up,512
276,4230,"[2, 32, 512, 8, 32, 8, 2, 0, 2, 0, 0, 0, 2, 0, 2, 0]",left,512
277,4238,"[2, 32, 512, 8, 32, 8, 4, 0, 4, 0, 0, 0, 2, 0, 0, 0]",up,512
278,4238,"[2, 32, 512, 8, 0, 32, 8, 4, 0, 0, 2, 4, 0, 0, 0, 2]",right,512
279,4310,"[2, 64, 512, 8, 2, 0, 8, 8, 0, 0, 2, 2, 0, 0, 0, 0]",up,512
280,4330,"[2, 64, 512, 8, 2, 16, 0, 0, 4, 0, 0, 0, 0, 0, 0, 2]",left,512
281,4334,"[4, 64, 512, 8, 4, 16, 2, 2, 0, 0, 0, 0, 0, 0, 0, 0]",up,512
282,4338,"[4, 64, 512, 8, 4, 16, 4, 0, 0, 0, 2, 0, 0, 0, 0, 0]",left,512
283,4346,"[8, 64, 512, 8, 0, 16, 4, 0, 0, 2, 2, 0, 0, 0, 0, 0]",up,512
284,4350,"[8, 64, 512, 8, 16, 4, 0, 0, 4, 0, 0, 2, 0, 0, 0, 0]",left,512
285,4350,"[8, 64, 512, 8, 16, 4, 0, 2, 4, 0, 0, 2, 0, 0, 0, 0]",up,512
286,4354,"[8, 64, 512, 8, 16, 4, 0, 4, 4, 0, 0, 0, 4, 0, 0, 0]",up,512
287,4362,"[8, 64, 512, 8, 16, 4, 0, 4, 8, 0, 0, 0, 2, 0, 0, 0]",up,512
288,4362,"[8, 0, 0, 0, 16, 0, 0, 0, 8, 64, 2, 8, 2, 4, 512, 4]",down,512
289,4362,"[8, 64, 2, 8, 16, 4, 512, 4, 8, 0, 0, 0, 2, 0, 2, 0]",up,512
290,4362,"[8, 64, 2, 8, 16, 4, 512, 4, 8, 0, 2, 0, 2, 0, 2, 0]",up,512
291,4366,"[8, 64, 2, 8, 16, 4, 512, 4, 8, 2, 4, 0, 2, 0, 0, 0]",up,512
292,4366,"[8, 64, 2, 8, 16, 4, 512, 4, 0, 8, 2, 4, 0, 0, 2, 2]",right,512
293,4378,"[8, 64, 2, 8, 16, 4, 512, 8, 0, 8, 4, 2, 0, 2, 0, 0]",up,512
294,4378,"[8, 64, 2, 8, 16, 4, 512, 8, 2, 8, 4, 2, 0, 0, 0, 2]",right,512
295,4378,"[8, 64, 2, 8, 16, 4, 512, 8, 2, 8, 4, 2, 2, 0, 0, 2]",left,512
296,4402,"[8, 64, 2, 16, 16, 4, 512, 4, 4, 8, 4, 0, 0, 0, 0, 2]",up,512
297,4402,"[8, 64, 2, 16, 16, 4, 512, 4, 4, 8, 4, 0, 2, 2, 0, 0]",left,512
298,4406,"[8, 64, 2, 16, 16, 4, 512, 4, 4, 8, 4, 0, 4, 0, 4, 0]",left,512
299,4414,"[8, 64, 2, 16, 16, 4, 512, 4, 4, 8, 4, 0, 8, 0, 2, 0]",left,512
300,4414,"[8, 0, 2, 0, 16, 64, 512, 2, 4, 4, 4, 16, 8, 8, 2, 4]",down,512
301,4414,"[8, 64, 2, 2, 16, 4, 512, 16, 4, 8, 4, 4, 8, 0, 2, 2]",up,512
302,4414,"[8, 2, 2, 2, 16, 64, 512, 16, 4, 4, 4, 4, 8, 8, 2, 2]",down,512
303,4454,"[8, 4, 2, 0, 16, 64, 512, 16, 8, 8, 0, 0, 16, 4, 2, 0]",left,512
304,4470,"[8, 4, 2, 0, 16, 64, 512, 16, 16, 0, 2, 0, 16, 4, 2, 0]",left,512
305,4506,"[8, 4, 2, 16, 32, 64, 512, 0, 16, 4, 4, 0, 0, 2, 0, 0]",up,512
306,4506,"[0, 4, 0, 0, 8, 64, 2, 0, 32, 4, 512, 2, 16, 2, 4, 16]",down,512
307,4506,"[8, 4, 2, 2, 32, 64, 512, 16, 16, 4, 4, 2, 0, 2, 0, 0]",up,512
308,4518,"[8, 4, 4, 0, 32, 64, 512, 16, 16, 8, 2, 0, 2, 0, 2, 0]",left,512
309,4530,"[8, 8, 0, 0, 32, 64, 512, 16, 16, 8, 2, 0, 4, 0, 2, 0]",left,512
310,4546,"[0, 0, 4, 16, 32, 64, 512, 16, 0, 16, 8, 2, 0, 0, 4, 2]",right,512
311,4546,"[4, 16, 0, 0, 32, 64, 512, 16, 16, 8, 2, 0, 4, 2, 0, 2]",left,512
312,4550,"[4, 16, 0, 0, 32, 64, 512, 16, 16, 8, 2, 0, 4, 4, 4, 0]",left,512
313,4558,"[4, 16, 0, 0, 32, 64, 512, 16, 16, 8, 2, 0, 8, 4, 0, 2]",left,512
314,4558,"[4, 16, 0, 0, 32, 64, 512, 16, 16, 8, 2, 2, 8, 4, 2, 0]",left,512
315,4562,"[4, 16, 0, 0, 32, 64, 512, 16, 16, 8, 4, 0, 8, 4, 2, 4]",left,512
316,4562,"[0, 0, 4, 16, 32, 64, 512, 16, 2, 16, 8, 4, 8, 4, 2, 4]",right,512
317,4562,"[4, 16, 2, 0, 32, 64, 512, 16, 2, 16, 8, 4, 8, 4, 2, 4]",left,512
318,4570,"[4, 16, 2, 16, 32, 64, 512, 8, 2, 16, 8, 2, 8, 4, 2, 0]",up,512
319,4570,"[4, 16, 2, 2, 32, 64, 512, 16, 2, 16, 8, 8, 8, 4, 2, 2]",down,512
320,4594,"[4, 16, 4, 0, 32, 64, 512, 16, 2, 16, 16, 4, 8, 4, 4, 0]",left,512
321,4634,"[4, 16, 4, 2, 32, 64, 512, 16, 2, 32, 4, 0, 8, 8, 0, 0]",left,512
322,4634,"[4, 16, 0, 0, 32, 64, 4, 2, 2, 32, 512, 2, 8, 8, 4, 16]",down,512
323,4650,"[0, 0, 4, 16, 32, 64, 4, 2, 2, 32, 512, 2, 2, 16, 4, 16]",right,512
324,4666,"[32, 64, 8, 16, 4, 32, 512, 4, 2, 16, 4, 16, 0, 0, 0, 0]",up,512
325,4666,"[0, 2, 0, 0, 32, 64, 8, 16, 4, 32, 512, 4, 2, 16, 4, 16]",down,512
326,4666,"[2, 0, 2, 0, 32, 64, 8, 16, 4, 32, 512, 4, 2, 16, 4, 16]",left,512
327,4666,"[2, 64, 2, 16, 32, 32, 8, 4, 4, 16, 512, 16, 2, 4, 4, 0]",up,512
328,4666,"[2, 64, 2, 2, 32, 32, 8, 16, 4, 16, 512, 4, 2, 4, 4, 16]",down,512
329,4742,"[2, 64, 4, 0, 64, 8, 16, 2, 4, 16, 512, 4, 2, 8, 16, 0]",left,512
330,4742,"[0, 2, 64, 4, 64, 8, 16, 2, 4, 16, 512, 4, 2, 2, 8, 16]",right,512
331,4746,"[2, 64, 4, 0, 64, 8, 16, 2, 4, 16, 512, 4, 4, 8, 16, 2]",left,512
332,4746,"[2, 2, 64, 4, 64, 8, 16, 2, 4, 16, 512, 4, 4, 8, 16, 2]",right,512
333,4750,"[2, 4, 64, 4, 64, 8, 16, 2, 4, 16, 512, 4, 4, 8, 16, 2]",right,512
334,4758,"[2, 4, 64, 4, 64, 8, 16, 2, 8, 16, 512, 4, 2, 8, 16, 2]",up,512
1,0,"[4, 0, 0, 0, 0, 0, 0, 0, 0, 0, 0, 0, 0, 0, 2, 0]",up,4
2,0,"[4, 0, 2, 0, 0, 0, 2, 0, 0, 0, 0, 0, 0, 0, 0, 0]",up,4
3,4,"[4, 0, 4, 0, 0, 0, 0, 0, 0, 2, 0, 0, 0, 0, 0, 0]",up,4
4,4,"[4, 2, 4, 0, 0, 0, 0, 0, 0, 0, 2, 0, 0, 0, 0, 0]",up,4
5,4,"[4, 2, 4, 0, 0, 0, 2, 2, 0, 0, 0, 0, 0, 0, 0, 0]",up,4
6,4,"[4, 2, 4, 2, 0, 0, 2, 0, 0, 0, 0, 0, 2, 0, 0, 0]",up,4
7,4,"[4, 2, 4, 2, 2, 0, 2, 0, 0, 0, 0, 0, 2, 0, 0, 0]",up,4
8,8,"[4, 2, 4, 2, 4, 0, 2, 0, 0, 0, 0, 0, 0, 0, 0, 2]",up,4
9,20,"[8, 2, 4, 4, 0, 0, 2, 0, 0, 0, 0, 0, 2, 0, 0, 0]",up,8
10,28,"[8, 2, 8, 0, 2, 0, 0, 4, 0, 0, 0, 0, 2, 0, 0, 0]",left,8
11,32,"[8, 2, 8, 4, 4, 0, 2, 0, 0, 0, 0, 0, 0, 0, 0, 0]",up,8
12,32,"[8, 2, 8, 4, 4, 2, 2, 0, 0, 0, 0, 0, 0, 0, 0, 0]",left,8
13,36,"[8, 2, 8, 4, 4, 4, 2, 0, 0, 0, 0, 0, 0, 0, 0, 0]",left,8
14,36,"[2, 0, 0, 0, 0, 0, 0, 0, 8, 2, 8, 0, 4, 4, 2, 4]",down,8
15,44,"[2, 0, 0, 0, 2, 0, 0, 0, 8, 2, 8, 0, 8, 2, 4, 0]",left,8
16,68,"[4, 4, 8, 2, 16, 0, 4, 0, 0, 0, 0, 0, 0, 0, 0, 0]",up,16
17,76,"[8, 8, 2, 0, 16, 4, 0, 0, 2, 0, 0, 0, 0, 0, 0, 0]",left,16
18,76,"[0, 0, 0, 0, 8, 0, 0, 0, 16, 8, 2, 0, 2, 4, 2, 0]",down,16
19,80,"[8, 8, 4, 0, 16, 4, 0, 0, 2, 2, 0, 0, 0, 0, 0, 0]",up,16
20,80,"[0, 0, 0, 2, 8, 8, 0, 0, 16, 4, 0, 0, 2, 2, 4, 0]",down,16
21,80,"[8, 8, 4, 2, 16, 4, 0, 0, 2, 2, 0, 0, 0, 0, 0, 2]",up,16
22,84,"[8, 8, 4, 4, 16, 4, 2, 0, 2, 2, 0, 0, 0, 0, 0, 0]",up,16
23,84,"[0, 0, 0, 0, 8, 8, 0, 0, 16, 4, 4, 2, 2, 2, 2, 4]",down,16
24,112,"[0, 2, 0, 0, 0, 0, 0, 16, 0, 16, 8, 2, 0, 2, 4, 4]",right,16
25,112,"[0, 2, 8, 16, 0, 16, 4, 2, 0, 2, 0, 4, 2, 0, 0, 0]",up,16
26,112,"[2, 8, 16, 0, 16, 4, 2, 0, 2, 4, 0, 0, 2, 0, 2, 0]",left,16
27,128,"[2, 8, 16, 0, 16, 8, 4, 0, 4, 0, 0, 0, 0, 0, 0, 2]",up,16
28,144,"[2, 16, 16, 2, 16, 0, 4, 0, 4, 0, 0, 0, 0, 0, 0, 2]",up,16
29,148,"[2, 16, 16, 4, 16, 0, 4, 0, 4, 0, 0, 2, 0, 0, 0, 0]",up,16
30,148,"[2, 16, 16, 4, 16, 0, 4, 2, 4, 0, 0, 0, 0, 0, 0, 2]",up,16
31,152,"[2, 16, 16, 4, 16, 0, 4, 4, 4, 0, 0, 0, 0, 0, 4, 0]",up,16
32,160,"[2, 0, 0, 0, 2, 0, 0, 0, 16, 0, 16, 0, 4, 16, 8, 8]",down,16
33,162,"[0, 0, 0, 2, 4, 0, 0, 0, 16, 0, 16, 0, 4, 16, 8, 8]",down,16
34,210,"[2, 0, 0, 0, 4, 0, 0, 0, 32, 2, 0, 0, 4, 16, 16, 0]",left,32
35,210,"[2, 2, 16, 0, 4, 16, 0, 0, 32, 0, 0, 2, 4, 0, 0, 0]",up,32
36,210,"[2, 0, 0, 0, 4, 0, 0, 2, 32, 2, 0, 0, 4, 16, 16, 2]",down,32
37,242,"[2, 0, 0, 0, 4, 2, 0, 0, 32, 2, 0, 0, 4, 32, 2, 2]",left,32
38,246,"[0, 2, 0, 2, 0, 0, 4, 2, 0, 0, 32, 2, 0, 4, 32, 4]",right,32
39,250,"[0, 0, 0, 4, 0, 0, 4, 2, 0, 2, 32, 2, 0, 4, 32, 4]",right,32
40,318,"[0, 2, 4, 4, 0, 4, 64, 4, 0, 0, 0, 4, 0, 0, 2, 0]",up,64
41,326,"[0, 2, 4, 8, 0, 4, 64, 4, 0, 0, 2, 0, 0, 0, 2, 0]",up,64
42,330,"[0, 2, 4, 8, 0, 4, 64, 4, 0, 0, 4, 4, 0, 0, 0, 0]",up,64
43,338,"[0, 2, 4, 8, 0, 4, 64, 8, 0, 0, 4, 0, 0, 2, 0, 0]",up,64
44,338,"[2, 4, 8, 0, 4, 64, 8, 0, 4, 2, 0, 0, 2, 0, 0, 0]",left,64
45,362,"[2, 4, 16, 0, 8, 64, 0, 0, 2, 2, 2, 0, 0, 0, 0, 0]",up,64
46,362,"[2, 4, 16, 0, 8, 64, 2, 0, 2, 2, 0, 2, 0, 0, 0, 0]",up,64
47,362,"[0, 0, 0, 0, 2, 4, 0, 0, 8, 64, 16, 2, 2, 2, 2, 2]",down,64
48,370,"[0, 0, 0, 2, 2, 4, 0, 0, 8, 64, 16, 2, 4, 4, 0, 0]",left,64
49,378,"[2, 0, 0, 0, 2, 4, 0, 0, 8, 64, 16, 2, 8, 4, 0, 0]",left,64
50,398,"[4, 4, 16, 2, 16, 64, 0, 0, 0, 4, 0, 0, 2, 0, 0, 0]",up,64
51,398,"[4, 4, 16, 2, 16, 64, 0, 0, 2, 4, 0, 0, 2, 0, 0, 0]",up,64
52,406,"[2, 8, 16, 2, 0, 0, 16, 64, 0, 0, 2, 4, 0, 0, 0, 2]",right,64
53,438,"[2, 8, 32, 2, 0, 0, 2, 64, 2, 0, 0, 4, 0, 0, 0, 2]",up,64
54,438,"[2, 8, 32, 2, 2, 64, 0, 0, 2, 4, 0, 0, 2, 0, 0, 2]",left,64
55,442,"[2, 8, 32, 2, 0, 2, 2, 64, 0, 0, 2, 4, 0, 0, 0, 4]",right,64
56,454,"[2, 8, 32, 2, 2, 2, 4, 64, 0, 0, 0, 8, 0, 0, 0, 0]",up,64
57,458,"[2, 8, 32, 2, 4, 4, 64, 0, 8, 0, 0, 0, 0, 4, 0, 0]",left,64
58,462,"[0, 0, 0, 2, 2, 0, 0, 0, 4, 8, 32, 0, 8, 8, 64, 2]",down,64
59,478,"[2, 0, 0, 0, 2, 0, 0, 0, 4, 8, 32, 2, 16, 64, 2, 0]",left,64
60,482,"[4, 8, 32, 2, 4, 64, 2, 0, 16, 0, 0, 0, 0, 2, 0, 0]",up,64
61,486,"[0, 0, 0, 0, 0, 8, 2, 0, 8, 64, 32, 0, 16, 2, 2, 2]",down,64
62,486,"[8, 8, 2, 2, 16, 64, 32, 0, 0, 2, 2, 0, 0, 2, 0, 0]",up,64
63,510,"[16, 4, 0, 0, 16, 64, 32, 0, 4, 0, 0, 2, 2, 0, 0, 0]",left,64
64,542,"[32, 4, 32, 2, 4, 64, 2, 0, 2, 0, 0, 0, 0, 0, 0, 0]",up,64
65,542,"[32, 4, 32, 2, 0, 4, 64, 2, 0, 2, 0, 2, 0, 0, 0, 0]",right,64
66,546,"[32, 4, 32, 2, 0, 4, 64, 2, 0, 2, 0, 4, 0, 0, 0, 0]",right,64
67,558,"[32, 8, 32, 4, 0, 2, 64, 4, 0, 0, 0, 0, 0, 0, 0, 2]",up,64
68,558,"[32, 8, 32, 4, 2, 64, 4, 2, 0, 0, 0, 0, 2, 0, 0, 0]",left,64
69,558,"[32, 8, 32, 4, 2, 64, 4, 2, 2, 0, 0, 0, 0, 0, 0, 2]",right,64
70,566,"[32, 8, 32, 4, 4, 64, 4, 4, 0, 0, 0, 0, 0, 0, 0, 2]",up,64
71,574,"[32, 8, 32, 4, 4, 64, 8, 0, 0, 0, 0, 2, 2, 0, 0, 0]",left,64
72,574,"[32, 8, 32, 4, 4, 64, 8, 0, 2, 0, 2, 0, 2, 0, 0, 0]",left,64
73,578,"[32, 8, 32, 4, 4, 64, 8, 0, 4, 0, 0, 0, 2, 0, 0, 4]",left,64
74,594,"[32, 8, 32, 8, 8, 64, 8, 0, 2, 0, 2, 0, 0, 0, 0, 0]",up,64
75,598,"[32, 8, 32, 8, 0, 8, 64, 8, 0, 0, 0, 4, 2, 0, 0, 0]",right,64
76,630,"[32, 16, 32, 16, 2, 0, 64, 4, 0, 2, 0, 0, 0, 0, 0, 0]",up,64
77,630,"[32, 16, 32, 16, 0, 2, 64, 4, 0, 0, 0, 2, 2, 0, 0, 0]",right,64
78,630,"[32, 16, 32, 16, 0, 2, 64, 4, 2, 0, 0, 2, 0, 0, 0, 2]",right,64
79,634,"[32, 16, 32, 16, 0, 2, 64, 4, 0, 0, 0, 4, 0, 2, 0, 2]",right,64
80,646,"[32, 16, 32, 16, 0, 4, 64, 8, 0, 0, 0, 2, 0, 0, 0, 2]",up,64
81,650,"[32, 16, 32, 16, 0, 4, 64, 8, 0, 0, 0, 4, 0, 0, 0, 2]",up,64
82,650,"[32, 16, 32, 16, 4, 64, 8, 2, 4, 0, 0, 0, 2, 0, 0, 0]",left,64
83,658,"[32, 16, 32, 16, 8, 64, 8, 2, 2, 0, 0, 2, 0, 0, 0, 0]",up,64
84,662,"[32, 16, 32, 16, 8, 64, 8, 2, 0, 0, 2, 4, 0, 0, 0, 0]",right,64
85,662,"[32, 16, 32, 16, 8, 64, 8, 2, 2, 4, 0, 2, 0, 0, 0, 0]",left,64
86,666,"[32, 16, 32, 16, 8, 64, 8, 4, 2, 4, 2, 0, 0, 0, 0, 0]",up,64
87,666,"[0, 0, 0, 0, 32, 16, 32, 2, 8, 64, 8, 16, 2, 4, 2, 4]",down,64
88,666,"[32, 16, 32, 2, 8, 64, 8, 16, 2, 4, 2, 4, 0, 0, 0, 2]",up,64
89,666,"[2, 0, 0, 2, 32, 16, 32, 16, 8, 64, 8, 4, 2, 4, 2, 2]",down,64
90,666,"[2, 16, 32, 2, 32, 64, 8, 16, 8, 4, 2, 4, 2, 0, 2, 2]",up,64
91,670,"[2, 16, 32, 2, 32, 64, 8, 16, 8, 4, 4, 4, 2, 2, 0, 2]",up,64
92,670,"[2, 16, 2, 2, 32, 64, 32, 16, 8, 4, 8, 4, 2, 2, 4, 2]",down,64
93,678,"[2, 16, 4, 0, 32, 64, 32, 16, 8, 4, 8, 4, 4, 4, 2, 2]",left,64
94,686,"[2, 16, 4, 16, 32, 64, 32, 4, 8, 8, 8, 2, 4, 2, 2, 0]",up,64
95,706,"[2, 16, 4, 16, 32, 64, 32, 4, 0, 8, 16, 2, 2, 0, 4, 4]",right,64
96,706,"[2, 16, 4, 16, 32, 64, 32, 4, 2, 8, 16, 2, 2, 0, 4, 4]",up,64
97,714,"[2, 16, 4, 16, 32, 64, 32, 4, 2, 8, 16, 2, 2, 8, 0, 2]",left,64
98,738,"[2, 16, 4, 16, 32, 64, 32, 4, 4, 16, 16, 4, 2, 0, 0, 0]",up,64
99,770,"[2, 16, 4, 16, 32, 64, 32, 4, 4, 32, 4, 0, 2, 2, 0, 0]",left,64
100,774,"[2, 16, 4, 16, 32, 64, 32, 4, 2, 4, 32, 4, 0, 0, 0, 4]",right,64
101,846,"[2, 16, 4, 16, 32, 64, 64, 8, 2, 4, 2, 4, 0, 0, 0, 0]",up,64
102,846,"[0, 0, 2, 0, 2, 16, 4, 16, 32, 64, 64, 8, 2, 4, 2, 4]",down,64
103,846,"[2, 16, 2, 16, 32, 64, 4, 8, 2, 4, 64, 4, 0, 0, 2, 2]",up,64
104,850,"[2, 16, 2, 16, 32, 64, 4, 8, 2, 4, 64, 4, 4, 0, 4, 0]",left,64
105,850,"[2, 0, 2, 2, 32, 16, 4, 16, 2, 64, 64, 8, 4, 4, 4, 4]",down,64
106,998,"[2, 0, 2, 4, 32, 16, 4, 16, 0, 2, 128, 8, 0, 0, 8, 8]",right,128
107,1018,"[4, 0, 4, 4, 32, 16, 4, 16, 0, 2, 128, 8, 0, 0, 0, 16]",right,128
108,1026,"[0, 4, 4, 8, 32, 16, 4, 16, 0, 2, 128, 8, 0, 0, 0, 16]",right,128
109,1030,"[0, 0, 0, 8, 2, 4, 0, 16, 0, 16, 8, 8, 32, 2, 128, 16]",down,128
110,1046,"[8, 0, 0, 0, 2, 4, 16, 0, 16, 16, 0, 4, 32, 2, 128, 16]",left,128
111,1078,"[8, 0, 0, 0, 2, 4, 16, 0, 32, 4, 2, 0, 32, 2, 128, 16]",left,128
112,1150,"[8, 8, 16, 16, 2, 2, 2, 0, 64, 0, 128, 0, 2, 0, 0, 0]",up,128
113,1150,"[8, 0, 0, 2, 2, 0, 16, 0, 64, 8, 2, 0, 2, 2, 128, 16]",down,128
114,1150,"[8, 8, 16, 2, 2, 2, 2, 16, 64, 0, 128, 4, 2, 0, 0, 0]",up,128
115,1150,"[8, 0, 0, 0, 2, 4, 16, 2, 64, 8, 2, 16, 2, 2, 128, 4]",down,128
116,1154,"[8, 0, 2, 0, 2, 4, 16, 2, 64, 8, 2, 16, 4, 128, 4, 0]",left,128
117,1154,"[8, 4, 2, 2, 2, 8, 16, 16, 64, 128, 2, 2, 4, 0, 4, 0]",up,128
118,1202,"[8, 4, 4, 0, 2, 8, 32, 0, 64, 128, 4, 2, 8, 0, 0, 0]",left,128
119,1210,"[0, 0, 8, 8, 0, 2, 8, 32, 64, 128, 4, 2, 2, 0, 0, 8]",right,128
120,1226,"[16, 0, 0, 4, 2, 8, 32, 0, 64, 128, 4, 2, 2, 8, 0, 0]",left,128
121,1226,"[16, 8, 32, 4, 2, 128, 4, 2, 64, 8, 0, 0, 2, 0, 2, 0]",up,128
122,1230,"[16, 8, 32, 4, 2, 128, 4, 2, 64, 8, 2, 0, 4, 0, 0, 0]",left,128
123,1230,"[16, 0, 2, 0, 2, 8, 32, 0, 64, 128, 4, 4, 4, 8, 2, 2]",down,128
124,1242,"[16, 2, 0, 0, 2, 8, 32, 0, 64, 128, 8, 0, 4, 8, 4, 2]",left,128
125,1242,"[16, 2, 32, 2, 2, 8, 8, 0, 64, 128, 4, 0, 4, 8, 2, 0]",up,128
126,1258,"[16, 2, 32, 2, 2, 16, 0, 2, 64, 128, 4, 0, 4, 8, 2, 0]",left,128
127,1262,"[16, 2, 32, 4, 2, 16, 4, 2, 64, 128, 2, 0, 4, 8, 0, 0]",up,128
128,1262,"[16, 2, 0, 0, 2, 16, 32, 2, 64, 128, 4, 4, 4, 8, 2, 2]",down,128
129,1274,"[16, 2, 0, 0, 2, 16, 32, 2, 64, 128, 8, 0, 4, 8, 4, 2]",left,128
130,1278,"[16, 2, 32, 4, 2, 16, 8, 0, 64, 128, 4, 2, 4, 8, 0, 0]",up,128
131,1278,"[16, 2, 32, 4, 0, 2, 16, 8, 64, 128, 4, 2, 0, 2, 4, 8]",right,128
132,1290,"[16, 4, 32, 4, 64, 128, 16, 8, 2, 2, 8, 2, 0, 0, 0, 8]",up,128
133,1290,"[2, 0, 0, 4, 16, 4, 32, 8, 64, 128, 16, 2, 2, 2, 8, 8]",down,128
134,1290,"[2, 4, 32, 4, 16, 128, 16, 8, 64, 2, 8, 2, 2, 2, 0, 8]",up,128
135,1294,"[2, 4, 32, 4, 16, 128, 16, 8, 64, 4, 8, 2, 2, 0, 4, 8]",up,128
136,1294,"[2, 4, 32, 4, 16, 128, 16, 8, 64, 4, 8, 2, 2, 4, 8, 2]",left,128
137,1322,"[2, 4, 32, 4, 16, 128, 16, 8, 64, 8, 16, 4, 2, 0, 2, 0]",up,128
138,1326,"[2, 4, 32, 4, 16, 128, 16, 8, 64, 8, 16, 4, 2, 0, 0, 4]",right,128
139,1366,"[2, 4, 32, 4, 16, 128, 32, 8, 64, 8, 0, 8, 2, 4, 0, 0]",up,128
140,1382,"[2, 4, 32, 4, 16, 128, 32, 8, 64, 16, 0, 0, 2, 4, 0, 2]",left,128
141,1382,"[2, 4, 32, 4, 16, 128, 32, 8, 0, 0, 64, 16, 2, 2, 4, 2]",right,128
142,1446,"[2, 4, 64, 4, 16, 128, 64, 8, 2, 2, 4, 16, 2, 0, 0, 2]",up,128
143,1454,"[2, 4, 64, 4, 16, 128, 64, 8, 4, 4, 16, 2, 4, 0, 0, 0]",left,128
144,1590,"[2, 4, 128, 4, 16, 128, 16, 8, 8, 4, 2, 2, 0, 0, 0, 0]",up,128
145,1590,"[0, 2, 0, 0, 2, 4, 128, 4, 16, 128, 16, 8, 8, 4, 2, 2]",down,128
146,1594,"[2, 0, 0, 2, 2, 4, 128, 4, 16, 128, 16, 8, 8, 4, 4, 0]",left,128
147,1598,"[4, 4, 128, 2, 16, 128, 16, 4, 8, 4, 4, 8, 0, 0, 0, 2]",up,128
148,1614,"[8, 128, 2, 0, 16, 128, 16, 4, 8, 8, 8, 0, 2, 0, 0, 2]",left,128
149,1870,"[8, 256, 2, 4, 16, 8, 16, 2, 8, 0, 8, 4, 2, 0, 0, 0]",up,256
150,1886,"[8, 256, 2, 4, 16, 8, 16, 2, 16, 4, 2, 0, 2, 0, 0, 0]",left,256
151,1918,"[8, 256, 2, 4, 32, 8, 16, 2, 2, 4, 2, 0, 0, 2, 0, 0]",up,256
152,1918,"[2, 256, 0, 0, 8, 8, 2, 0, 32, 4, 16, 4, 2, 2, 2, 2]",down,256
153,1942,"[0, 0, 2, 256, 2, 0, 16, 2, 32, 4, 16, 4, 0, 0, 4, 4]",right,256
154,1950,"[2, 0, 2, 256, 0, 2, 16, 2, 32, 4, 16, 4, 0, 0, 0, 8]",right,256
155,1954,"[4, 0, 4, 256, 0, 2, 16, 2, 32, 4, 16, 4, 0, 0, 0, 8]",right,256
156,1962,"[0, 0, 8, 256, 0, 2, 16, 2, 32, 4, 16, 4, 0, 0, 2, 8]",right,256
157,1994,"[32, 2, 8, 256, 2, 4, 32, 2, 0, 0, 2, 4, 0, 0, 0, 8]",up,256
158,1994,"[32, 2, 8, 256, 2, 4, 32, 2, 2, 4, 2, 0, 8, 0, 0, 0]",left,256
159,2006,"[32, 2, 8, 256, 4, 8, 32, 2, 8, 0, 2, 2, 0, 0, 0, 0]",up,256
160,2010,"[32, 2, 8, 256, 4, 8, 32, 4, 8, 0, 2, 0, 0, 0, 2, 0]",up,256
161,2014,"[32, 2, 8, 256, 4, 8, 32, 4, 8, 0, 4, 2, 0, 0, 0, 0]",up,256
162,2014,"[32, 2, 8, 256, 4, 8, 32, 4, 0, 8, 4, 2, 0, 0, 2, 0]",right,256
163,2030,"[32, 2, 8, 256, 4, 16, 32, 4, 0, 2, 4, 2, 0, 0, 2, 0]",up,256
164,2030,"[32, 2, 8, 256, 4, 16, 32, 4, 2, 4, 2, 2, 2, 0, 0, 0]",left,256
165,2034,"[32, 2, 8, 256, 4, 16, 32, 4, 2, 4, 4, 0, 2, 0, 0, 2]",left,256
166,2038,"[32, 2, 8, 256, 4, 16, 32, 4, 4, 4, 4, 2, 0, 0, 2, 0]",up,256
167,2046,"[32, 2, 8, 256, 4, 16, 32, 4, 8, 4, 2, 0, 2, 0, 2, 0]",left,256
168,2050,"[32, 2, 8, 256, 4, 16, 32, 4, 8, 4, 4, 0, 2, 0, 2, 0]",up,256
169,2050,"[32, 2, 8, 0, 4, 2, 32, 0, 8, 16, 4, 256, 2, 4, 2, 4]",down,256
170,2050,"[2, 32, 2, 8, 0, 4, 2, 32, 8, 16, 4, 256, 2, 4, 2, 4]",right,256
171,2054,"[2, 32, 4, 8, 8, 4, 4, 32, 2, 16, 2, 256, 2, 4, 0, 4]",up,256
172,2066,"[2, 32, 8, 8, 8, 4, 2, 32, 4, 16, 0, 256, 0, 4, 4, 4]",up,256
173,2090,"[0, 2, 32, 16, 8, 4, 2, 32, 0, 4, 16, 256, 2, 0, 4, 8]",right,256
174,2098,"[8, 2, 32, 16, 2, 8, 2, 32, 0, 0, 16, 256, 0, 2, 4, 8]",up,256
175,2098,"[8, 2, 32, 16, 2, 8, 2, 32, 0, 2, 16, 256, 2, 0, 4, 8]",up,256
176,2102,"[8, 2, 32, 16, 4, 8, 2, 32, 2, 2, 16, 256, 0, 0, 4, 8]",up,256
177,2102,"[0, 2, 32, 16, 8, 2, 2, 32, 4, 8, 16, 256, 2, 2, 4, 8]",down,256
178,2110,"[2, 32, 16, 0, 8, 4, 32, 2, 4, 8, 16, 256, 4, 4, 8, 0]",left,256
179,2118,"[0, 2, 32, 16, 8, 4, 32, 2, 4, 8, 16, 256, 0, 2, 8, 8]",right,256
180,2182,"[8, 2, 64, 16, 4, 4, 16, 2, 0, 8, 8, 256, 0, 2, 2, 8]",up,256
181,2182,"[0, 2, 64, 16, 2, 4, 16, 2, 8, 8, 8, 256, 4, 2, 2, 8]",down,256
182,2202,"[2, 64, 16, 2, 2, 4, 16, 2, 16, 8, 256, 0, 4, 4, 8, 0]",left,256
183,2210,"[2, 64, 16, 2, 2, 4, 16, 2, 2, 16, 8, 256, 0, 0, 8, 8]",right,256
184,2266,"[4, 64, 32, 4, 2, 4, 16, 256, 0, 16, 2, 8, 0, 0, 0, 0]",up,256
185,2266,"[0, 0, 2, 0, 0, 64, 32, 4, 4, 4, 16, 256, 2, 16, 2, 8]",down,256
186,2274,"[2, 0, 0, 2, 64, 32, 4, 0, 8, 16, 256, 0, 2, 16, 2, 8]",left,256
187,2306,"[2, 32, 4, 2, 64, 32, 256, 8, 8, 0, 2, 0, 2, 0, 2, 0]",up,256
188,2310,"[2, 32, 4, 2, 64, 32, 256, 8, 0, 0, 8, 2, 0, 0, 2, 4]",right,256
189,2310,"[2, 32, 4, 2, 64, 32, 256, 8, 8, 2, 0, 2, 2, 4, 0, 0]",left,256
190,2374,"[2, 64, 4, 2, 64, 2, 256, 8, 8, 4, 0, 2, 2, 0, 2, 0]",up,256
191,2374,"[2, 64, 4, 2, 64, 2, 256, 8, 8, 4, 2, 2, 2, 0, 2, 0]",up,256
192,2378,"[2, 64, 4, 2, 64, 2, 256, 8, 8, 4, 4, 2, 2, 0, 4, 0]",up,256
193,2386,"[2, 64, 4, 2, 64, 2, 256, 8, 8, 4, 8, 2, 2, 0, 2, 0]",up,256
194,2386,"[2, 0, 4, 2, 64, 64, 256, 2, 8, 2, 8, 8, 2, 4, 2, 2]",down,256
195,2388,"[2, 2, 4, 0, 64, 64, 256, 4, 8, 2, 8, 8, 2, 4, 2, 2]",down,256
196,2540,"[4, 4, 0, 2, 128, 256, 4, 0, 8, 2, 16, 0, 2, 4, 4, 0]",left,256
197,2540,"[4, 4, 4, 2, 128, 256, 16, 0, 8, 2, 4, 2, 2, 4, 0, 0]",up,256
198,2544,"[4, 4, 4, 4, 128, 256, 16, 2, 8, 2, 4, 0, 2, 4, 0, 0]",up,256
199,2560,"[8, 8, 0, 0, 128, 256, 16, 2, 8, 2, 4, 0, 2, 4, 0, 2]",left,256
200,2576,"[16, 2, 0, 0, 128, 256, 16, 2, 8, 2, 4, 0, 2, 4, 2, 0]",left,256
201,2576,"[2, 0, 16, 2, 128, 256, 16, 2, 0, 8, 2, 4, 0, 2, 4, 2]",right,256
202,2576,"[2, 16, 2, 0, 128, 256, 16, 2, 8, 2, 4, 2, 2, 4, 2, 0]",left,256
203,2576,"[0, 2, 16, 2, 128, 256, 16, 2, 8, 2, 4, 2, 2, 2, 4, 2]",right,256
204,2580,"[2, 2, 16, 2, 128, 256, 16, 2, 8, 2, 4, 2, 0, 4, 4, 2]",right,256
205,2604,"[0, 2, 0, 2, 2, 256, 0, 0, 128, 2, 32, 4, 8, 4, 8, 4]",down,256
206,2608,"[4, 0, 0, 0, 2, 256, 0, 2, 128, 2, 32, 4, 8, 4, 8, 4]",left,256
207,2616,"[4, 256, 32, 2, 2, 2, 8, 8, 128, 4, 0, 2, 8, 0, 0, 0]",up,256
208,2616,"[4, 0, 2, 0, 2, 256, 0, 2, 128, 2, 32, 8, 8, 4, 8, 2]",down,256
209,2616,"[4, 0, 2, 0, 2, 256, 2, 2, 128, 2, 32, 8, 8, 4, 8, 2]",down,256
210,2620,"[4, 256, 4, 2, 2, 2, 32, 8, 128, 4, 8, 2, 8, 0, 0, 2]",up,256
211,2624,"[4, 256, 4, 2, 0, 4, 32, 8, 128, 4, 8, 2, 0, 2, 8, 2]",right,256
212,2624,"[4, 256, 4, 2, 4, 32, 8, 2, 128, 4, 8, 2, 2, 8, 2, 0]",left,256
213,2652,"[8, 256, 4, 4, 128, 32, 16, 2, 2, 4, 2, 0, 2, 8, 0, 0]",up,256
214,2654,"[2, 256, 0, 0, 8, 32, 4, 0, 128, 4, 16, 4, 4, 8, 2, 2]",down,256
215,2658,"[0, 2, 2, 256, 0, 8, 32, 4, 128, 4, 16, 4, 0, 4, 8, 4]",right,256
216,2662,"[0, 0, 4, 256, 2, 8, 32, 4, 128, 4, 16, 4, 0, 4, 8, 4]",right,256
217,2670,"[0, 0, 4, 0, 0, 2, 32, 256, 2, 8, 16, 4, 128, 8, 8, 8]",down,256
218,2686,"[4, 2, 0, 0, 2, 32, 256, 0, 2, 8, 16, 4, 128, 16, 8, 0]",left,256
219,2690,"[4, 2, 256, 4, 4, 32, 16, 0, 128, 8, 8, 0, 2, 16, 0, 0]",up,256
220,2706,"[4, 2, 256, 4, 4, 32, 16, 0, 128, 16, 0, 0, 2, 16, 2, 0]",left,256
221,2746,"[8, 2, 256, 4, 128, 32, 16, 0, 2, 32, 2, 0, 0, 0, 2, 0]",up,256
222,2814,"[8, 2, 256, 4, 128, 64, 16, 0, 2, 0, 4, 0, 0, 2, 0, 0]",up,256
223,2814,"[8, 2, 256, 4, 128, 64, 16, 0, 2, 2, 4, 0, 0, 0, 2, 0]",up,256
224,2814,"[2, 0, 256, 0, 8, 2, 16, 0, 128, 64, 4, 0, 2, 2, 2, 4]",down,256
225,2818,"[2, 256, 0, 0, 8, 2, 16, 2, 128, 64, 4, 0, 4, 2, 4, 0]",left,256
226,2818,"[0, 0, 2, 256, 8, 2, 16, 2, 2, 128, 64, 4, 0, 4, 2, 4]",right,256
227,2826,"[8, 2, 2, 256, 2, 128, 16, 2, 2, 4, 64, 8, 0, 0, 2, 0]",up,256
228,2830,"[8, 2, 2, 256, 4, 128, 16, 2, 2, 4, 64, 8, 0, 0, 2, 0]",up,256
229,2830,"[0, 0, 2, 2, 8, 2, 16, 256, 4, 128, 64, 2, 2, 4, 2, 8]",down,256
230,2834,"[4, 0, 0, 2, 8, 2, 16, 256, 4, 128, 64, 2, 2, 4, 2, 8]",left,256
231,2834,"[4, 2, 16, 2, 8, 128, 64, 256, 4, 4, 2, 2, 2, 2, 0, 8]",up,256
232,2850,"[4, 2, 16, 2, 8, 128, 64, 256, 8, 4, 0, 0, 4, 8, 2, 0]",left,256
233,2866,"[4, 2, 16, 2, 16, 128, 64, 256, 4, 4, 2, 0, 0, 8, 0, 4]",up,256
234,2866,"[4, 2, 16, 2, 16, 128, 64, 256, 4, 4, 2, 4, 0, 8, 2, 0]",up,256
235,2870,"[4, 2, 16, 2, 16, 128, 64, 256, 4, 4, 4, 4, 0, 8, 0, 2]",up,256
236,2886,"[4, 2, 16, 2, 16, 128, 64, 256, 8, 8, 0, 2, 8, 2, 0, 0]",left,256
237,2902,"[4, 2, 16, 2, 16, 128, 64, 256, 16, 8, 2, 2, 0, 2, 0, 0]",up,256
238,2906,"[4, 2, 16, 2, 16, 128, 64, 256, 16, 8, 4, 0, 2, 0, 2, 0]",left,256
239,2938,"[4, 2, 16, 2, 32, 128, 64, 256, 2, 8, 4, 0, 0, 0, 2, 2]",up,256
240,2938,"[4, 2, 16, 2, 32, 128, 64, 256, 2, 8, 4, 2, 2, 0, 2, 0]",up,256
241,2942,"[4, 2, 16, 2, 32, 128, 64, 256, 4, 8, 4, 2, 0, 2, 2, 0]",up,256
242,2942,"[2, 2, 16, 0, 4, 128, 64, 2, 32, 8, 4, 256, 4, 2, 2, 2]",down,256
243,2942,"[2, 2, 16, 2, 4, 128, 64, 256, 32, 8, 4, 2, 4, 2, 2, 2]",up,256
244,2950,"[4, 16, 2, 0, 4, 128, 64, 256, 32, 8, 4, 2, 4, 4, 2, 2]",left,256
245,2962,"[4, 16, 2, 2, 4, 128, 64, 256, 32, 8, 4, 2, 8, 4, 0, 0]",left,256
246,2970,"[8, 16, 2, 2, 32, 128, 64, 256, 8, 8, 4, 2, 0, 4, 0, 2]",up,256
247,2974,"[8, 16, 2, 2, 32, 128, 64, 256, 8, 8, 4, 4, 2, 4, 0, 0]",up,256
248,2974,"[8, 16, 2, 0, 32, 128, 2, 2, 8, 8, 64, 256, 2, 4, 4, 4]",down,256
249,2978,"[8, 16, 4, 2, 32, 128, 64, 256, 8, 8, 4, 4, 2, 4, 0, 2]",up,256
250,2978,"[8, 16, 2, 2, 32, 128, 4, 256, 8, 8, 64, 4, 2, 4, 4, 2]",down,256
251,3006,"[8, 16, 4, 0, 32, 128, 4, 256, 16, 64, 4, 0, 2, 8, 2, 2]",left,256
252,3010,"[0, 8, 16, 4, 32, 128, 4, 256, 0, 16, 64, 4, 2, 2, 8, 4]",right,256
253,3018,"[32, 8, 16, 4, 2, 128, 4, 256, 4, 16, 64, 8, 0, 2, 8, 0]",up,256
254,3018,"[0, 8, 16, 2, 32, 128, 4, 4, 2, 16, 64, 256, 4, 2, 8, 8]",down,256
255,3018,"[32, 8, 16, 2, 2, 128, 4, 4, 4, 16, 64, 256, 2, 2, 8, 8]",up,256
256,3046,"[32, 8, 16, 2, 2, 128, 8, 0, 4, 16, 64, 256, 4, 16, 2, 0]",left,256
257,3086,"[32, 8, 16, 2, 2, 128, 8, 256, 8, 32, 64, 2, 0, 0, 2, 0]",up,256
258,3086,"[0, 0, 16, 2, 32, 8, 8, 2, 2, 128, 64, 256, 8, 32, 2, 2]",down,256
259,3106,"[0, 0, 16, 2, 2, 32, 16, 2, 2, 128, 64, 256, 0, 8, 32, 4]",right,256
260,3146,"[4, 32, 32, 4, 0, 128, 64, 256, 0, 8, 32, 4, 0, 0, 2, 0]",up,256
261,3210,"[4, 64, 4, 0, 128, 64, 256, 0, 8, 32, 4, 0, 2, 0, 2, 0]",left,256
262,3214,"[4, 64, 4, 0, 128, 64, 256, 0, 8, 32, 4, 0, 4, 0, 2, 0]",left,256
263,3214,"[4, 64, 4, 0, 128, 64, 256, 0, 8, 32, 4, 2, 4, 2, 0, 0]",left,256
264,3342,"[4, 128, 4, 2, 128, 32, 256, 0, 8, 2, 4, 0, 4, 2, 0, 0]",up,256
265,3346,"[4, 128, 4, 2, 128, 32, 256, 0, 8, 4, 4, 4, 4, 0, 0, 0]",up,256
266,3346,"[4, 2, 0, 0, 128, 128, 4, 0, 8, 32, 256, 2, 4, 4, 4, 4]",down,256
267,3618,"[4, 2, 0, 2, 256, 4, 0, 0, 8, 32, 256, 2, 8, 8, 0, 0]",left,256
268,3638,"[0, 0, 4, 4, 0, 0, 256, 4, 8, 32, 256, 2, 0, 0, 2, 16]",right,256
269,3646,"[0, 0, 0, 8, 2, 0, 256, 4, 8, 32, 256, 2, 0, 0, 2, 16]",right,256
270,4158,"[2, 32, 512, 8, 8, 0, 2, 4, 0, 2, 0, 2, 0, 0, 0, 16]",up,512
271,4162,"[2, 32, 512, 8, 0, 8, 2, 4, 4, 0, 0, 4, 0, 0, 0, 16]",right,512
272,4170,"[2, 32, 512, 8, 8, 2, 4, 0, 8, 0, 0, 2, 16, 0, 0, 0]",left,512
273,4170,"[2, 32, 512, 8, 8, 2, 4, 2, 8, 2, 0, 0, 16, 0, 0, 0]",left,512
274,4190,"[2, 32, 512, 8, 16, 4, 4, 2, 16, 0, 0, 0, 0, 2, 0, 0]",up,512
275,4222,"[2, 32, 512, 8, 32, 4, 4, 2, 0, 2, 0, 0, 2, 0, 0, 0]",up,512
276,4230,"[2, 32, 512, 8, 32, 8, 2, 0, 2, 0, 0, 0, 2, 0, 2, 0]",left,512
277,4238,"[2, 32, 512, 8, 32, 8, 4, 0, 4, 0, 0, 0, 2, 0, 0, 0]",up,512
278,4238,"[2, 32, 512, 8, 0, 32, 8, 4, 0, 0, 2, 4, 0, 0, 0, 2]",right,512
279,4310,"[2, 64, 512, 8, 2, 0, 8, 8, 0, 0, 2, 2, 0, 0, 0, 0]",up,512
280,4330,"[2, 64, 512, 8, 2, 16, 0, 0, 4, 0, 0, 0, 0, 0, 0, 2]",left,512
281,4334,"[4, 64, 512, 8, 4, 16, 2, 2, 0, 0, 0, 0, 0, 0, 0, 0]",up,512
282,4338,"[4, 64, 512, 8, 4, 16, 4, 0, 0, 0, 2, 0, 0, 0, 0, 0]",left,512
283,4346,"[8, 64, 512, 8, 0, 16, 4, 0, 0, 2, 2, 0, 0, 0, 0, 0]",up,512
284,4350,"[8, 64, 512, 8, 16, 4, 0, 0, 4, 0, 0, 2, 0, 0, 0, 0]",left,512
285,4350,"[8, 64, 512, 8, 16, 4, 0, 2, 4, 0, 0, 2, 0, 0, 0, 0]",up,512
286,4354,"[8, 64, 512, 8, 16, 4, 0, 4, 4, 0, 0, 0, 4, 0, 0, 0]",up,512
287,4362,"[8, 64, 512, 8, 16, 4, 0, 4, 8, 0, 0, 0, 2, 0, 0, 0]",up,512
288,4362,"[8, 0, 0, 0, 16, 0, 0, 0, 8, 64, 2, 8, 2, 4, 512, 4]",down,512
289,4362,"[8, 64, 2, 8, 16, 4, 512, 4, 8, 0, 0, 0, 2, 0, 2, 0]",up,512
290,4362,"[8, 64, 2, 8, 16, 4, 512, 4, 8, 0, 2, 0, 2, 0, 2, 0]",up,512
291,4366,"[8, 64, 2, 8, 16, 4, 512, 4, 8, 2, 4, 0, 2, 0, 0, 0]",up,512
292,4366,"[8, 64, 2, 8, 16, 4, 512, 4, 0, 8, 2, 4, 0, 0, 2, 2]",right,512
293,4378,"[8, 64, 2, 8, 16, 4, 512, 8, 0, 8, 4, 2, 0, 2, 0, 0]",up,512
294,4378,"[8, 64, 2, 8, 16, 4, 512, 8, 2, 8, 4, 2, 0, 0, 0, 2]",right,512
295,4378,"[8, 64, 2, 8, 16, 4, 512, 8, 2, 8, 4, 2, 2, 0, 0, 2]",left,512
296,4402,"[8, 64, 2, 16, 16, 4, 512, 4, 4, 8, 4, 0, 0, 0, 0, 2]",up,512
297,4402,"[8, 64, 2, 16, 16, 4, 512, 4, 4, 8, 4, 0, 2, 2, 0, 0]",left,512
298,4406,"[8, 64, 2, 16, 16, 4, 512, 4, 4, 8, 4, 0, 4, 0, 4, 0]",left,512
299,4414,"[8, 64, 2, 16, 16, 4, 512, 4, 4, 8, 4, 0, 8, 0, 2, 0]",left,512
300,4414,"[8, 0, 2, 0, 16, 64, 512, 2, 4, 4, 4, 16, 8, 8, 2, 4]",down,512
301,4414,"[8, 64, 2, 2, 16, 4, 512, 16, 4, 8, 4, 4, 8, 0, 2, 2]",up,512
302,4414,"[8, 2, 2, 2, 16, 64, 512, 16, 4, 4, 4, 4, 8, 8, 2, 2]",down,512
303,4454,"[8, 4, 2, 0, 16, 64, 512, 16, 8, 8, 0, 0, 16, 4, 2, 0]",left,512
304,4470,"[8, 4, 2, 0, 16, 64, 512, 16, 16, 0, 2, 0, 16, 4, 2, 0]",left,512
305,4506,"[8, 4, 2, 16, 32, 64, 512, 0, 16, 4, 4, 0, 0, 2, 0, 0]",up,512
306,4506,"[0, 4, 0, 0, 8, 64, 2, 0, 32, 4, 512, 2, 16, 2, 4, 16]",down,512
307,4506,"[8, 4, 2, 2, 32, 64, 512, 16, 16, 4, 4, 2, 0, 2, 0, 0]",up,512
308,4518,"[8, 4, 4, 0, 32, 64, 512, 16, 16, 8, 2, 0, 2, 0, 2, 0]",left,512
309,4530,"[8, 8, 0, 0, 32, 64, 512, 16, 16, 8, 2, 0, 4, 0, 2, 0]",left,512
310,4546,"[0, 0, 4, 16, 32, 64, 512, 16, 0, 16, 8, 2, 0, 0, 4, 2]",right,512
311,4546,"[4, 16, 0, 0, 32, 64, 512, 16, 16, 8, 2, 0, 4, 2, 0, 2]",left,512
312,4550,"[4, 16, 0, 0, 32, 64, 512, 16, 16, 8, 2, 0, 4, 4, 4, 0]",left,512
313,4558,"[4, 16, 0, 0, 32, 64, 512, 16, 16, 8, 2, 0, 8, 4, 0, 2]",left,512
314,4558,"[4, 16, 0, 0, 32, 64, 512, 16, 16, 8, 2, 2, 8, 4, 2, 0]",left,512
315,4562,"[4, 16, 0, 0, 32, 64, 512, 16, 16, 8, 4, 0, 8, 4, 2, 4]",left,512
316,4562,"[0, 0, 4, 16, 32, 64, 512, 16, 2, 16, 8, 4, 8, 4, 2, 4]",right,512
317,4562,"[4, 16, 2, 0, 32, 64, 512, 16, 2, 16, 8, 4, 8, 4, 2, 4]",left,512
318,4570,"[4, 16, 2, 16, 32, 64, 512, 8, 2, 16, 8, 2, 8, 4, 2, 0]",up,512
319,4570,"[4, 16, 2, 2, 32, 64, 512, 16, 2, 16, 8, 8, 8, 4, 2, 2]",down,512
320,4594,"[4, 16, 4, 0, 32, 64, 512, 16, 2, 16, 16, 4, 8, 4, 4, 0]",left,512
321,4634,"[4, 16, 4, 2, 32, 64, 512, 16, 2, 32, 4, 0, 8, 8, 0, 0]",left,512
322,4634,"[4, 16, 0, 0, 32, 64, 4, 2, 2, 32, 512, 2, 8, 8, 4, 16]",down,512
323,4650,"[0, 0, 4, 16, 32, 64, 4, 2, 2, 32, 512, 2, 2, 16, 4, 16]",right,512
324,4666,"[32, 64, 8, 16, 4, 32, 512, 4, 2, 16, 4, 16, 0, 0, 0, 0]",up,512
325,4666,"[0, 2, 0, 0, 32, 64, 8, 16, 4, 32, 512, 4, 2, 16, 4, 16]",down,512
326,4666,"[2, 0, 2, 0, 32, 64, 8, 16, 4, 32, 512, 4, 2, 16, 4, 16]",left,512
327,4666,"[2, 64, 2, 16, 32, 32, 8, 4, 4, 16, 512, 16, 2, 4, 4, 0]",up,512
328,4666,"[2, 64, 2, 2, 32, 32, 8, 16, 4, 16, 512, 4, 2, 4, 4, 16]",down,512
329,4742,"[2, 64, 4, 0, 64, 8, 16, 2, 4, 16, 512, 4, 2, 8, 16, 0]",left,512
330,4742,"[0, 2, 64, 4, 64, 8, 16, 2, 4, 16, 512, 4, 2, 2, 8, 16]",right,512
331,4746,"[2, 64, 4, 0, 64, 8, 16, 2, 4, 16, 512, 4, 4, 8, 16, 2]",left,512
332,4746,"[2, 2, 64, 4, 64, 8, 16, 2, 4, 16, 512, 4, 4, 8, 16, 2]",right,512
333,4750,"[2, 4, 64, 4, 64, 8, 16, 2, 4, 16, 512, 4, 4, 8, 16, 2]",right,512
334,4758,"[2, 4, 64, 4, 64, 8, 16, 2, 8, 16, 512, 4, 2, 8, 16, 2]",up,512
1,0,"[4, 0, 0, 0, 0, 0, 0, 0, 0, 0, 0, 0, 0, 0, 2, 0]",up,4
2,0,"[4, 0, 2, 0, 0, 0, 2, 0, 0, 0, 0, 0, 0, 0, 0, 0]",up,4
3,4,"[4, 0, 4, 0, 0, 0, 0, 0, 0, 2, 0, 0, 0, 0, 0, 0]",up,4
4,4,"[4, 2, 4, 0, 0, 0, 0, 0, 0, 0, 2, 0, 0, 0, 0, 0]",up,4
5,4,"[4, 2, 4, 0, 0, 0, 2, 2, 0, 0, 0, 0, 0, 0, 0, 0]",up,4
6,4,"[4, 2, 4, 2, 0, 0, 2, 0, 0, 0, 0, 0, 2, 0, 0, 0]",up,4
7,4,"[4, 2, 4, 2, 2, 0, 2, 0, 0, 0, 0, 0, 2, 0, 0, 0]",up,4
8,8,"[4, 2, 4, 2, 4, 0, 2, 0, 0, 0, 0, 0, 0, 0, 0, 2]",up,4
9,20,"[8, 2, 4, 4, 0, 0, 2, 0, 0, 0, 0, 0, 2, 0, 0, 0]",up,8
10,20,"[8, 2, 4, 4, 2, 0, 2, 0, 0, 4, 0, 0, 0, 0, 0, 0]",up,8
11,20,"[8, 2, 4, 4, 2, 4, 2, 0, 2, 0, 0, 0, 0, 0, 0, 0]",up,8
12,24,"[8, 2, 4, 4, 4, 4, 2, 2, 0, 0, 0, 0, 0, 0, 0, 0]",up,8
13,24,"[2, 0, 0, 0, 0, 0, 0, 0, 8, 2, 4, 4, 4, 4, 2, 2]",down,8
14,24,"[2, 2, 4, 4, 8, 4, 2, 2, 4, 2, 0, 0, 0, 0, 0, 0]",up,8
15,24,"[0, 0, 0, 0, 2, 2, 0, 2, 8, 4, 4, 4, 4, 2, 2, 2]",down,8
16,24,"[2, 2, 4, 2, 8, 4, 2, 4, 4, 2, 0, 2, 0, 0, 2, 0]",up,8
17,28,"[2, 2, 4, 2, 8, 4, 4, 4, 4, 2, 0, 2, 0, 0, 0, 2]",up,8
18,40,"[2, 2, 8, 2, 8, 4, 0, 4, 4, 2, 0, 4, 0, 2, 0, 0]",up,8
19,52,"[2, 2, 8, 2, 8, 4, 0, 8, 4, 4, 0, 0, 0, 2, 0, 0]",up,8
20,60,"[2, 2, 8, 2, 8, 8, 0, 8, 4, 2, 0, 2, 0, 0, 0, 0]",up,8
21,60,"[0, 0, 0, 0, 2, 2, 0, 2, 8, 8, 2, 8, 4, 2, 8, 2]",down,8
22,60,"[2, 2, 2, 2, 8, 8, 8, 8, 4, 2, 0, 2, 0, 0, 2, 0]",up,8
23,60,"[2, 2, 2, 2, 8, 8, 8, 8, 4, 2, 2, 2, 2, 0, 0, 0]",up,8
24,60,"[2, 0, 0, 2, 8, 2, 2, 2, 4, 8, 8, 8, 2, 2, 2, 2]",down,8
25,64,"[2, 2, 2, 4, 8, 8, 8, 8, 4, 2, 2, 2, 2, 2, 0, 0]",up,8
26,68,"[2, 2, 2, 4, 8, 8, 8, 8, 4, 4, 2, 2, 2, 2, 0, 0]",up,8
27,68,"[2, 2, 0, 2, 8, 8, 2, 4, 4, 4, 8, 8, 2, 2, 2, 2]",down,8
28,68,"[2, 2, 2, 2, 8, 8, 8, 4, 4, 4, 2, 8, 2, 2, 2, 2]",up,8
29,72,"[2, 2, 2, 2, 8, 8, 8, 4, 4, 4, 4, 8, 2, 2, 4, 2]",up,8
30,80,"[2, 2, 2, 2, 8, 8, 8, 4, 4, 4, 8, 8, 2, 2, 2, 2]",up,8
31,96,"[2, 2, 2, 2, 8, 8, 16, 4, 4, 4, 2, 8, 2, 2, 4, 2]",up,16
32,132,"[4, 4, 2, 0, 16, 16, 4, 0, 8, 2, 8, 0, 4, 4, 2, 0]",left,16
33,180,"[8, 2, 0, 2, 32, 4, 0, 0, 8, 2, 8, 0, 8, 2, 0, 0]",left,32
34,200,"[8, 2, 8, 2, 32, 4, 0, 0, 16, 4, 0, 0, 0, 0, 2, 0]",up,32
35,208,"[8, 2, 8, 2, 32, 8, 2, 0, 16, 0, 0, 0, 0, 2, 0, 0]",up,32
36,208,"[8, 2, 8, 2, 32, 8, 2, 0, 16, 2, 0, 0, 0, 0, 2, 0]",up,32
37,212,"[8, 2, 8, 2, 32, 8, 4, 2, 16, 2, 0, 0, 0, 0, 0, 0]",up,32
38,216,"[8, 2, 8, 4, 32, 8, 4, 0, 16, 2, 0, 0, 0, 0, 2, 0]",up,32
39,216,"[8, 2, 8, 4, 32, 8, 4, 2, 16, 2, 2, 0, 0, 0, 0, 0]",up,32
40,216,"[0, 0, 0, 0, 8, 2, 8, 2, 32, 8, 4, 4, 16, 2, 2, 2]",down,32
41,216,"[8, 2, 8, 2, 32, 8, 4, 4, 16, 2, 2, 2, 0, 0, 2, 0]",up,32
42,220,"[8, 2, 8, 2, 32, 8, 4, 4, 16, 2, 4, 2, 2, 0, 0, 0]",up,32
43,228,"[8, 2, 8, 2, 32, 8, 8, 4, 16, 2, 2, 2, 2, 0, 0, 0]",up,32
44,244,"[8, 2, 16, 2, 32, 8, 2, 4, 16, 2, 0, 2, 2, 0, 0, 2]",up,32
45,248,"[8, 2, 16, 2, 32, 8, 2, 4, 16, 2, 0, 4, 2, 2, 0, 0]",up,32
46,260,"[8, 2, 16, 2, 32, 8, 2, 8, 16, 4, 0, 2, 2, 0, 0, 0]",up,32
47,260,"[8, 0, 2, 0, 32, 2, 0, 2, 16, 8, 16, 8, 2, 4, 2, 2]",down,32
48,260,"[8, 2, 2, 2, 32, 8, 16, 8, 16, 4, 2, 2, 2, 0, 0, 2]",up,32
49,264,"[8, 2, 2, 2, 32, 8, 16, 8, 16, 4, 2, 4, 2, 0, 2, 0]",up,32
50,268,"[8, 2, 2, 2, 32, 8, 16, 8, 16, 4, 4, 4, 2, 0, 4, 0]",up,32
51,276,"[8, 2, 2, 2, 32, 8, 16, 8, 16, 4, 8, 4, 2, 0, 2, 0]",up,32
52,276,"[8, 0, 2, 2, 32, 2, 16, 2, 16, 8, 8, 8, 2, 4, 2, 4]",down,32
53,280,"[8, 2, 2, 4, 32, 8, 16, 8, 16, 4, 8, 4, 2, 2, 2, 0]",up,32
54,280,"[8, 2, 2, 2, 32, 8, 16, 4, 16, 4, 8, 8, 2, 2, 2, 4]",down,32
55,304,"[8, 4, 2, 0, 32, 8, 16, 4, 16, 4, 16, 0, 4, 2, 4, 2]",left,32
56,336,"[8, 4, 2, 4, 32, 8, 32, 2, 16, 4, 4, 0, 4, 2, 2, 0]",up,32
57,336,"[8, 4, 2, 0, 32, 8, 32, 2, 16, 4, 4, 4, 4, 2, 2, 2]",down,32
58,336,"[8, 4, 2, 2, 32, 8, 32, 4, 16, 4, 4, 2, 4, 2, 2, 2]",up,32
59,340,"[8, 4, 2, 2, 32, 8, 32, 4, 16, 4, 4, 4, 4, 2, 2, 2]",up,32
60,348,"[8, 4, 2, 2, 32, 8, 32, 8, 16, 4, 4, 2, 4, 2, 2, 2]",up,32
61,352,"[8, 4, 2, 2, 32, 8, 32, 8, 16, 4, 4, 4, 4, 2, 2, 2]",up,32
62,368,"[8, 4, 4, 0, 32, 8, 32, 8, 16, 8, 4, 0, 4, 4, 2, 2]",left,32
63,384,"[8, 4, 4, 8, 32, 16, 32, 2, 16, 4, 4, 0, 4, 0, 2, 4]",up,32
64,384,"[8, 4, 4, 8, 32, 16, 32, 2, 16, 4, 4, 4, 4, 0, 2, 2]",up,32
65,384,"[8, 2, 4, 8, 32, 4, 32, 2, 16, 16, 4, 4, 4, 4, 2, 2]",down,32
66,436,"[8, 2, 4, 8, 32, 4, 32, 2, 32, 8, 0, 2, 8, 4, 0, 0]",left,32
67,504,"[8, 2, 4, 8, 64, 4, 32, 4, 8, 8, 0, 0, 0, 4, 0, 2]",up,64
68,504,"[8, 2, 4, 8, 64, 4, 32, 4, 8, 8, 2, 2, 0, 4, 0, 0]",up,64
69,504,"[0, 2, 2, 0, 8, 4, 4, 8, 64, 8, 32, 4, 8, 4, 2, 2]",down,64
70,504,"[8, 2, 2, 8, 64, 4, 4, 4, 8, 8, 32, 2, 2, 4, 2, 0]",up,64
71,504,"[8, 2, 2, 2, 64, 4, 4, 8, 8, 8, 32, 4, 2, 4, 2, 2]",down,64
72,536,"[8, 4, 2, 2, 64, 8, 8, 0, 16, 32, 4, 0, 2, 4, 4, 0]",left,64
73,544,"[8, 4, 2, 2, 64, 8, 8, 0, 16, 32, 8, 2, 2, 4, 0, 0]",up,64
74,564,"[8, 4, 2, 4, 64, 8, 16, 4, 16, 32, 0, 0, 2, 4, 0, 0]",up,64
75,572,"[8, 4, 2, 8, 64, 8, 16, 0, 16, 32, 2, 0, 2, 4, 0, 0]",up,64
76,572,"[8, 4, 0, 0, 64, 8, 2, 2, 16, 32, 16, 0, 2, 4, 2, 8]",down,64
77,572,"[8, 4, 2, 2, 64, 8, 16, 8, 16, 32, 2, 2, 2, 4, 0, 0]",up,64
78,572,"[8, 4, 0, 2, 64, 8, 2, 2, 16, 32, 16, 8, 2, 4, 2, 2]",down,64
79,576,"[8, 4, 2, 4, 64, 8, 16, 8, 16, 32, 2, 2, 2, 4, 2, 0]",up,64
80,580,"[8, 4, 2, 4, 64, 8, 16, 8, 16, 32, 4, 2, 2, 4, 0, 2]",up,64
81,584,"[8, 4, 2, 4, 64, 8, 16, 8, 16, 32, 4, 4, 2, 4, 0, 2]",up,64
82,584,"[8, 4, 2, 4, 64, 8, 2, 8, 16, 32, 16, 4, 2, 4, 4, 2]",down,64
83,588,"[8, 4, 4, 4, 64, 8, 16, 8, 16, 32, 4, 4, 2, 4, 2, 2]",up,64
84,608,"[8, 8, 4, 0, 64, 8, 16, 8, 16, 32, 8, 2, 2, 4, 4, 0]",left,64
85,624,"[8, 16, 4, 8, 64, 32, 16, 2, 16, 4, 8, 0, 2, 2, 4, 0]",up,64
86,624,"[8, 16, 4, 0, 64, 32, 16, 2, 16, 4, 8, 8, 2, 2, 4, 2]",down,64
87,624,"[8, 16, 4, 2, 64, 32, 16, 8, 16, 4, 8, 2, 2, 2, 4, 2]",up,64
88,628,"[8, 16, 4, 2, 64, 32, 16, 8, 16, 4, 8, 4, 2, 2, 4, 4]",up,64
89,636,"[8, 16, 4, 2, 64, 32, 16, 8, 16, 4, 8, 8, 2, 2, 4, 2]",up,64
90,652,"[8, 16, 4, 2, 64, 32, 16, 16, 16, 4, 8, 2, 2, 2, 4, 2]",up,64
91,656,"[8, 16, 4, 2, 64, 32, 16, 16, 16, 4, 8, 4, 2, 2, 4, 2]",up,64
92,692,"[8, 16, 4, 2, 64, 32, 32, 2, 16, 4, 8, 4, 4, 4, 2, 0]",left,64
93,704,"[8, 16, 4, 4, 64, 32, 32, 4, 16, 8, 8, 0, 4, 2, 2, 0]",up,64
94,712,"[8, 16, 4, 8, 64, 32, 32, 0, 16, 8, 8, 0, 4, 2, 2, 2]",up,64
95,712,"[8, 16, 4, 8, 64, 32, 32, 2, 16, 8, 8, 2, 4, 2, 2, 0]",up,64
96,716,"[8, 16, 4, 8, 64, 32, 32, 4, 16, 8, 8, 0, 4, 2, 2, 2]",up,64
97,716,"[8, 16, 4, 8, 64, 32, 32, 4, 16, 8, 8, 2, 4, 2, 2, 2]",up,64
98,720,"[8, 16, 4, 8, 64, 32, 32, 4, 16, 8, 8, 4, 4, 2, 2, 2]",up,64
99,728,"[8, 16, 4, 8, 64, 32, 32, 8, 16, 8, 8, 2, 4, 2, 2, 2]",up,64
100,748,"[8, 16, 4, 16, 64, 32, 32, 4, 16, 8, 8, 2, 4, 2, 2, 0]",up,64
101,748,"[8, 16, 4, 2, 64, 32, 32, 16, 16, 8, 8, 4, 4, 2, 2, 2]",down,64
102,832,"[8, 16, 4, 2, 64, 64, 16, 2, 16, 16, 4, 0, 4, 4, 2, 0]",left,64
103,836,"[8, 16, 4, 4, 64, 64, 16, 0, 16, 16, 4, 2, 4, 4, 2, 0]",up,64
104,836,"[8, 16, 4, 4, 64, 64, 16, 2, 16, 16, 4, 2, 4, 4, 2, 0]",up,64
105,840,"[8, 16, 4, 4, 64, 64, 16, 4, 16, 16, 4, 0, 4, 4, 2, 2]",up,64
106,848,"[8, 16, 4, 8, 64, 64, 16, 2, 16, 16, 4, 2, 4, 4, 2, 0]",up,64
107,852,"[8, 16, 4, 8, 64, 64, 16, 4, 16, 16, 4, 4, 4, 4, 2, 0]",up,64
108,860,"[8, 16, 4, 8, 64, 64, 16, 8, 16, 16, 4, 4, 4, 4, 2, 0]",up,64
109,876,"[8, 16, 4, 16, 64, 64, 16, 4, 16, 16, 4, 0, 4, 4, 2, 2]",up,64
110,876,"[8, 16, 4, 16, 64, 64, 16, 4, 16, 16, 4, 2, 4, 4, 2, 2]",up,64
111,880,"[8, 16, 4, 16, 64, 64, 16, 4, 16, 16, 4, 4, 4, 4, 2, 2]",up,64
112,888,"[8, 16, 4, 16, 64, 64, 16, 8, 16, 16, 4, 2, 4, 4, 2, 2]",up,64
113,892,"[8, 16, 4, 16, 64, 64, 16, 8, 16, 16, 4, 4, 4, 4, 2, 4]",up,64
114,900,"[8, 16, 4, 16, 64, 64, 16, 8, 16, 16, 4, 8, 4, 4, 2, 2]",up,64
115,916,"[8, 16, 4, 16, 64, 64, 16, 16, 16, 16, 4, 2, 4, 4, 2, 2]",up,64
116,952,"[8, 16, 4, 32, 64, 64, 16, 4, 16, 16, 4, 0, 4, 4, 2, 2]",up,64
117,952,"[8, 16, 4, 32, 64, 64, 16, 4, 16, 16, 4, 2, 4, 4, 2, 2]",up,64
118,956,"[8, 16, 4, 32, 64, 64, 16, 4, 16, 16, 4, 4, 4, 4, 2, 4]",up,64
119,964,"[8, 16, 4, 32, 64, 64, 16, 8, 16, 16, 4, 4, 4, 4, 2, 2]",up,64
120,1144,"[8, 16, 4, 32, 128, 16, 8, 2, 32, 8, 0, 0, 8, 4, 0, 0]",left,128
121,1176,"[8, 32, 4, 32, 128, 8, 8, 2, 32, 4, 0, 2, 8, 0, 0, 0]",up,128
122,1180,"[8, 32, 4, 32, 128, 8, 8, 4, 32, 4, 0, 0, 8, 0, 0, 2]",up,128
123,1180,"[8, 32, 4, 32, 128, 8, 8, 4, 32, 4, 0, 2, 8, 0, 2, 0]",up,128
124,1180,"[8, 32, 4, 32, 128, 8, 8, 4, 32, 4, 2, 2, 8, 2, 0, 0]",up,128
125,1180,"[8, 32, 2, 0, 128, 8, 4, 32, 32, 4, 8, 4, 8, 2, 2, 2]",down,128
126,1180,"[8, 32, 2, 32, 128, 8, 4, 4, 32, 4, 8, 2, 8, 2, 2, 2]",up,128
127,1184,"[8, 32, 2, 32, 128, 8, 4, 4, 32, 4, 8, 4, 8, 2, 2, 2]",up,128
128,1192,"[8, 32, 2, 32, 128, 8, 4, 8, 32, 4, 8, 2, 8, 2, 2, 2]",up,128
129,1196,"[8, 32, 2, 32, 128, 8, 4, 8, 32, 4, 8, 4, 8, 2, 2, 2]",up,128
130,1200,"[8, 32, 2, 32, 128, 8, 4, 8, 32, 4, 8, 4, 8, 4, 2, 2]",left,128
131,1208,"[8, 32, 2, 32, 128, 8, 4, 8, 32, 8, 8, 4, 8, 2, 2, 2]",up,128
132,1224,"[8, 32, 2, 32, 128, 16, 4, 8, 32, 2, 8, 4, 8, 2, 2, 2]",up,128
133,1228,"[8, 32, 2, 32, 128, 16, 4, 8, 32, 4, 8, 4, 8, 4, 2, 2]",up,128
134,1236,"[8, 32, 2, 32, 128, 16, 4, 8, 32, 8, 8, 4, 8, 2, 2, 2]",up,128
135,1256,"[8, 32, 2, 32, 128, 16, 4, 8, 32, 16, 4, 0, 8, 4, 2, 2]",left,128
136,1296,"[8, 32, 2, 32, 128, 32, 8, 8, 32, 4, 2, 2, 8, 2, 0, 0]",up,128
137,1360,"[8, 64, 2, 32, 128, 4, 8, 8, 32, 2, 2, 2, 8, 4, 0, 0]",up,128
138,1360,"[8, 64, 0, 2, 128, 4, 2, 32, 32, 2, 8, 8, 8, 4, 2, 2]",down,128
139,1360,"[8, 64, 2, 2, 128, 4, 8, 32, 32, 2, 2, 8, 8, 4, 2, 2]",up,128
140,1364,"[8, 64, 2, 2, 128, 4, 8, 32, 32, 2, 4, 8, 8, 4, 2, 2]",up,128
141,1372,"[8, 64, 4, 2, 128, 4, 8, 32, 32, 2, 4, 8, 8, 4, 4, 0]",left,128
142,1380,"[8, 64, 4, 2, 128, 4, 8, 32, 32, 2, 8, 8, 8, 4, 2, 0]",up,128
143,1396,"[8, 64, 4, 2, 128, 4, 16, 32, 32, 2, 2, 8, 8, 4, 0, 2]",up,128
144,1396,"[8, 64, 2, 2, 128, 4, 4, 32, 32, 2, 16, 8, 8, 4, 2, 2]",down,128
145,1412,"[8, 64, 4, 0, 128, 8, 32, 0, 32, 2, 16, 8, 8, 4, 4, 2]",left,128
146,1412,"[8, 64, 4, 8, 128, 8, 32, 2, 32, 2, 16, 4, 8, 4, 4, 0]",up,128
147,1412,"[8, 64, 4, 2, 128, 8, 32, 8, 32, 2, 16, 2, 8, 4, 4, 4]",down,128
148,1420,"[8, 64, 4, 2, 128, 8, 32, 8, 32, 2, 16, 2, 8, 8, 4, 2]",left,128
149,1424,"[8, 64, 4, 2, 128, 8, 32, 8, 32, 2, 16, 4, 8, 8, 4, 2]",up,128
150,1440,"[8, 64, 4, 2, 128, 8, 32, 8, 32, 2, 16, 4, 16, 4, 2, 2]",left,128
151,1444,"[8, 64, 4, 2, 128, 8, 32, 8, 32, 2, 16, 4, 16, 4, 4, 2]",left,128
152,1452,"[8, 64, 4, 2, 128, 8, 32, 8, 32, 2, 16, 4, 16, 8, 2, 4]",left,128
153,1460,"[8, 64, 4, 2, 128, 8, 32, 8, 32, 2, 16, 8, 16, 8, 2, 2]",up,128
154,1476,"[8, 64, 4, 2, 128, 8, 32, 16, 32, 2, 16, 2, 16, 8, 2, 2]",up,128
155,1480,"[8, 64, 4, 2, 128, 8, 32, 16, 32, 2, 16, 4, 16, 8, 2, 2]",up,128
156,1484,"[8, 64, 4, 2, 128, 8, 32, 16, 32, 2, 16, 4, 16, 8, 4, 4]",left,128
157,1492,"[8, 64, 4, 2, 128, 8, 32, 16, 32, 2, 16, 8, 16, 8, 4, 2]",up,128
1,0,"[4, 0, 0, 0, 0, 0, 0, 0, 0, 0, 0, 0, 0, 0, 2, 0]",up,4
2,0,"[4, 0, 2, 0, 0, 0, 2, 0, 0, 0, 0, 0, 0, 0, 0, 0]",up,4
3,4,"[4, 0, 4, 0, 0, 0, 0, 0, 0, 2, 0, 0, 0, 0, 0, 0]",up,4
4,4,"[4, 2, 4, 0, 0, 0, 0, 0, 0, 0, 2, 0, 0, 0, 0, 0]",up,4
5,4,"[4, 2, 4, 0, 0, 0, 2, 2, 0, 0, 0, 0, 0, 0, 0, 0]",up,4
6,4,"[4, 2, 4, 2, 0, 0, 2, 0, 0, 0, 0, 0, 2, 0, 0, 0]",up,4
7,4,"[4, 2, 4, 2, 2, 0, 2, 0, 0, 0, 0, 0, 2, 0, 0, 0]",up,4
8,8,"[4, 2, 4, 2, 4, 0, 2, 0, 0, 0, 0, 0, 0, 0, 0, 2]",up,4
9,20,"[8, 2, 4, 4, 0, 0, 2, 0, 0, 0, 0, 0, 2, 0, 0, 0]",up,8
10,20,"[8, 2, 4, 4, 2, 0, 2, 0, 0, 4, 0, 0, 0, 0, 0, 0]",up,8
11,20,"[8, 2, 4, 4, 2, 4, 2, 0, 2, 0, 0, 0, 0, 0, 0, 0]",up,8
12,24,"[8, 2, 4, 4, 4, 4, 2, 2, 0, 0, 0, 0, 0, 0, 0, 0]",up,8
13,24,"[2, 0, 0, 0, 0, 0, 0, 0, 8, 2, 4, 4, 4, 4, 2, 2]",down,8
14,24,"[2, 2, 4, 4, 8, 4, 2, 2, 4, 2, 0, 0, 0, 0, 0, 0]",up,8
15,24,"[0, 0, 0, 0, 2, 2, 0, 2, 8, 4, 4, 4, 4, 2, 2, 2]",down,8
16,24,"[2, 2, 4, 2, 8, 4, 2, 4, 4, 2, 0, 2, 0, 0, 2, 0]",up,8
17,28,"[2, 2, 4, 2, 8, 4, 4, 4, 4, 2, 0, 2, 0, 0, 0, 2]",up,8
18,40,"[2, 2, 8, 2, 8, 4, 0, 4, 4, 2, 0, 4, 0, 2, 0, 0]",up,8
19,52,"[2, 2, 8, 2, 8, 4, 0, 8, 4, 4, 0, 0, 0, 2, 0, 0]",up,8
20,60,"[2, 2, 8, 2, 8, 8, 0, 8, 4, 2, 0, 2, 0, 0, 0, 0]",up,8
21,60,"[0, 0, 0, 0, 2, 2, 0, 2, 8, 8, 2, 8, 4, 2, 8, 2]",down,8
22,60,"[2, 2, 2, 2, 8, 8, 8, 8, 4, 2, 0, 2, 0, 0, 2, 0]",up,8
23,60,"[2, 2, 2, 2, 8, 8, 8, 8, 4, 2, 2, 2, 2, 0, 0, 0]",up,8
24,60,"[2, 0, 0, 2, 8, 2, 2, 2, 4, 8, 8, 8, 2, 2, 2, 2]",down,8
25,64,"[2, 2, 2, 4, 8, 8, 8, 8, 4, 2, 2, 2, 2, 2, 0, 0]",up,8
26,68,"[2, 2, 2, 4, 8, 8, 8, 8, 4, 4, 2, 2, 2, 2, 0, 0]",up,8
27,68,"[2, 2, 0, 2, 8, 8, 2, 4, 4, 4, 8, 8, 2, 2, 2, 2]",down,8
28,68,"[2, 2, 2, 2, 8, 8, 8, 4, 4, 4, 2, 8, 2, 2, 2, 2]",up,8
29,72,"[2, 2, 2, 2, 8, 8, 8, 4, 4, 4, 4, 8, 2, 2, 4, 2]",up,8
30,80,"[2, 2, 2, 2, 8, 8, 8, 4, 4, 4, 8, 8, 2, 2, 2, 2]",up,8
31,96,"[2, 2, 2, 2, 8, 8, 16, 4, 4, 4, 2, 8, 2, 2, 4, 2]",up,16
32,132,"[4, 4, 2, 0, 16, 16, 4, 0, 8, 2, 8, 0, 4, 4, 2, 0]",left,16
33,180,"[8, 2, 0, 2, 32, 4, 0, 0, 8, 2, 8, 0, 8, 2, 0, 0]",left,32
34,200,"[8, 2, 8, 2, 32, 4, 0, 0, 16, 4, 0, 0, 0, 0, 2, 0]",up,32
35,208,"[8, 2, 8, 2, 32, 8, 2, 0, 16, 0, 0, 0, 0, 2, 0, 0]",up,32
36,208,"[8, 2, 8, 2, 32, 8, 2, 0, 16, 2, 0, 0, 0, 0, 2, 0]",up,32
37,212,"[8, 2, 8, 2, 32, 8, 4, 2, 16, 2, 0, 0, 0, 0, 0, 0]",up,32
38,216,"[8, 2, 8, 4, 32, 8, 4, 0, 16, 2, 0, 0, 0, 0, 2, 0]",up,32
39,216,"[8, 2, 8, 4, 32, 8, 4, 2, 16, 2, 2, 0, 0, 0, 0, 0]",up,32
40,216,"[0, 0, 0, 0, 8, 2, 8, 2, 32, 8, 4, 4, 16, 2, 2, 2]",down,32
41,216,"[8, 2, 8, 2, 32, 8, 4, 4, 16, 2, 2, 2, 0, 0, 2, 0]",up,32
42,220,"[8, 2, 8, 2, 32, 8, 4, 4, 16, 2, 4, 2, 2, 0, 0, 0]",up,32
43,228,"[8, 2, 8, 2, 32, 8, 8, 4, 16, 2, 2, 2, 2, 0, 0, 0]",up,32
44,244,"[8, 2, 16, 2, 32, 8, 2, 4, 16, 2, 0, 2, 2, 0, 0, 2]",up,32
45,248,"[8, 2, 16, 2, 32, 8, 2, 4, 16, 2, 0, 4, 2, 2, 0, 0]",up,32
46,260,"[8, 2, 16, 2, 32, 8, 2, 8, 16, 4, 0, 2, 2, 0, 0, 0]",up,32
47,260,"[8, 0, 2, 0, 32, 2, 0, 2, 16, 8, 16, 8, 2, 4, 2, 2]",down,32
48,260,"[8, 2, 2, 2, 32, 8, 16, 8, 16, 4, 2, 2, 2, 0, 0, 2]",up,32
49,264,"[8, 2, 2, 2, 32, 8, 16, 8, 16, 4, 2, 4, 2, 0, 2, 0]",up,32
50,268,"[8, 2, 2, 2, 32, 8, 16, 8, 16, 4, 4, 4, 2, 0, 4, 0]",up,32
51,276,"[8, 2, 2, 2, 32, 8, 16, 8, 16, 4, 8, 4, 2, 0, 2, 0]",up,32
52,276,"[8, 0, 2, 2, 32, 2, 16, 2, 16, 8, 8, 8, 2, 4, 2, 4]",down,32
53,280,"[8, 2, 2, 4, 32, 8, 16, 8, 16, 4, 8, 4, 2, 2, 2, 0]",up,32
54,280,"[8, 2, 2, 2, 32, 8, 16, 4, 16, 4, 8, 8, 2, 2, 2, 4]",down,32
55,304,"[8, 4, 2, 0, 32, 8, 16, 4, 16, 4, 16, 0, 4, 2, 4, 2]",left,32
56,336,"[8, 4, 2, 4, 32, 8, 32, 2, 16, 4, 4, 0, 4, 2, 2, 0]",up,32
57,336,"[8, 4, 2, 0, 32, 8, 32, 2, 16, 4, 4, 4, 4, 2, 2, 2]",down,32
58,336,"[8, 4, 2, 2, 32, 8, 32, 4, 16, 4, 4, 2, 4, 2, 2, 2]",up,32
59,340,"[8, 4, 2, 2, 32, 8, 32, 4, 16, 4, 4, 4, 4, 2, 2, 2]",up,32
60,348,"[8, 4, 2, 2, 32, 8, 32, 8, 16, 4, 4, 2, 4, 2, 2, 2]",up,32
61,352,"[8, 4, 2, 2, 32, 8, 32, 8, 16, 4, 4, 4, 4, 2, 2, 2]",up,32
62,368,"[8, 4, 4, 0, 32, 8, 32, 8, 16, 8, 4, 0, 4, 4, 2, 2]",left,32
63,384,"[8, 4, 4, 8, 32, 16, 32, 2, 16, 4, 4, 0, 4, 0, 2, 4]",up,32
64,384,"[8, 4, 4, 8, 32, 16, 32, 2, 16, 4, 4, 4, 4, 0, 2, 2]",up,32
65,384,"[8, 2, 4, 8, 32, 4, 32, 2, 16, 16, 4, 4, 4, 4, 2, 2]",down,32
66,436,"[8, 2, 4, 8, 32, 4, 32, 2, 32, 8, 0, 2, 8, 4, 0, 0]",left,32
67,504,"[8, 2, 4, 8, 64, 4, 32, 4, 8, 8, 0, 0, 0, 4, 0, 2]",up,64
68,504,"[8, 2, 4, 8, 64, 4, 32, 4, 8, 8, 2, 2, 0, 4, 0, 0]",up,64
69,504,"[0, 2, 2, 0, 8, 4, 4, 8, 64, 8, 32, 4, 8, 4, 2, 2]",down,64
70,504,"[8, 2, 2, 8, 64, 4, 4, 4, 8, 8, 32, 2, 2, 4, 2, 0]",up,64
71,504,"[8, 2, 2, 2, 64, 4, 4, 8, 8, 8, 32, 4, 2, 4, 2, 2]",down,64
72,536,"[8, 4, 2, 2, 64, 8, 8, 0, 16, 32, 4, 0, 2, 4, 4, 0]",left,64
73,544,"[8, 4, 2, 2, 64, 8, 8, 0, 16, 32, 8, 2, 2, 4, 0, 0]",up,64
74,564,"[8, 4, 2, 4, 64, 8, 16, 4, 16, 32, 0, 0, 2, 4, 0, 0]",up,64
75,572,"[8, 4, 2, 8, 64, 8, 16, 0, 16, 32, 2, 0, 2, 4, 0, 0]",up,64
76,572,"[8, 4, 0, 0, 64, 8, 2, 2, 16, 32, 16, 0, 2, 4, 2, 8]",down,64
77,572,"[8, 4, 2, 2, 64, 8, 16, 8, 16, 32, 2, 2, 2, 4, 0, 0]",up,64
78,572,"[8, 4, 0, 2, 64, 8, 2, 2, 16, 32, 16, 8, 2, 4, 2, 2]",down,64
79,576,"[8, 4, 2, 4, 64, 8, 16, 8, 16, 32, 2, 2, 2, 4, 2, 0]",up,64
80,580,"[8, 4, 2, 4, 64, 8, 16, 8, 16, 32, 4, 2, 2, 4, 0, 2]",up,64
81,584,"[8, 4, 2, 4, 64, 8, 16, 8, 16, 32, 4, 4, 2, 4, 0, 2]",up,64
82,584,"[8, 4, 2, 4, 64, 8, 2, 8, 16, 32, 16, 4, 2, 4, 4, 2]",down,64
83,588,"[8, 4, 4, 4, 64, 8, 16, 8, 16, 32, 4, 4, 2, 4, 2, 2]",up,64
84,608,"[8, 8, 4, 0, 64, 8, 16, 8, 16, 32, 8, 2, 2, 4, 4, 0]",left,64
85,624,"[8, 16, 4, 8, 64, 32, 16, 2, 16, 4, 8, 0, 2, 2, 4, 0]",up,64
86,624,"[8, 16, 4, 0, 64, 32, 16, 2, 16, 4, 8, 8, 2, 2, 4, 2]",down,64
87,624,"[8, 16, 4, 2, 64, 32, 16, 8, 16, 4, 8, 2, 2, 2, 4, 2]",up,64
88,628,"[8, 16, 4, 2, 64, 32, 16, 8, 16, 4, 8, 4, 2, 2, 4, 4]",up,64
89,636,"[8, 16, 4, 2, 64, 32, 16, 8, 16, 4, 8, 8, 2, 2, 4, 2]",up,64
90,652,"[8, 16, 4, 2, 64, 32, 16, 16, 16, 4, 8, 2, 2, 2, 4, 2]",up,64
91,656,"[8, 16, 4, 2, 64, 32, 16, 16, 16, 4, 8, 4, 2, 2, 4, 2]",up,64
92,692,"[8, 16, 4, 2, 64, 32, 32, 2, 16, 4, 8, 4, 4, 4, 2, 0]",left,64
93,704,"[8, 16, 4, 4, 64, 32, 32, 4, 16, 8, 8, 0, 4, 2, 2, 0]",up,64
94,712,"[8, 16, 4, 8, 64, 32, 32, 0, 16, 8, 8, 0, 4, 2, 2, 2]",up,64
95,712,"[8, 16, 4, 8, 64, 32, 32, 2, 16, 8, 8, 2, 4, 2, 2, 0]",up,64
96,716,"[8, 16, 4, 8, 64, 32, 32, 4, 16, 8, 8, 0, 4, 2, 2, 2]",up,64
97,716,"[8, 16, 4, 8, 64, 32, 32, 4, 16, 8, 8, 2, 4, 2, 2, 2]",up,64
98,720,"[8, 16, 4, 8, 64, 32, 32, 4, 16, 8, 8, 4, 4, 2, 2, 2]",up,64
99,728,"[8, 16, 4, 8, 64, 32, 32, 8, 16, 8, 8, 2, 4, 2, 2, 2]",up,64
100,748,"[8, 16, 4, 16, 64, 32, 32, 4, 16, 8, 8, 2, 4, 2, 2, 0]",up,64
101,748,"[8, 16, 4, 2, 64, 32, 32, 16, 16, 8, 8, 4, 4, 2, 2, 2]",down,64
102,832,"[8, 16, 4, 2, 64, 64, 16, 2, 16, 16, 4, 0, 4, 4, 2, 0]",left,64
103,836,"[8, 16, 4, 4, 64, 64, 16, 0, 16, 16, 4, 2, 4, 4, 2, 0]",up,64
104,836,"[8, 16, 4, 4, 64, 64, 16, 2, 16, 16, 4, 2, 4, 4, 2, 0]",up,64
105,840,"[8, 16, 4, 4, 64, 64, 16, 4, 16, 16, 4, 0, 4, 4, 2, 2]",up,64
106,848,"[8, 16, 4, 8, 64, 64, 16, 2, 16, 16, 4, 2, 4, 4, 2, 0]",up,64
107,852,"[8, 16, 4, 8, 64, 64, 16, 4, 16, 16, 4, 4, 4, 4, 2, 0]",up,64
108,860,"[8, 16, 4, 8, 64, 64, 16, 8, 16, 16, 4, 4, 4, 4, 2, 0]",up,64
109,876,"[8, 16, 4, 16, 64, 64, 16, 4, 16, 16, 4, 0, 4, 4, 2, 2]",up,64
110,876,"[8, 16, 4, 16, 64, 64, 16, 4, 16, 16, 4, 2, 4, 4, 2, 2]",up,64
111,880,"[8, 16, 4, 16, 64, 64, 16, 4, 16, 16, 4, 4, 4, 4, 2, 2]",up,64
112,888,"[8, 16, 4, 16, 64, 64, 16, 8, 16, 16, 4, 2, 4, 4, 2, 2]",up,64
113,892,"[8, 16, 4, 16, 64, 64, 16, 8, 16, 16, 4, 4, 4, 4, 2, 4]",up,64
114,900,"[8, 16, 4, 16, 64, 64, 16, 8, 16, 16, 4, 8, 4, 4, 2, 2]",up,64
115,916,"[8, 16, 4, 16, 64, 64, 16, 16, 16, 16, 4, 2, 4, 4, 2, 2]",up,64
116,952,"[8, 16, 4, 32, 64, 64, 16, 4, 16, 16, 4, 0, 4, 4, 2, 2]",up,64
117,952,"[8, 16, 4, 32, 64, 64, 16, 4, 16, 16, 4, 2, 4, 4, 2, 2]",up,64
118,956,"[8, 16, 4, 32, 64, 64, 16, 4, 16, 16, 4, 4, 4, 4, 2, 4]",up,64
119,964,"[8, 16, 4, 32, 64, 64, 16, 8, 16, 16, 4, 4, 4, 4, 2, 2]",up,64
120,1144,"[8, 16, 4, 32, 128, 16, 8, 2, 32, 8, 0, 0, 8, 4, 0, 0]",left,128
121,1176,"[8, 32, 4, 32, 128, 8, 8, 2, 32, 4, 0, 2, 8, 0, 0, 0]",up,128
122,1180,"[8, 32, 4, 32, 128, 8, 8, 4, 32, 4, 0, 0, 8, 0, 0, 2]",up,128
123,1180,"[8, 32, 4, 32, 128, 8, 8, 4, 32, 4, 0, 2, 8, 0, 2, 0]",up,128
124,1180,"[8, 32, 4, 32, 128, 8, 8, 4, 32, 4, 2, 2, 8, 2, 0, 0]",up,128
125,1180,"[8, 32, 2, 0, 128, 8, 4, 32, 32, 4, 8, 4, 8, 2, 2, 2]",down,128
126,1180,"[8, 32, 2, 32, 128, 8, 4, 4, 32, 4, 8, 2, 8, 2, 2, 2]",up,128
127,1184,"[8, 32, 2, 32, 128, 8, 4, 4, 32, 4, 8, 4, 8, 2, 2, 2]",up,128
128,1192,"[8, 32, 2, 32, 128, 8, 4, 8, 32, 4, 8, 2, 8, 2, 2, 2]",up,128
129,1196,"[8, 32, 2, 32, 128, 8, 4, 8, 32, 4, 8, 4, 8, 2, 2, 2]",up,128
130,1200,"[8, 32, 2, 32, 128, 8, 4, 8, 32, 4, 8, 4, 8, 4, 2, 2]",left,128
131,1208,"[8, 32, 2, 32, 128, 8, 4, 8, 32, 8, 8, 4, 8, 2, 2, 2]",up,128
132,1224,"[8, 32, 2, 32, 128, 16, 4, 8, 32, 2, 8, 4, 8, 2, 2, 2]",up,128
133,1228,"[8, 32, 2, 32, 128, 16, 4, 8, 32, 4, 8, 4, 8, 4, 2, 2]",up,128
134,1236,"[8, 32, 2, 32, 128, 16, 4, 8, 32, 8, 8, 4, 8, 2, 2, 2]",up,128
135,1256,"[8, 32, 2, 32, 128, 16, 4, 8, 32, 16, 4, 0, 8, 4, 2, 2]",left,128
136,1296,"[8, 32, 2, 32, 128, 32, 8, 8, 32, 4, 2, 2, 8, 2, 0, 0]",up,128
137,1360,"[8, 64, 2, 32, 128, 4, 8, 8, 32, 2, 2, 2, 8, 4, 0, 0]",up,128
138,1360,"[8, 64, 0, 2, 128, 4, 2, 32, 32, 2, 8, 8, 8, 4, 2, 2]",down,128
139,1360,"[8, 64, 2, 2, 128, 4, 8, 32, 32, 2, 2, 8, 8, 4, 2, 2]",up,128
140,1364,"[8, 64, 2, 2, 128, 4, 8, 32, 32, 2, 4, 8, 8, 4, 2, 2]",up,128
141,1372,"[8, 64, 4, 2, 128, 4, 8, 32, 32, 2, 4, 8, 8, 4, 4, 0]",left,128
142,1380,"[8, 64, 4, 2, 128, 4, 8, 32, 32, 2, 8, 8, 8, 4, 2, 0]",up,128
143,1396,"[8, 64, 4, 2, 128, 4, 16, 32, 32, 2, 2, 8, 8, 4, 0, 2]",up,128
144,1396,"[8, 64, 2, 2, 128, 4, 4, 32, 32, 2, 16, 8, 8, 4, 2, 2]",down,128
145,1412,"[8, 64, 4, 0, 128, 8, 32, 0, 32, 2, 16, 8, 8, 4, 4, 2]",left,128
146,1412,"[8, 64, 4, 8, 128, 8, 32, 2, 32, 2, 16, 4, 8, 4, 4, 0]",up,128
147,1412,"[8, 64, 4, 2, 128, 8, 32, 8, 32, 2, 16, 2, 8, 4, 4, 4]",down,128
148,1420,"[8, 64, 4, 2, 128, 8, 32, 8, 32, 2, 16, 2, 8, 8, 4, 2]",left,128
149,1424,"[8, 64, 4, 2, 128, 8, 32, 8, 32, 2, 16, 4, 8, 8, 4, 2]",up,128
150,1440,"[8, 64, 4, 2, 128, 8, 32, 8, 32, 2, 16, 4, 16, 4, 2, 2]",left,128
151,1444,"[8, 64, 4, 2, 128, 8, 32, 8, 32, 2, 16, 4, 16, 4, 4, 2]",left,128
152,1452,"[8, 64, 4, 2, 128, 8, 32, 8, 32, 2, 16, 4, 16, 8, 2, 4]",left,128
153,1460,"[8, 64, 4, 2, 128, 8, 32, 8, 32, 2, 16, 8, 16, 8, 2, 2]",up,128
154,1476,"[8, 64, 4, 2, 128, 8, 32, 16, 32, 2, 16, 2, 16, 8, 2, 2]",up,128
155,1480,"[8, 64, 4, 2, 128, 8, 32, 16, 32, 2, 16, 4, 16, 8, 2, 2]",up,128
156,1484,"[8, 64, 4, 2, 128, 8, 32, 16, 32, 2, 16, 4, 16, 8, 4, 4]",left,128
157,1492,"[8, 64, 4, 2, 128, 8, 32, 16, 32, 2, 16, 8, 16, 8, 4, 2]",up,128
1,0,"[4, 0, 0, 0, 0, 0, 0, 0, 0, 0, 0, 0, 0, 0, 2, 0]",up,4
2,0,"[4, 0, 2, 0, 0, 0, 2, 0, 0, 0, 0, 0, 0, 0, 0, 0]",up,4
3,4,"[4, 0, 4, 0, 0, 0, 0, 0, 0, 2, 0, 0, 0, 0, 0, 0]",up,4
4,12,"[8, 0, 0, 0, 0, 0, 0, 0, 2, 2, 0, 0, 0, 0, 0, 0]",left,8
5,12,"[8, 2, 0, 0, 2, 0, 0, 0, 0, 0, 0, 0, 0, 0, 0, 2]",up,8
6,12,"[8, 2, 0, 2, 2, 2, 0, 0, 0, 0, 0, 0, 0, 0, 0, 0]",up,8
7,20,"[8, 4, 2, 0, 4, 0, 0, 0, 0, 0, 0, 0, 0, 0, 0, 0]",left,8
8,20,"[0, 0, 0, 0, 0, 0, 4, 0, 8, 0, 0, 0, 4, 4, 2, 0]",down,8
9,20,"[8, 4, 4, 2, 4, 0, 2, 0, 0, 0, 0, 0, 0, 0, 0, 0]",up,8
10,20,"[0, 0, 0, 0, 2, 0, 0, 0, 8, 0, 4, 0, 4, 4, 2, 2]",down,8
11,20,"[2, 4, 4, 2, 8, 0, 2, 2, 4, 0, 0, 0, 0, 0, 0, 0]",up,8
12,32,"[2, 2, 8, 2, 0, 0, 8, 4, 0, 0, 0, 4, 0, 0, 0, 0]",right,8
13,56,"[2, 2, 16, 2, 2, 0, 0, 8, 0, 0, 0, 0, 0, 0, 0, 0]",up,16
14,58,"[2, 0, 0, 0, 0, 0, 0, 0, 0, 0, 0, 2, 4, 2, 16, 8]",down,16
15,58,"[2, 2, 16, 2, 4, 0, 0, 8, 0, 2, 0, 0, 0, 0, 0, 0]",up,16
16,62,"[4, 16, 2, 2, 4, 8, 0, 0, 2, 0, 0, 0, 0, 0, 0, 0]",left,16
17,66,"[0, 0, 0, 2, 0, 0, 0, 0, 8, 16, 0, 0, 2, 8, 2, 2]",down,16
18,68,"[0, 0, 0, 0, 0, 0, 0, 2, 8, 16, 0, 0, 2, 8, 2, 4]",down,16
19,68,"[0, 0, 0, 2, 0, 0, 0, 2, 0, 0, 8, 16, 2, 8, 2, 4]",right,16
20,72,"[2, 8, 8, 4, 0, 0, 2, 16, 0, 2, 0, 4, 0, 0, 0, 0]",up,16
21,72,"[2, 8, 8, 4, 0, 2, 2, 16, 0, 0, 0, 4, 0, 0, 0, 2]",up,16
22,72,"[2, 0, 0, 4, 0, 0, 0, 16, 0, 8, 8, 4, 2, 2, 2, 2]",down,16
23,96,"[2, 4, 0, 0, 16, 0, 0, 0, 16, 4, 0, 0, 4, 4, 0, 2]",left,16
24,116,"[0, 0, 2, 0, 2, 0, 0, 0, 32, 4, 0, 0, 4, 8, 0, 2]",down,32
25,116,"[2, 4, 2, 2, 32, 8, 0, 2, 4, 0, 0, 0, 0, 0, 0, 0]",up,32
26,120,"[2, 4, 4, 0, 32, 8, 2, 0, 4, 0, 0, 0, 0, 0, 0, 2]",left,32
27,120,"[2, 4, 4, 2, 32, 8, 2, 0, 4, 0, 0, 2, 0, 0, 0, 0]",up,32
28,124,"[2, 4, 4, 4, 32, 8, 2, 0, 4, 0, 0, 0, 4, 0, 0, 0]",up,32
29,132,"[2, 8, 4, 0, 32, 8, 2, 0, 4, 0, 0, 0, 4, 0, 0, 2]",left,32
30,132,"[2, 8, 4, 0, 32, 8, 2, 0, 4, 0, 4, 0, 4, 2, 0, 0]",left,32
31,156,"[2, 16, 4, 2, 32, 2, 2, 0, 8, 0, 4, 0, 0, 0, 0, 0]",up,32
32,160,"[2, 16, 4, 2, 0, 0, 32, 4, 0, 2, 8, 4, 0, 0, 0, 0]",right,32
33,164,"[0, 0, 0, 0, 0, 0, 4, 2, 0, 16, 32, 2, 2, 2, 8, 8]",down,32
34,168,"[2, 16, 4, 4, 0, 2, 32, 8, 0, 0, 8, 0, 0, 2, 0, 0]",up,32
35,176,"[2, 16, 8, 0, 2, 32, 8, 0, 8, 0, 0, 0, 2, 2, 0, 0]",left,32
36,196,"[4, 16, 16, 0, 8, 32, 0, 0, 2, 2, 0, 0, 0, 0, 2, 0]",up,32
37,232,"[0, 2, 4, 32, 0, 0, 8, 32, 0, 0, 0, 4, 0, 0, 0, 2]",right,32
38,232,"[2, 4, 32, 0, 8, 32, 0, 0, 4, 0, 0, 0, 2, 0, 0, 2]",left,32
39,236,"[2, 4, 32, 0, 8, 32, 0, 0, 4, 0, 0, 2, 4, 0, 0, 0]",left,32
40,244,"[2, 4, 32, 2, 8, 32, 2, 0, 8, 0, 0, 0, 0, 0, 0, 0]",up,32
41,244,"[2, 4, 32, 2, 2, 8, 32, 2, 0, 0, 0, 8, 0, 0, 0, 0]",right,32
42,316,"[4, 4, 64, 4, 0, 8, 0, 8, 0, 0, 0, 0, 0, 0, 0, 4]",up,64
43,316,"[4, 4, 64, 4, 0, 8, 0, 8, 0, 0, 0, 4, 0, 2, 0, 0]",up,64
44,316,"[4, 4, 64, 4, 0, 8, 0, 8, 2, 2, 0, 4, 0, 0, 0, 0]",up,64
45,316,"[0, 2, 0, 0, 0, 4, 0, 4, 4, 8, 0, 8, 2, 2, 64, 4]",down,64
46,344,"[2, 0, 0, 0, 8, 2, 0, 0, 4, 16, 0, 0, 4, 64, 4, 0]",left,64
47,352,"[2, 2, 4, 0, 8, 16, 0, 0, 8, 64, 0, 0, 0, 0, 0, 2]",up,64
48,368,"[2, 2, 4, 2, 16, 16, 0, 0, 0, 64, 0, 0, 0, 2, 0, 0]",up,64
49,404,"[4, 4, 2, 0, 32, 0, 0, 0, 64, 0, 4, 0, 2, 0, 0, 0]",left,64
50,404,"[4, 4, 2, 0, 32, 0, 4, 0, 64, 0, 0, 2, 2, 0, 0, 0]",up,64
51,404,"[4, 4, 2, 2, 32, 0, 4, 0, 64, 0, 0, 2, 2, 0, 0, 0]",up,64
52,416,"[8, 4, 2, 0, 32, 4, 0, 0, 64, 2, 0, 0, 2, 0, 0, 0]",left,64
53,424,"[8, 8, 2, 0, 32, 2, 0, 0, 64, 0, 0, 0, 2, 0, 0, 2]",up,64
54,424,"[8, 0, 0, 0, 32, 2, 0, 0, 64, 8, 0, 0, 2, 2, 2, 2]",down,64
55,432,"[8, 2, 0, 0, 32, 2, 0, 0, 64, 8, 0, 0, 4, 4, 0, 0]",left,64
56,436,"[8, 4, 0, 0, 32, 8, 0, 0, 64, 4, 0, 4, 4, 0, 0, 0]",up,64
57,436,"[8, 4, 0, 4, 32, 8, 0, 0, 64, 4, 2, 0, 4, 0, 0, 0]",up,64
58,444,"[8, 8, 0, 0, 32, 8, 0, 0, 64, 4, 2, 0, 4, 0, 2, 0]",left,64
59,460,"[0, 0, 0, 16, 0, 0, 32, 8, 2, 64, 4, 2, 0, 0, 4, 2]",right,64
60,472,"[2, 64, 32, 16, 0, 0, 8, 8, 0, 0, 0, 4, 2, 0, 0, 0]",up,64
61,488,"[2, 64, 32, 16, 0, 0, 0, 16, 0, 0, 0, 4, 0, 0, 2, 2]",right,64
62,492,"[2, 64, 32, 16, 0, 0, 0, 16, 0, 0, 2, 4, 0, 0, 0, 4]",right,64
63,532,"[2, 64, 32, 32, 0, 0, 2, 8, 0, 0, 0, 0, 0, 0, 0, 2]",up,64
64,532,"[2, 64, 32, 32, 0, 0, 2, 8, 0, 2, 0, 2, 0, 0, 0, 0]",up,64
65,600,"[2, 64, 64, 0, 2, 8, 0, 0, 4, 0, 0, 0, 0, 0, 4, 0]",left,64
66,604,"[4, 64, 64, 0, 4, 8, 4, 0, 2, 0, 0, 0, 0, 0, 0, 0]",up,64
67,612,"[8, 64, 64, 0, 2, 8, 4, 0, 0, 0, 0, 0, 0, 0, 2, 0]",up,64
68,740,"[8, 128, 2, 0, 2, 8, 4, 0, 0, 0, 0, 0, 2, 0, 0, 0]",left,128
69,744,"[8, 128, 2, 0, 4, 8, 4, 2, 0, 0, 0, 0, 0, 0, 0, 0]",up,128
70,744,"[8, 128, 2, 2, 4, 8, 4, 0, 0, 0, 0, 0, 0, 0, 2, 0]",up,128
71,744,"[8, 128, 2, 2, 4, 8, 4, 0, 0, 0, 2, 0, 2, 0, 0, 0]",up,128
72,744,"[8, 128, 2, 2, 4, 8, 4, 0, 2, 0, 2, 2, 0, 0, 0, 0]",up,128
73,748,"[8, 128, 2, 4, 4, 8, 4, 0, 2, 0, 2, 0, 0, 0, 0, 4]",up,128
74,756,"[8, 128, 2, 8, 4, 8, 4, 0, 2, 2, 2, 0, 0, 0, 0, 0]",up,128
75,760,"[8, 128, 2, 8, 4, 8, 4, 0, 4, 2, 0, 2, 0, 0, 0, 0]",left,128
76,764,"[8, 128, 2, 8, 4, 8, 4, 0, 4, 4, 2, 0, 0, 0, 0, 0]",left,128
77,768,"[0, 0, 2, 0, 0, 128, 2, 0, 8, 8, 4, 0, 8, 4, 2, 8]",down,128
78,788,"[16, 128, 4, 8, 0, 8, 4, 0, 2, 4, 2, 0, 0, 0, 0, 0]",up,128
79,796,"[16, 128, 8, 8, 2, 8, 2, 0, 0, 4, 0, 0, 2, 0, 0, 0]",up,128
80,800,"[16, 128, 8, 8, 4, 8, 2, 0, 0, 4, 0, 0, 0, 2, 0, 0]",up,128
81,800,"[0, 128, 0, 0, 2, 8, 0, 0, 16, 4, 8, 0, 4, 2, 2, 8]",down,128
82,804,"[128, 2, 0, 0, 2, 8, 0, 0, 16, 4, 8, 0, 4, 4, 8, 0]",left,128
83,812,"[0, 0, 128, 2, 0, 2, 2, 8, 0, 16, 4, 8, 0, 0, 8, 8]",right,128
84,820,"[0, 0, 128, 0, 2, 0, 2, 2, 0, 2, 4, 8, 0, 16, 8, 16]",down,128
85,820,"[0, 0, 128, 2, 0, 0, 2, 2, 0, 2, 4, 8, 2, 16, 8, 16]",down,128
86,822,"[0, 0, 128, 2, 0, 0, 2, 4, 0, 2, 4, 8, 2, 16, 8, 16]",down,128
87,822,"[128, 2, 0, 4, 2, 4, 0, 0, 2, 4, 8, 0, 2, 16, 8, 16]",left,128
88,822,"[0, 128, 2, 4, 0, 0, 2, 4, 2, 2, 4, 8, 2, 16, 8, 16]",right,128
89,838,"[4, 128, 4, 8, 0, 2, 4, 8, 2, 16, 8, 16, 0, 0, 0, 0]",up,128
90,862,"[4, 128, 8, 16, 2, 2, 8, 16, 0, 16, 0, 0, 2, 0, 0, 0]",up,128
91,914,"[4, 128, 16, 32, 4, 2, 2, 0, 0, 16, 0, 0, 0, 0, 0, 0]",up,128
92,922,"[8, 128, 16, 32, 0, 2, 2, 0, 0, 16, 0, 0, 0, 0, 2, 0]",up,128
93,926,"[8, 128, 16, 32, 0, 2, 4, 0, 0, 16, 0, 0, 0, 2, 0, 0]",up,128
94,926,"[0, 128, 0, 0, 2, 2, 0, 0, 0, 16, 16, 0, 8, 2, 4, 32]",down,128
95,926,"[0, 128, 0, 0, 2, 2, 0, 0, 2, 16, 16, 0, 8, 2, 4, 32]",down,128
96,962,"[2, 0, 0, 128, 0, 0, 0, 4, 0, 0, 2, 32, 8, 2, 4, 32]",right,128
97,1026,"[2, 2, 2, 128, 8, 0, 4, 4, 0, 0, 0, 64, 0, 2, 0, 0]",up,128
98,1030,"[2, 4, 2, 128, 8, 2, 4, 4, 0, 0, 0, 64, 0, 0, 0, 0]",up,128
99,1038,"[2, 4, 2, 128, 8, 2, 8, 0, 64, 0, 2, 0, 0, 0, 0, 0]",left,128
100,1038,"[2, 0, 0, 0, 2, 0, 2, 0, 8, 4, 8, 0, 64, 2, 2, 128]",down,128
101,1042,"[4, 4, 2, 128, 8, 2, 8, 2, 64, 0, 2, 0, 0, 0, 0, 0]",up,128
102,1042,"[0, 0, 2, 0, 4, 0, 2, 0, 8, 4, 8, 128, 64, 2, 2, 2]",down,128
103,1044,"[0, 0, 0, 0, 4, 0, 4, 2, 8, 4, 8, 128, 64, 2, 2, 2]",down,128
104,1056,"[0, 0, 0, 4, 8, 2, 0, 0, 8, 4, 8, 128, 64, 4, 2, 0]",left,128
105,1056,"[4, 0, 0, 2, 8, 2, 0, 0, 8, 4, 8, 128, 64, 4, 2, 0]",left,128
106,1056,"[4, 2, 2, 0, 8, 2, 0, 0, 8, 4, 8, 128, 64, 4, 2, 0]",left,128
107,1084,"[4, 4, 2, 128, 16, 8, 8, 0, 64, 0, 2, 0, 0, 0, 0, 2]",up,128
108,1084,"[4, 4, 2, 128, 16, 8, 8, 2, 64, 0, 2, 0, 0, 0, 2, 0]",up,128
109,1088,"[4, 4, 2, 128, 16, 8, 8, 2, 64, 0, 4, 0, 0, 0, 2, 0]",up,128
110,1112,"[8, 2, 128, 0, 16, 16, 2, 4, 64, 4, 0, 0, 2, 0, 0, 0]",left,128
111,1144,"[8, 2, 128, 0, 32, 2, 4, 0, 64, 4, 0, 0, 2, 2, 0, 0]",left,128
112,1146,"[8, 0, 0, 0, 32, 4, 2, 0, 64, 4, 128, 0, 2, 2, 4, 0]",down,128
113,1154,"[8, 8, 2, 0, 32, 2, 128, 0, 64, 2, 4, 0, 2, 0, 0, 0]",up,128
114,1170,"[16, 2, 0, 4, 32, 2, 128, 0, 64, 2, 4, 0, 2, 0, 0, 0]",left,128
115,1172,"[16, 0, 0, 0, 32, 0, 0, 2, 64, 2, 128, 0, 2, 4, 4, 4]",down,128
116,1180,"[0, 0, 0, 16, 0, 2, 32, 2, 0, 64, 2, 128, 0, 2, 4, 8]",right,128
117,1180,"[0, 2, 32, 16, 0, 64, 2, 2, 0, 2, 4, 128, 2, 0, 0, 8]",up,128
118,1180,"[2, 2, 32, 16, 0, 64, 2, 2, 0, 2, 4, 128, 0, 2, 0, 8]",up,128
119,1184,"[2, 2, 32, 16, 0, 64, 2, 2, 0, 4, 4, 128, 0, 0, 2, 8]",up,128
120,1200,"[4, 32, 16, 2, 64, 4, 0, 0, 8, 128, 0, 0, 2, 8, 0, 0]",left,128
121,1200,"[4, 32, 0, 0, 64, 4, 0, 0, 8, 128, 2, 0, 2, 8, 16, 2]",down,128
122,1200,"[0, 0, 4, 32, 2, 0, 64, 4, 0, 8, 128, 2, 2, 8, 16, 2]",right,128
123,1224,"[4, 16, 4, 32, 0, 2, 64, 4, 0, 0, 128, 4, 0, 0, 16, 0]",up,128
124,1232,"[4, 16, 4, 32, 0, 2, 64, 8, 0, 0, 128, 0, 0, 0, 16, 2]",up,128
125,1232,"[4, 16, 4, 32, 0, 2, 64, 8, 0, 0, 128, 2, 0, 2, 16, 0]",up,128
126,1234,"[0, 0, 4, 2, 0, 0, 64, 32, 0, 16, 128, 8, 4, 4, 16, 2]",down,128
127,1234,"[4, 16, 4, 2, 0, 4, 64, 32, 2, 0, 128, 8, 0, 0, 16, 2]",up,128
128,1234,"[4, 16, 4, 2, 4, 64, 32, 2, 2, 128, 8, 0, 16, 2, 0, 0]",left,128
129,1234,"[4, 16, 4, 2, 4, 64, 32, 2, 0, 2, 128, 8, 0, 2, 16, 2]",right,128
130,1250,"[8, 16, 4, 4, 0, 64, 32, 8, 0, 4, 128, 2, 0, 0, 16, 2]",up,128
131,1258,"[0, 8, 16, 8, 0, 64, 32, 8, 0, 4, 128, 2, 0, 2, 16, 2]",right,128
132,1278,"[2, 8, 16, 16, 0, 64, 32, 4, 0, 4, 128, 0, 0, 2, 16, 0]",up,128
133,1310,"[2, 8, 32, 2, 64, 32, 4, 0, 4, 128, 0, 0, 2, 16, 0, 0]",left,128
134,1310,"[2, 8, 32, 2, 0, 64, 32, 4, 2, 0, 4, 128, 0, 0, 2, 16]",right,128
135,1378,"[4, 8, 64, 2, 0, 64, 4, 4, 0, 0, 2, 128, 0, 2, 0, 16]",up,128
136,1378,"[4, 8, 64, 2, 0, 64, 4, 4, 0, 2, 2, 128, 2, 0, 0, 16]",up,128
137,1378,"[4, 8, 64, 2, 2, 64, 4, 4, 0, 2, 2, 128, 0, 2, 0, 16]",up,128
138,1382,"[4, 8, 64, 2, 2, 64, 4, 4, 0, 4, 2, 128, 0, 2, 0, 16]",up,128
139,1390,"[4, 8, 64, 2, 2, 64, 8, 2, 4, 2, 128, 0, 2, 16, 0, 0]",left,128
140,1394,"[4, 8, 64, 4, 2, 64, 8, 0, 4, 2, 128, 4, 2, 16, 0, 0]",up,128
141,1402,"[4, 8, 64, 8, 2, 64, 8, 0, 4, 2, 128, 0, 2, 16, 0, 2]",up,128
142,1402,"[4, 8, 0, 0, 2, 64, 64, 2, 4, 2, 8, 8, 2, 16, 128, 2]",down,128
143,1402,"[4, 8, 64, 2, 2, 64, 8, 8, 4, 2, 128, 2, 2, 16, 2, 0]",up,128
144,1418,"[4, 8, 64, 2, 2, 2, 64, 16, 4, 2, 128, 2, 0, 2, 16, 2]",right,128
145,1422,"[4, 8, 64, 2, 2, 4, 64, 16, 4, 2, 128, 2, 0, 2, 16, 2]",right,128
146,1558,"[4, 8, 128, 2, 2, 4, 128, 16, 4, 4, 16, 4, 0, 2, 0, 0]",up,128
147,1822,"[4, 8, 256, 2, 2, 8, 16, 16, 4, 2, 0, 4, 0, 2, 0, 0]",up,256
148,1854,"[4, 8, 256, 2, 2, 8, 32, 0, 4, 2, 4, 0, 2, 0, 0, 4]",left,256
149,1870,"[4, 16, 256, 2, 2, 2, 32, 4, 4, 0, 4, 0, 2, 0, 2, 0]",up,256
150,1886,"[4, 16, 256, 2, 4, 32, 4, 0, 8, 0, 0, 0, 4, 2, 0, 0]",left,256
151,1890,"[0, 4, 0, 0, 8, 16, 0, 0, 8, 32, 256, 0, 4, 2, 4, 2]",down,256
152,1898,"[2, 4, 0, 0, 0, 16, 0, 0, 16, 32, 256, 0, 4, 2, 4, 2]",down,256
153,1898,"[2, 4, 256, 2, 16, 16, 4, 0, 4, 32, 0, 2, 0, 2, 0, 0]",up,256
154,1902,"[2, 4, 256, 4, 16, 16, 4, 0, 4, 32, 0, 0, 0, 2, 2, 0]",up,256
155,1938,"[2, 4, 256, 4, 2, 0, 32, 4, 0, 0, 4, 32, 0, 0, 0, 4]",right,256
156,1950,"[4, 4, 256, 8, 0, 0, 32, 32, 0, 0, 4, 4, 2, 0, 0, 0]",up,256
157,1950,"[0, 0, 0, 0, 0, 0, 256, 8, 4, 2, 32, 32, 2, 4, 4, 4]",down,256
158,1950,"[4, 2, 256, 8, 2, 4, 32, 32, 0, 0, 4, 4, 2, 0, 0, 0]",up,256
159,1954,"[4, 2, 256, 8, 4, 4, 32, 32, 0, 0, 4, 4, 0, 0, 2, 0]",up,256
160,2034,"[4, 2, 256, 8, 8, 64, 0, 2, 8, 0, 0, 0, 2, 0, 0, 0]",left,256
161,2050,"[4, 2, 256, 8, 16, 64, 0, 2, 2, 2, 0, 0, 0, 0, 0, 0]",up,256
162,2054,"[4, 2, 256, 8, 16, 64, 2, 0, 4, 0, 0, 2, 0, 0, 0, 0]",left,256
163,2054,"[4, 2, 256, 8, 16, 64, 2, 2, 4, 0, 0, 0, 0, 0, 0, 4]",up,256
164,2058,"[4, 2, 256, 8, 16, 64, 4, 0, 4, 0, 0, 2, 4, 0, 0, 0]",left,256
165,2066,"[4, 2, 256, 8, 16, 64, 4, 2, 8, 2, 0, 0, 0, 0, 0, 0]",up,256
166,2066,"[4, 2, 256, 8, 16, 64, 4, 2, 0, 2, 8, 2, 0, 0, 0, 0]",right,256
167,2070,"[4, 2, 256, 8, 16, 64, 4, 4, 0, 2, 8, 2, 0, 0, 0, 0]",up,256
168,2070,"[0, 0, 0, 2, 0, 2, 256, 8, 4, 64, 4, 4, 16, 2, 8, 2]",down,256
169,2070,"[4, 2, 256, 2, 16, 64, 4, 8, 0, 2, 8, 4, 0, 2, 0, 2]",up,256
170,2072,"[0, 0, 2, 2, 0, 2, 256, 8, 4, 64, 4, 4, 16, 4, 8, 2]",down,256
171,2084,"[4, 0, 0, 2, 2, 256, 8, 0, 4, 64, 8, 0, 16, 4, 8, 2]",left,256
172,2104,"[4, 256, 16, 4, 2, 64, 8, 0, 4, 4, 2, 0, 16, 0, 0, 0]",up,256
173,2104,"[4, 2, 0, 0, 2, 256, 16, 0, 4, 64, 8, 0, 16, 4, 2, 4]",down,256
174,2104,"[4, 2, 16, 4, 2, 256, 8, 2, 4, 64, 2, 0, 16, 4, 0, 0]",up,256
175,2104,"[4, 2, 0, 0, 2, 256, 16, 4, 4, 64, 8, 4, 16, 4, 2, 2]",down,256
176,2108,"[4, 2, 0, 2, 2, 256, 16, 0, 4, 64, 8, 8, 16, 4, 2, 2]",down,256
177,2132,"[4, 4, 0, 0, 2, 256, 16, 0, 4, 64, 16, 2, 16, 4, 4, 0]",left,256
178,2164,"[4, 4, 32, 2, 2, 256, 4, 0, 4, 64, 0, 0, 16, 4, 2, 0]",up,256
179,2164,"[4, 4, 2, 0, 2, 256, 32, 0, 4, 64, 4, 0, 16, 4, 2, 2]",down,256
180,2164,"[4, 4, 2, 2, 2, 256, 32, 0, 4, 64, 4, 0, 16, 4, 2, 2]",up,256
181,2168,"[4, 4, 2, 4, 2, 256, 32, 2, 4, 64, 4, 0, 16, 4, 2, 0]",up,256
182,2168,"[4, 4, 2, 4, 2, 256, 32, 0, 4, 64, 4, 4, 16, 4, 2, 2]",down,256
183,2188,"[8, 2, 4, 0, 2, 256, 32, 0, 4, 64, 8, 0, 16, 4, 4, 2]",left,256
184,2188,"[8, 2, 4, 2, 2, 256, 32, 0, 4, 64, 8, 2, 16, 4, 4, 0]",up,256
185,2192,"[8, 2, 4, 4, 2, 256, 32, 0, 4, 64, 8, 0, 16, 4, 4, 2]",up,256
186,2192,"[8, 2, 4, 4, 2, 256, 32, 2, 4, 64, 8, 0, 16, 4, 4, 2]",up,256
187,2196,"[8, 2, 4, 4, 2, 256, 32, 4, 4, 64, 8, 2, 16, 4, 4, 0]",up,256
188,2204,"[8, 2, 4, 8, 2, 256, 32, 2, 4, 64, 8, 2, 16, 4, 4, 0]",up,256
189,2208,"[8, 2, 4, 8, 2, 256, 32, 4, 4, 64, 8, 2, 16, 4, 4, 0]",up,256
190,2208,"[8, 2, 4, 4, 2, 256, 32, 8, 4, 64, 8, 4, 16, 4, 4, 2]",down,256
191,2224,"[0, 8, 2, 8, 2, 256, 32, 8, 4, 64, 8, 4, 2, 16, 8, 2]",right,256
192,2240,"[0, 8, 2, 0, 2, 256, 2, 16, 4, 64, 32, 4, 2, 16, 16, 2]",down,256
193,2242,"[2, 8, 0, 0, 2, 256, 4, 16, 4, 64, 32, 4, 2, 16, 16, 2]",down,256
194,2244,"[2, 8, 0, 0, 4, 256, 4, 16, 4, 64, 32, 4, 2, 16, 16, 2]",down,256
195,2276,"[0, 0, 2, 8, 4, 256, 4, 16, 4, 64, 32, 4, 2, 2, 32, 2]",right,256
196,2348,"[8, 256, 2, 8, 2, 64, 4, 16, 0, 2, 64, 4, 2, 0, 0, 2]",up,256
197,2352,"[8, 256, 2, 8, 2, 64, 4, 16, 2, 64, 4, 2, 4, 0, 0, 0]",left,256
198,2492,"[8, 256, 2, 8, 4, 128, 8, 16, 4, 0, 0, 2, 0, 0, 4, 0]",up,256
199,2500,"[8, 256, 2, 8, 8, 128, 8, 16, 0, 0, 4, 2, 0, 0, 2, 0]",up,256
200,2516,"[16, 256, 2, 8, 0, 128, 8, 16, 2, 0, 4, 2, 0, 0, 2, 0]",up,256
201,2516,"[16, 256, 2, 8, 2, 128, 8, 16, 2, 0, 4, 2, 0, 0, 2, 0]",up,256
202,2520,"[16, 256, 2, 8, 4, 128, 8, 16, 0, 0, 4, 2, 0, 2, 2, 0]",up,256
203,2520,"[0, 0, 2, 2, 0, 256, 8, 8, 16, 128, 4, 16, 4, 2, 2, 2]",down,256
204,2520,"[16, 256, 2, 2, 4, 128, 8, 8, 2, 2, 4, 16, 0, 0, 2, 2]",up,256
205,2548,"[16, 256, 4, 2, 4, 128, 16, 0, 4, 4, 16, 0, 4, 0, 0, 0]",left,256
206,2588,"[16, 256, 4, 2, 8, 128, 32, 0, 4, 4, 0, 2, 0, 0, 0, 0]",up,256
207,2592,"[16, 256, 4, 4, 8, 128, 32, 0, 4, 4, 0, 0, 2, 0, 0, 0]",up,256
208,2608,"[16, 256, 8, 0, 8, 128, 32, 0, 8, 2, 0, 0, 2, 0, 0, 0]",left,256
209,2624,"[16, 256, 8, 0, 16, 128, 32, 0, 2, 2, 0, 0, 0, 2, 0, 0]",up,256
210,2660,"[32, 256, 8, 0, 2, 128, 32, 0, 0, 4, 0, 0, 0, 0, 0, 2]",up,256
211,2660,"[0, 32, 256, 8, 0, 2, 128, 32, 2, 0, 0, 4, 0, 0, 0, 2]",right,256
212,2660,"[2, 32, 256, 8, 0, 2, 128, 32, 2, 0, 0, 4, 0, 0, 0, 2]",up,256
213,2664,"[4, 32, 256, 8, 0, 2, 128, 32, 0, 2, 0, 4, 0, 0, 0, 2]",up,256
214,2668,"[4, 32, 256, 8, 0, 4, 128, 32, 0, 0, 0, 4, 0, 2, 0, 2]",up,256
215,2672,"[4, 32, 256, 8, 4, 128, 32, 0, 4, 0, 0, 0, 4, 0, 0, 4]",left,256
216,2688,"[8, 32, 256, 8, 8, 128, 32, 4, 0, 0, 0, 0, 2, 0, 0, 0]",up,256
217,2688,"[8, 32, 256, 8, 8, 128, 32, 4, 0, 2, 0, 0, 0, 0, 0, 2]",right,256
218,2704,"[16, 32, 256, 8, 0, 128, 32, 4, 0, 2, 0, 2, 0, 2, 0, 0]",up,256
219,2708,"[16, 32, 256, 8, 128, 32, 4, 0, 4, 0, 0, 0, 2, 0, 0, 2]",left,256
220,2712,"[16, 32, 256, 8, 128, 32, 4, 0, 4, 0, 0, 0, 4, 0, 0, 4]",left,256
221,2748,"[0, 0, 0, 2, 16, 0, 0, 0, 128, 0, 256, 8, 8, 64, 4, 4]",down,256
222,2756,"[2, 0, 0, 0, 16, 0, 2, 0, 128, 256, 8, 0, 8, 64, 8, 0]",left,256
223,2756,"[2, 0, 0, 0, 16, 2, 0, 2, 128, 256, 8, 0, 8, 64, 8, 0]",left,256
224,2772,"[2, 2, 16, 2, 16, 256, 2, 0, 128, 64, 0, 0, 8, 0, 0, 0]",up,256
225,2776,"[4, 16, 2, 0, 16, 256, 2, 0, 128, 64, 2, 0, 8, 0, 0, 0]",left,256
226,2780,"[4, 16, 4, 0, 16, 256, 2, 0, 128, 64, 0, 0, 8, 0, 2, 0]",up,256
227,2784,"[4, 16, 4, 0, 16, 256, 4, 0, 128, 64, 0, 0, 8, 0, 0, 2]",up,256
228,2792,"[4, 16, 8, 2, 16, 256, 0, 0, 128, 64, 0, 0, 8, 2, 0, 0]",up,256
229,2792,"[4, 16, 0, 0, 16, 256, 0, 0, 128, 64, 2, 0, 8, 2, 8, 2]",down,256
230,2792,"[0, 0, 4, 16, 0, 0, 16, 256, 2, 128, 64, 2, 8, 2, 8, 2]",right,256
231,2796,"[2, 128, 4, 16, 8, 2, 16, 256, 2, 0, 64, 4, 0, 0, 8, 0]",up,256
232,2796,"[0, 0, 4, 2, 2, 0, 16, 16, 8, 128, 64, 256, 2, 2, 8, 4]",down,256
233,2832,"[4, 2, 0, 0, 2, 32, 2, 0, 8, 128, 64, 256, 4, 8, 4, 0]",left,256
234,2832,"[4, 2, 2, 0, 2, 32, 2, 0, 8, 128, 64, 0, 4, 8, 4, 256]",down,256
235,2836,"[4, 4, 2, 0, 2, 32, 2, 0, 8, 128, 64, 0, 4, 8, 4, 256]",left,256
236,2840,"[4, 4, 4, 256, 2, 32, 64, 0, 8, 128, 4, 0, 4, 8, 4, 0]",up,256
237,2848,"[4, 4, 4, 256, 2, 32, 64, 0, 8, 128, 8, 4, 4, 8, 0, 0]",up,256
238,2848,"[4, 4, 4, 256, 2, 32, 64, 4, 8, 128, 8, 2, 4, 8, 0, 0]",up,256
239,2848,"[4, 4, 0, 2, 2, 32, 4, 256, 8, 128, 64, 4, 4, 8, 8, 2]",down,256
240,2872,"[0, 4, 8, 2, 2, 32, 4, 256, 8, 128, 64, 4, 0, 4, 16, 2]",right,256
241,2872,"[2, 4, 8, 2, 8, 32, 4, 256, 0, 128, 64, 4, 2, 4, 16, 2]",up,256
242,2872,"[2, 4, 8, 2, 8, 32, 4, 256, 128, 64, 4, 2, 2, 4, 16, 2]",left,256
243,2884,"[2, 4, 8, 2, 8, 32, 8, 256, 128, 64, 16, 4, 2, 4, 0, 2]",up,256
244,2900,"[2, 4, 16, 2, 8, 32, 16, 256, 128, 64, 2, 4, 2, 4, 0, 2]",up,256
245,2916,"[2, 4, 0, 2, 8, 32, 2, 256, 128, 64, 32, 4, 2, 4, 2, 2]",down,256
246,2916,"[2, 4, 2, 2, 8, 32, 32, 256, 128, 64, 2, 4, 2, 4, 2, 2]",up,256
247,2988,"[2, 4, 4, 2, 8, 64, 256, 0, 128, 64, 2, 4, 2, 4, 4, 0]",left,256
248,3004,"[2, 8, 2, 0, 8, 64, 256, 0, 128, 64, 2, 4, 2, 8, 0, 2]",left,256
249,3068,"[2, 0, 2, 0, 8, 8, 2, 0, 128, 128, 256, 4, 2, 8, 2, 2]",down,256
250,3070,"[2, 0, 0, 2, 8, 8, 4, 0, 128, 128, 256, 4, 2, 8, 2, 2]",down,256
251,3350,"[4, 0, 0, 0, 16, 4, 0, 2, 256, 256, 4, 0, 2, 8, 4, 0]",left,256
252,3358,"[4, 4, 8, 2, 16, 256, 0, 0, 256, 8, 0, 0, 2, 0, 2, 0]",up,256
253,3358,"[4, 2, 0, 0, 16, 4, 0, 0, 256, 256, 8, 0, 2, 8, 2, 2]",down,256
254,3874,"[4, 2, 0, 0, 16, 4, 0, 0, 512, 8, 0, 0, 2, 8, 4, 2]",left,512
255,3890,"[4, 2, 4, 2, 16, 4, 0, 0, 512, 16, 0, 0, 2, 0, 2, 0]",up,512
256,3894,"[4, 2, 4, 2, 16, 4, 0, 2, 512, 16, 0, 0, 4, 0, 0, 0]",left,512
257,3898,"[4, 2, 4, 4, 16, 4, 0, 0, 512, 16, 0, 0, 4, 0, 0, 2]",up,512
258,3898,"[4, 0, 0, 2, 16, 2, 0, 0, 512, 4, 0, 4, 4, 16, 4, 2]",down,512
259,3906,"[0, 0, 4, 2, 0, 0, 16, 2, 0, 2, 512, 8, 4, 16, 4, 2]",right,512
260,3910,"[4, 2, 4, 4, 0, 16, 16, 8, 0, 0, 512, 2, 0, 2, 4, 0]",up,512
261,3950,"[0, 4, 2, 8, 2, 0, 32, 8, 0, 0, 512, 2, 0, 0, 2, 4]",right,512
262,3950,"[0, 4, 2, 8, 0, 2, 32, 8, 0, 0, 512, 2, 2, 0, 2, 4]",right,512
263,3966,"[2, 4, 2, 16, 4, 2, 32, 2, 0, 0, 512, 4, 0, 0, 2, 0]",up,512
264,3966,"[0, 0, 2, 0, 0, 4, 32, 16, 2, 4, 512, 2, 4, 2, 2, 4]",down,512
265,3970,"[2, 0, 0, 0, 4, 32, 16, 2, 2, 4, 512, 2, 4, 4, 4, 0]",left,512
266,3982,"[2, 32, 16, 4, 4, 8, 512, 0, 2, 2, 4, 0, 4, 0, 0, 0]",up,512
267,3986,"[2, 32, 16, 4, 4, 8, 512, 0, 4, 4, 0, 0, 4, 2, 0, 0]",left,512
268,3994,"[2, 32, 16, 4, 8, 8, 512, 0, 4, 4, 0, 0, 0, 2, 2, 0]",up,512
269,3994,"[2, 32, 16, 4, 8, 8, 512, 0, 4, 4, 2, 0, 0, 2, 2, 0]",up,512
270,3998,"[2, 32, 16, 4, 8, 8, 512, 0, 4, 4, 4, 0, 2, 2, 0, 0]",up,512
271,4026,"[2, 32, 16, 4, 0, 0, 16, 512, 0, 0, 4, 8, 2, 0, 0, 4]",right,512
272,4062,"[4, 32, 32, 4, 2, 0, 4, 512, 0, 0, 0, 8, 0, 0, 0, 4]",up,512
273,4062,"[2, 0, 0, 4, 0, 0, 0, 512, 4, 0, 32, 8, 2, 32, 4, 4]",down,512
274,4070,"[2, 4, 0, 0, 512, 0, 0, 0, 4, 32, 8, 2, 2, 32, 8, 0]",left,512
275,4150,"[2, 4, 16, 2, 512, 64, 0, 0, 4, 0, 0, 2, 2, 0, 0, 0]",up,512
276,4154,"[2, 4, 16, 4, 512, 64, 0, 0, 4, 4, 0, 0, 2, 0, 0, 0]",up,512
277,4162,"[2, 4, 16, 4, 512, 64, 0, 2, 8, 0, 0, 0, 2, 0, 0, 0]",left,512
278,4162,"[2, 0, 0, 0, 512, 0, 0, 0, 8, 4, 2, 4, 2, 64, 16, 2]",down,512
279,4162,"[0, 0, 0, 2, 2, 0, 0, 512, 8, 4, 2, 4, 2, 64, 16, 2]",right,512
280,4162,"[0, 0, 0, 2, 2, 0, 2, 512, 8, 4, 2, 4, 2, 64, 16, 2]",right,512
281,4164,"[0, 0, 2, 2, 2, 0, 0, 512, 8, 4, 4, 4, 2, 64, 16, 2]",down,512
282,4164,"[0, 4, 0, 2, 2, 0, 2, 512, 8, 4, 4, 4, 2, 64, 16, 2]",down,512
283,4172,"[2, 8, 2, 2, 8, 64, 4, 512, 2, 0, 16, 4, 0, 0, 2, 2]",up,512
284,4172,"[2, 0, 2, 2, 2, 0, 4, 512, 8, 8, 16, 4, 2, 64, 2, 2]",down,512
285,4174,"[0, 0, 2, 2, 4, 2, 4, 512, 8, 8, 16, 4, 2, 64, 2, 2]",down,512
286,4198,"[0, 0, 0, 4, 4, 2, 4, 512, 2, 16, 16, 4, 0, 2, 64, 4]",right,512
287,4230,"[0, 0, 2, 4, 4, 2, 4, 512, 0, 2, 32, 4, 0, 2, 64, 4]",right,512
288,4236,"[0, 2, 2, 0, 0, 0, 4, 4, 0, 2, 32, 512, 4, 4, 64, 8]",down,512
289,4240,"[4, 4, 2, 4, 0, 4, 4, 512, 0, 0, 32, 8, 0, 0, 64, 2]",up,512
290,4248,"[4, 8, 2, 4, 2, 0, 4, 512, 0, 0, 32, 8, 0, 0, 64, 2]",up,512
291,4248,"[0, 0, 2, 4, 0, 0, 4, 512, 4, 2, 32, 8, 2, 8, 64, 2]",down,512
292,4248,"[4, 2, 2, 4, 2, 8, 4, 512, 2, 0, 32, 8, 0, 0, 64, 2]",up,512
293,4252,"[4, 2, 2, 4, 4, 8, 4, 512, 0, 2, 32, 8, 0, 0, 64, 2]",up,512
294,4256,"[4, 4, 4, 0, 4, 8, 4, 512, 2, 32, 8, 2, 64, 2, 0, 0]",left,512
295,4264,"[0, 4, 0, 2, 8, 8, 0, 0, 2, 32, 8, 512, 64, 2, 8, 2]",down,512
296,4280,"[4, 2, 0, 0, 16, 0, 0, 2, 2, 32, 8, 512, 64, 2, 8, 2]",left,512
297,4280,"[0, 0, 4, 2, 2, 0, 16, 2, 2, 32, 8, 512, 64, 2, 8, 2]",right,512
298,4292,"[0, 0, 0, 0, 2, 0, 4, 4, 4, 32, 16, 512, 64, 2, 16, 2]",down,512
299,4324,"[2, 32, 4, 4, 4, 2, 32, 512, 64, 0, 0, 2, 0, 0, 0, 2]",up,512
300,4328,"[2, 32, 4, 4, 4, 2, 32, 512, 64, 0, 2, 4, 0, 0, 0, 0]",up,512
301,4328,"[0, 0, 2, 0, 2, 0, 4, 4, 4, 32, 32, 512, 64, 2, 2, 4]",down,512
302,4404,"[2, 0, 0, 0, 2, 8, 2, 0, 4, 64, 512, 0, 64, 4, 4, 0]",left,512
303,4408,"[4, 8, 2, 0, 4, 64, 512, 0, 64, 4, 4, 0, 0, 0, 0, 2]",up,512
304,4416,"[8, 8, 2, 2, 64, 64, 512, 0, 0, 4, 4, 0, 0, 2, 0, 0]",up,512
305,4416,"[0, 8, 2, 0, 0, 64, 2, 0, 8, 4, 512, 0, 64, 2, 4, 2]",down,512
306,4420,"[8, 8, 4, 2, 64, 64, 512, 2, 0, 4, 4, 0, 0, 2, 0, 0]",up,512
307,4424,"[8, 8, 4, 4, 64, 64, 512, 4, 0, 4, 4, 0, 0, 2, 0, 0]",up,512
308,4584,"[16, 8, 2, 0, 128, 512, 4, 0, 8, 0, 0, 0, 2, 0, 0, 0]",left,512
309,4584,"[16, 0, 0, 0, 128, 0, 2, 0, 8, 8, 2, 0, 2, 512, 4, 0]",down,512
310,4588,"[16, 8, 4, 0, 128, 512, 4, 2, 8, 0, 0, 0, 2, 0, 0, 0]",up,512
311,4596,"[16, 8, 8, 2, 128, 512, 0, 0, 8, 0, 0, 0, 2, 4, 0, 0]",up,512
312,4596,"[16, 8, 8, 2, 128, 512, 0, 0, 8, 4, 0, 0, 2, 0, 0, 2]",up,512
313,4616,"[16, 16, 2, 0, 128, 512, 0, 0, 8, 4, 0, 0, 4, 0, 2, 0]",left,512
314,4620,"[16, 16, 4, 0, 128, 512, 0, 0, 8, 4, 0, 0, 4, 2, 0, 0]",up,512
315,4620,"[16, 16, 0, 0, 128, 512, 2, 0, 8, 4, 0, 0, 4, 2, 4, 0]",down,512
316,4620,"[16, 16, 2, 2, 128, 512, 4, 0, 8, 4, 0, 0, 4, 2, 0, 0]",up,512
317,4656,"[0, 0, 32, 4, 0, 128, 512, 4, 0, 0, 8, 4, 2, 0, 4, 2]",right,512
318,4660,"[0, 0, 32, 2, 0, 0, 512, 4, 0, 0, 8, 8, 2, 128, 4, 2]",down,512
319,4660,"[2, 128, 32, 2, 0, 0, 512, 4, 0, 0, 8, 8, 2, 0, 4, 2]",up,512
320,4676,"[2, 128, 32, 2, 512, 4, 0, 0, 16, 4, 0, 0, 2, 4, 2, 0]",left,512
321,4684,"[2, 128, 32, 2, 512, 8, 2, 0, 16, 4, 0, 0, 2, 2, 0, 0]",up,512
322,4688,"[2, 128, 32, 2, 0, 512, 8, 2, 0, 0, 16, 4, 0, 0, 2, 4]",right,512
323,4700,"[2, 128, 32, 4, 0, 512, 8, 8, 0, 0, 16, 2, 0, 0, 2, 0]",up,512
324,4716,"[2, 128, 32, 4, 512, 16, 0, 0, 16, 2, 0, 0, 2, 2, 0, 0]",left,512
325,4720,"[2, 128, 32, 4, 512, 16, 0, 0, 16, 4, 4, 0, 2, 0, 0, 0]",up,512
326,4720,"[2, 128, 32, 4, 512, 16, 4, 0, 16, 4, 0, 0, 2, 0, 0, 2]",up,512
327,4724,"[2, 128, 32, 4, 512, 16, 4, 0, 16, 4, 2, 0, 4, 0, 0, 0]",left,512
328,4724,"[2, 0, 0, 0, 512, 128, 32, 0, 16, 16, 4, 2, 4, 4, 2, 4]",down,512
329,4724,"[2, 128, 32, 2, 512, 16, 4, 4, 16, 4, 2, 0, 4, 0, 0, 2]",up,512
330,4724,"[2, 0, 0, 2, 512, 128, 32, 2, 16, 16, 4, 4, 4, 4, 2, 2]",down,512
331,4780,"[0, 0, 0, 4, 512, 128, 32, 2, 4, 0, 32, 8, 0, 0, 8, 4]",right,512
332,4780,"[4, 0, 0, 0, 512, 128, 32, 2, 4, 32, 8, 0, 8, 4, 0, 2]",left,512
333,4784,"[4, 128, 32, 4, 512, 32, 8, 0, 4, 4, 2, 0, 8, 0, 0, 0]",up,512
334,4792,"[4, 128, 32, 4, 512, 32, 8, 0, 8, 2, 0, 0, 8, 0, 2, 0]",left,512
335,4808,"[4, 128, 32, 4, 512, 32, 8, 0, 16, 2, 2, 0, 0, 0, 0, 2]",up,512
336,4808,"[4, 128, 32, 4, 512, 32, 8, 2, 16, 2, 2, 0, 0, 0, 0, 2]",up,512
337,4812,"[4, 128, 32, 4, 512, 32, 8, 4, 16, 2, 2, 0, 0, 0, 2, 0]",up,512
338,4824,"[4, 128, 32, 8, 512, 32, 8, 0, 16, 2, 4, 0, 0, 0, 4, 0]",up,512
339,4832,"[4, 128, 32, 8, 512, 32, 8, 0, 16, 2, 8, 0, 0, 0, 0, 2]",up,512
340,4848,"[4, 128, 32, 8, 512, 32, 16, 2, 16, 2, 0, 0, 0, 2, 0, 0]",up,512
341,4852,"[4, 128, 32, 8, 512, 32, 16, 2, 16, 4, 0, 0, 0, 0, 0, 2]",up,512
342,4856,"[4, 128, 32, 8, 512, 32, 16, 4, 16, 4, 0, 0, 0, 0, 0, 2]",up,512
343,4856,"[4, 128, 32, 8, 512, 32, 16, 4, 16, 4, 0, 0, 2, 0, 2, 0]",left,512
344,4860,"[4, 128, 32, 8, 512, 32, 16, 4, 16, 4, 0, 0, 4, 0, 2, 0]",left,512
345,4860,"[4, 128, 32, 8, 512, 32, 16, 4, 16, 4, 0, 2, 4, 2, 0, 0]",left,512
346,4860,"[4, 128, 32, 8, 512, 32, 16, 4, 0, 16, 4, 2, 0, 2, 4, 2]",right,512
347,4872,"[4, 128, 32, 8, 512, 32, 16, 4, 0, 16, 8, 4, 0, 2, 2, 0]",up,512
348,4876,"[0, 128, 32, 0, 0, 32, 16, 2, 4, 16, 8, 8, 512, 2, 2, 8]",down,512
349,4896,"[128, 32, 0, 0, 32, 16, 2, 2, 4, 16, 16, 0, 512, 4, 8, 0]",left,512
350,4928,"[128, 32, 2, 2, 32, 32, 16, 0, 4, 4, 8, 0, 512, 0, 2, 0]",up,512
351,5004,"[128, 32, 4, 0, 64, 16, 0, 0, 8, 8, 2, 0, 512, 2, 0, 0]",left,512
352,5020,"[128, 32, 4, 0, 64, 16, 0, 0, 16, 2, 2, 0, 512, 2, 0, 0]",left,512
353,5022,"[128, 2, 0, 0, 64, 32, 0, 0, 16, 16, 4, 0, 512, 4, 2, 0]",down,512
354,5054,"[128, 2, 0, 0, 64, 32, 0, 0, 32, 4, 2, 0, 512, 4, 2, 0]",left,512
355,5060,"[128, 0, 0, 0, 64, 2, 0, 0, 32, 32, 0, 2, 512, 8, 4, 0]",down,512
356,5124,"[128, 0, 0, 0, 64, 2, 0, 0, 64, 2, 2, 0, 512, 8, 4, 0]",left,512
357,5128,"[0, 0, 0, 128, 0, 0, 64, 2, 0, 0, 64, 4, 2, 512, 8, 4]",right,512
358,5264,"[2, 512, 128, 128, 0, 0, 8, 2, 2, 0, 0, 8, 0, 0, 0, 0]",up,512
359,5268,"[4, 512, 128, 128, 0, 0, 8, 2, 2, 0, 0, 8, 0, 0, 0, 0]",up,512
360,5268,"[4, 512, 128, 128, 2, 0, 8, 2, 0, 0, 0, 8, 0, 0, 2, 0]",up,512
361,5268,"[4, 512, 128, 128, 2, 0, 8, 2, 0, 0, 2, 8, 0, 2, 0, 0]",up,512
362,5524,"[4, 512, 256, 0, 2, 8, 2, 2, 2, 8, 0, 0, 2, 0, 0, 0]",left,512
363,5544,"[4, 512, 256, 2, 4, 16, 2, 0, 2, 0, 0, 2, 0, 0, 0, 0]",up,512
364,5548,"[4, 512, 256, 2, 4, 16, 2, 0, 4, 0, 0, 0, 0, 2, 0, 0]",left,512
365,5552,"[0, 2, 0, 0, 0, 512, 0, 0, 4, 16, 256, 0, 8, 2, 2, 2]",down,512
366,5552,"[4, 2, 256, 2, 8, 512, 2, 0, 0, 16, 0, 0, 0, 2, 2, 0]",up,512
367,5556,"[4, 2, 256, 2, 8, 512, 2, 0, 16, 0, 0, 0, 4, 0, 2, 0]",left,512
368,5556,"[4, 2, 256, 2, 8, 512, 2, 0, 16, 0, 0, 2, 4, 2, 0, 0]",left,512
369,5556,"[4, 2, 256, 2, 0, 8, 512, 2, 0, 0, 16, 2, 0, 2, 4, 2]",right,512
370,5564,"[4, 2, 256, 4, 0, 8, 512, 4, 2, 2, 16, 0, 0, 0, 4, 0]",up,512
371,5568,"[4, 2, 256, 4, 8, 512, 4, 0, 4, 16, 0, 0, 4, 0, 0, 2]",left,512
372,5576,"[4, 2, 256, 4, 8, 512, 4, 2, 8, 16, 0, 0, 2, 0, 0, 0]",up,512
373,5592,"[4, 2, 256, 4, 16, 512, 4, 2, 2, 16, 0, 0, 0, 0, 2, 0]",up,512
374,5592,"[4, 2, 256, 4, 16, 512, 4, 2, 0, 0, 2, 16, 0, 2, 0, 2]",right,512
375,5592,"[4, 2, 256, 4, 16, 512, 4, 2, 0, 2, 2, 16, 0, 0, 2, 2]",up,512
376,5600,"[4, 2, 256, 4, 16, 512, 4, 2, 0, 0, 4, 16, 0, 2, 0, 4]",right,512
377,5608,"[4, 2, 256, 4, 16, 512, 8, 2, 0, 2, 0, 16, 0, 0, 2, 4]",up,512
378,5608,"[4, 2, 256, 4, 16, 512, 8, 2, 2, 16, 0, 2, 2, 4, 0, 0]",left,512
379,5616,"[4, 2, 256, 4, 16, 512, 8, 4, 4, 16, 0, 0, 0, 4, 0, 2]",up,512
380,5624,"[4, 2, 256, 8, 16, 512, 8, 2, 4, 16, 4, 0, 0, 4, 0, 0]",up,512
381,5624,"[0, 2, 0, 0, 4, 512, 256, 2, 16, 16, 8, 8, 4, 4, 4, 2]",down,512
382,5680,"[2, 0, 0, 0, 4, 512, 256, 2, 32, 16, 2, 0, 8, 4, 2, 0]",left,512
383,5682,"[2, 0, 0, 2, 4, 512, 0, 0, 32, 16, 256, 0, 8, 4, 4, 2]",down,512
384,5694,"[4, 2, 0, 0, 4, 512, 0, 0, 32, 16, 256, 0, 8, 8, 2, 0]",left,512
385,5698,"[0, 2, 0, 0, 8, 512, 0, 0, 32, 16, 256, 0, 8, 8, 2, 4]",down,512
386,5714,"[0, 0, 0, 2, 4, 0, 8, 512, 0, 32, 16, 256, 0, 16, 2, 4]",right,512
387,5714,"[4, 32, 8, 2, 0, 16, 16, 512, 0, 0, 2, 256, 0, 0, 2, 4]",up,512
388,5746,"[4, 32, 8, 2, 0, 0, 32, 512, 0, 0, 2, 256, 2, 0, 2, 4]",right,512
389,5750,"[4, 32, 8, 2, 2, 0, 32, 512, 0, 0, 4, 256, 2, 0, 0, 4]",up,512
390,5754,"[4, 32, 8, 2, 4, 0, 32, 512, 2, 0, 4, 256, 0, 0, 0, 4]",up,512
391,5762,"[8, 32, 8, 2, 2, 0, 32, 512, 2, 0, 4, 256, 0, 0, 0, 4]",up,512
392,5766,"[8, 32, 8, 2, 4, 0, 32, 512, 0, 2, 4, 256, 0, 0, 0, 4]",up,512
393,5766,"[8, 32, 8, 2, 4, 2, 32, 512, 0, 0, 4, 256, 0, 2, 0, 4]",up,512
394,5768,"[2, 0, 0, 2, 0, 0, 8, 512, 8, 32, 32, 256, 4, 4, 4, 4]",down,512
395,5852,"[4, 0, 0, 0, 8, 512, 0, 2, 8, 64, 256, 0, 8, 8, 0, 0]",left,512
396,5868,"[4, 512, 256, 2, 16, 64, 0, 2, 8, 8, 0, 0, 0, 0, 0, 0]",up,512
397,5872,"[4, 512, 256, 4, 16, 64, 0, 0, 8, 8, 0, 0, 0, 0, 2, 0]",up,512
398,5872,"[4, 512, 256, 4, 16, 64, 2, 0, 8, 8, 0, 0, 2, 0, 0, 0]",up,512
399,5888,"[4, 512, 256, 4, 16, 64, 2, 0, 16, 2, 0, 0, 2, 0, 0, 0]",left,512
400,5920,"[4, 512, 256, 4, 32, 64, 2, 4, 2, 2, 0, 0, 0, 0, 0, 0]",up,512
401,5928,"[4, 512, 256, 8, 32, 64, 2, 2, 2, 2, 0, 0, 0, 0, 0, 0]",up,512
402,5928,"[0, 0, 0, 0, 4, 512, 0, 2, 32, 64, 256, 8, 2, 2, 2, 2]",down,512
403,5936,"[0, 0, 0, 2, 4, 512, 2, 0, 32, 64, 256, 8, 4, 4, 0, 0]",left,512
404,5936,"[4, 512, 2, 2, 32, 64, 256, 8, 4, 4, 0, 0, 0, 0, 0, 4]",up,512
405,5936,"[0, 0, 0, 2, 4, 512, 0, 2, 32, 64, 2, 8, 4, 4, 256, 4]",down,512
406,5944,"[2, 0, 0, 2, 4, 512, 2, 0, 32, 64, 2, 8, 8, 256, 4, 0]",left,512
407,5948,"[4, 0, 0, 0, 4, 512, 2, 0, 32, 64, 2, 8, 8, 256, 4, 2]",left,512
408,5960,"[8, 512, 4, 8, 32, 64, 4, 2, 8, 256, 2, 0, 0, 0, 0, 0]",up,512
409,5960,"[8, 512, 4, 8, 32, 64, 4, 2, 0, 8, 256, 2, 0, 0, 2, 0]",right,512
410,5972,"[8, 512, 8, 8, 32, 64, 256, 4, 0, 8, 2, 0, 0, 2, 0, 0]",up,512
411,5972,"[0, 512, 0, 0, 2, 64, 8, 0, 8, 8, 256, 8, 32, 2, 2, 4]",down,512
412,5992,"[512, 0, 2, 0, 2, 64, 8, 0, 16, 256, 8, 0, 32, 4, 4, 0]",left,512
413,6000,"[512, 2, 0, 0, 2, 64, 8, 2, 16, 256, 8, 0, 32, 8, 0, 0]",left,512
414,6016,"[512, 2, 16, 2, 2, 64, 0, 0, 16, 256, 0, 0, 32, 8, 4, 0]",up,512
415,6016,"[512, 2, 16, 2, 2, 64, 4, 0, 16, 256, 0, 0, 32, 8, 2, 0]",up,512
416,6016,"[512, 2, 0, 0, 2, 64, 16, 0, 16, 256, 4, 2, 32, 8, 2, 2]",down,512
417,6020,"[512, 2, 0, 0, 2, 64, 16, 2, 16, 256, 4, 2, 32, 8, 4, 0]",left,512
418,6032,"[512, 2, 16, 4, 2, 64, 8, 0, 16, 256, 0, 0, 32, 8, 0, 2]",up,512
419,6032,"[512, 2, 0, 2, 2, 64, 0, 0, 16, 256, 16, 4, 32, 8, 8, 2]",down,512
420,6032,"[512, 2, 2, 0, 2, 64, 0, 2, 16, 256, 16, 4, 32, 8, 8, 2]",down,512
421,6052,"[2, 0, 512, 4, 0, 2, 64, 2, 16, 256, 16, 4, 0, 32, 16, 2]",right,512
422,6052,"[0, 2, 512, 4, 2, 2, 64, 2, 16, 256, 16, 4, 0, 32, 16, 2]",right,512
423,6088,"[2, 4, 512, 4, 16, 256, 64, 2, 0, 32, 32, 4, 0, 2, 0, 2]",up,512
424,6088,"[0, 4, 2, 4, 0, 256, 512, 2, 2, 32, 64, 4, 16, 2, 32, 2]",down,512
425,6088,"[2, 4, 2, 4, 16, 256, 512, 2, 2, 32, 64, 4, 0, 2, 32, 2]",up,512
426,6088,"[2, 4, 2, 4, 2, 256, 512, 2, 16, 32, 64, 4, 2, 2, 32, 2]",down,512
427,6092,"[4, 4, 2, 4, 16, 256, 512, 2, 2, 32, 64, 4, 2, 2, 32, 2]",up,512
428,6096,"[4, 4, 2, 4, 16, 256, 512, 2, 4, 32, 64, 4, 4, 2, 32, 2]",up,512
429,6104,"[4, 4, 2, 4, 16, 256, 512, 2, 8, 32, 64, 4, 2, 2, 32, 2]",up,512
430,6116,"[8, 2, 4, 2, 16, 256, 512, 2, 8, 32, 64, 4, 4, 32, 2, 0]",left,512
431,6184,"[8, 2, 4, 4, 16, 256, 512, 4, 8, 64, 64, 0, 4, 2, 2, 0]",up,512
432,6324,"[8, 2, 8, 2, 16, 256, 512, 4, 8, 128, 0, 0, 4, 4, 0, 0]",left,512
433,6332,"[8, 2, 8, 2, 16, 256, 512, 4, 8, 128, 0, 0, 8, 0, 0, 2]",left,512
434,6340,"[0, 0, 0, 0, 8, 2, 2, 2, 16, 256, 8, 4, 16, 128, 512, 2]",down,512
435,6344,"[2, 0, 0, 0, 0, 8, 2, 4, 16, 256, 8, 4, 16, 128, 512, 2]",right,512
436,6344,"[2, 2, 0, 0, 8, 2, 4, 0, 16, 256, 8, 4, 16, 128, 512, 2]",left,512
437,6380,"[2, 4, 4, 4, 8, 256, 8, 2, 32, 128, 512, 2, 0, 0, 0, 0]",up,512
438,6384,"[2, 4, 4, 4, 8, 256, 8, 4, 32, 128, 512, 2, 0, 0, 0, 0]",up,512
439,6392,"[2, 4, 4, 8, 8, 256, 8, 2, 32, 128, 512, 0, 2, 0, 0, 0]",up,512
440,6392,"[2, 0, 2, 0, 8, 4, 4, 0, 32, 256, 8, 8, 2, 128, 512, 2]",down,512
441,6420,"[4, 0, 0, 0, 8, 8, 2, 0, 32, 256, 16, 0, 2, 128, 512, 2]",left,512
442,6420,"[4, 8, 2, 2, 8, 256, 16, 0, 32, 128, 512, 0, 2, 2, 0, 0]",up,512
443,6428,"[4, 8, 4, 0, 8, 256, 16, 0, 32, 128, 512, 0, 4, 0, 0, 2]",left,512
444,6428,"[4, 8, 4, 2, 8, 256, 16, 0, 32, 128, 512, 2, 4, 0, 0, 0]",up,512
445,6432,"[4, 8, 4, 4, 8, 256, 16, 0, 32, 128, 512, 0, 4, 0, 0, 4]",up,512
446,6448,"[4, 8, 8, 0, 8, 256, 16, 2, 32, 128, 512, 0, 8, 0, 0, 0]",left,512
447,6448,"[4, 8, 8, 2, 8, 256, 16, 0, 32, 128, 512, 0, 8, 0, 4, 0]",up,512
448,6448,"[4, 2, 8, 0, 8, 8, 16, 0, 32, 256, 512, 0, 8, 128, 4, 2]",down,512
449,6448,"[4, 2, 8, 2, 8, 8, 16, 0, 32, 256, 512, 0, 8, 128, 4, 2]",up,512
450,6450,"[4, 2, 8, 0, 8, 8, 16, 0, 32, 256, 512, 2, 8, 128, 4, 4]",down,512
451,6474,"[4, 2, 8, 0, 16, 16, 0, 0, 32, 256, 512, 2, 8, 128, 8, 2]",left,512
452,6478,"[4, 2, 8, 4, 16, 16, 512, 0, 32, 256, 8, 0, 8, 128, 4, 0]",up,512
453,6478,"[4, 2, 8, 0, 16, 16, 512, 0, 32, 256, 8, 2, 8, 128, 4, 4]",down,512
454,6478,"[4, 2, 8, 2, 16, 16, 512, 4, 32, 256, 8, 0, 8, 128, 4, 2]",up,512
455,6510,"[4, 2, 8, 2, 32, 512, 4, 2, 32, 256, 8, 0, 8, 128, 4, 2]",left,512
456,6544,"[2, 2, 8, 0, 4, 512, 4, 0, 64, 256, 8, 2, 8, 128, 4, 4]",down,512
457,6544,"[2, 2, 8, 2, 4, 512, 4, 4, 64, 256, 8, 0, 8, 128, 4, 2]",up,512
458,6544,"[2, 2, 8, 2, 4, 512, 4, 4, 64, 256, 8, 2, 8, 128, 4, 2]",up,512
459,6548,"[2, 2, 8, 2, 4, 512, 4, 4, 64, 256, 8, 4, 8, 128, 4, 2]",up,512
460,6552,"[2, 2, 8, 2, 4, 512, 4, 2, 64, 256, 8, 8, 8, 128, 4, 2]",down,512
461,6556,"[2, 2, 8, 4, 4, 512, 4, 8, 64, 256, 8, 2, 8, 128, 4, 2]",up,512
462,6560,"[2, 2, 8, 4, 4, 512, 4, 8, 64, 256, 8, 4, 8, 128, 4, 2]",up,512
463,6564,"[4, 8, 4, 2, 4, 512, 4, 8, 64, 256, 8, 4, 8, 128, 4, 2]",left,512
464,6580,"[8, 8, 8, 2, 64, 512, 8, 8, 8, 256, 4, 4, 2, 128, 0, 2]",up,512
465,6596,"[8, 8, 16, 2, 64, 512, 4, 8, 8, 256, 0, 4, 2, 128, 2, 2]",up,512
466,6596,"[8, 8, 16, 2, 64, 512, 4, 8, 8, 256, 2, 4, 2, 128, 2, 2]",up,512
467,6616,"[0, 16, 16, 2, 64, 512, 4, 8, 8, 256, 2, 4, 2, 2, 128, 4]",right,512
468,6624,"[64, 16, 16, 2, 8, 512, 4, 8, 2, 256, 2, 8, 2, 2, 128, 0]",up,512
469,6644,"[64, 16, 16, 2, 8, 512, 4, 16, 4, 256, 2, 2, 0, 2, 128, 0]",up,512
470,6644,"[2, 16, 16, 0, 64, 512, 4, 2, 8, 256, 2, 16, 4, 2, 128, 2]",down,512
471,6644,"[2, 16, 16, 2, 64, 512, 4, 16, 8, 256, 2, 2, 4, 2, 128, 2]",up,512
472,6648,"[2, 16, 16, 2, 64, 512, 4, 16, 8, 256, 2, 4, 4, 2, 128, 2]",up,512
473,6680,"[2, 32, 2, 2, 64, 512, 4, 16, 8, 256, 2, 4, 4, 2, 128, 2]",left,512
474,6684,"[2, 32, 4, 2, 64, 512, 4, 16, 8, 256, 2, 4, 4, 2, 128, 2]",left,512
475,6692,"[2, 32, 8, 2, 64, 512, 2, 16, 8, 256, 128, 4, 4, 2, 2, 2]",up,512
476,6696,"[2, 32, 8, 2, 64, 512, 2, 16, 8, 256, 128, 4, 4, 4, 2, 2]",left,512
477,6708,"[2, 32, 8, 2, 64, 512, 2, 16, 8, 256, 128, 4, 0, 2, 8, 4]",right,512
478,6716,"[2, 32, 8, 2, 64, 512, 2, 16, 8, 256, 128, 8, 0, 2, 8, 4]",up,512
479,6716,"[2, 32, 8, 2, 2, 512, 2, 16, 64, 256, 128, 8, 8, 2, 8, 4]",down,512
480,6720,"[4, 32, 8, 2, 64, 512, 2, 16, 8, 256, 128, 8, 2, 2, 8, 4]",up,512
481,6724,"[4, 32, 8, 2, 64, 512, 2, 16, 8, 256, 128, 8, 4, 8, 4, 2]",left,512
1,0,"[4, 0, 0, 0, 0, 0, 0, 0, 0, 0, 0, 0, 0, 0, 2, 0]",up,4
2,0,"[4, 0, 2, 0, 0, 0, 2, 0, 0, 0, 0, 0, 0, 0, 0, 0]",up,4
3,4,"[4, 0, 4, 0, 0, 0, 0, 0, 0, 2, 0, 0, 0, 0, 0, 0]",up,4
4,12,"[8, 0, 0, 0, 0, 0, 0, 0, 2, 2, 0, 0, 0, 0, 0, 0]",left,8
5,12,"[8, 2, 0, 0, 2, 0, 0, 0, 0, 0, 0, 0, 0, 0, 0, 2]",up,8
6,12,"[8, 2, 0, 2, 2, 2, 0, 0, 0, 0, 0, 0, 0, 0, 0, 0]",up,8
7,20,"[8, 4, 2, 0, 4, 0, 0, 0, 0, 0, 0, 0, 0, 0, 0, 0]",left,8
8,20,"[0, 0, 0, 0, 0, 0, 4, 0, 8, 0, 0, 0, 4, 4, 2, 0]",down,8
9,20,"[8, 4, 4, 2, 4, 0, 2, 0, 0, 0, 0, 0, 0, 0, 0, 0]",up,8
10,20,"[0, 0, 0, 0, 2, 0, 0, 0, 8, 0, 4, 0, 4, 4, 2, 2]",down,8
11,20,"[2, 4, 4, 2, 8, 0, 2, 2, 4, 0, 0, 0, 0, 0, 0, 0]",up,8
12,32,"[2, 2, 8, 2, 0, 0, 8, 4, 0, 0, 0, 4, 0, 0, 0, 0]",right,8
13,56,"[2, 2, 16, 2, 2, 0, 0, 8, 0, 0, 0, 0, 0, 0, 0, 0]",up,16
14,58,"[2, 0, 0, 0, 0, 0, 0, 0, 0, 0, 0, 2, 4, 2, 16, 8]",down,16
15,58,"[2, 2, 16, 2, 4, 0, 0, 8, 0, 2, 0, 0, 0, 0, 0, 0]",up,16
16,62,"[4, 16, 2, 2, 4, 8, 0, 0, 2, 0, 0, 0, 0, 0, 0, 0]",left,16
17,66,"[0, 0, 0, 2, 0, 0, 0, 0, 8, 16, 0, 0, 2, 8, 2, 2]",down,16
18,68,"[0, 0, 0, 0, 0, 0, 0, 2, 8, 16, 0, 0, 2, 8, 2, 4]",down,16
19,68,"[0, 0, 0, 2, 0, 0, 0, 2, 0, 0, 8, 16, 2, 8, 2, 4]",right,16
20,72,"[2, 8, 8, 4, 0, 0, 2, 16, 0, 2, 0, 4, 0, 0, 0, 0]",up,16
21,72,"[2, 8, 8, 4, 0, 2, 2, 16, 0, 0, 0, 4, 0, 0, 0, 2]",up,16
22,72,"[2, 0, 0, 4, 0, 0, 0, 16, 0, 8, 8, 4, 2, 2, 2, 2]",down,16
23,96,"[2, 4, 0, 0, 16, 0, 0, 0, 16, 4, 0, 0, 4, 4, 0, 2]",left,16
24,116,"[0, 0, 2, 0, 2, 0, 0, 0, 32, 4, 0, 0, 4, 8, 0, 2]",down,32
25,116,"[2, 4, 2, 2, 32, 8, 0, 2, 4, 0, 0, 0, 0, 0, 0, 0]",up,32
26,120,"[2, 4, 4, 0, 32, 8, 2, 0, 4, 0, 0, 0, 0, 0, 0, 2]",left,32
27,120,"[2, 4, 4, 2, 32, 8, 2, 0, 4, 0, 0, 2, 0, 0, 0, 0]",up,32
28,124,"[2, 4, 4, 4, 32, 8, 2, 0, 4, 0, 0, 0, 4, 0, 0, 0]",up,32
29,132,"[2, 8, 4, 0, 32, 8, 2, 0, 4, 0, 0, 0, 4, 0, 0, 2]",left,32
30,132,"[2, 8, 4, 0, 32, 8, 2, 0, 4, 0, 4, 0, 4, 2, 0, 0]",left,32
31,156,"[2, 16, 4, 2, 32, 2, 2, 0, 8, 0, 4, 0, 0, 0, 0, 0]",up,32
32,160,"[2, 16, 4, 2, 0, 0, 32, 4, 0, 2, 8, 4, 0, 0, 0, 0]",right,32
33,164,"[0, 0, 0, 0, 0, 0, 4, 2, 0, 16, 32, 2, 2, 2, 8, 8]",down,32
34,168,"[2, 16, 4, 4, 0, 2, 32, 8, 0, 0, 8, 0, 0, 2, 0, 0]",up,32
35,176,"[2, 16, 8, 0, 2, 32, 8, 0, 8, 0, 0, 0, 2, 2, 0, 0]",left,32
36,196,"[4, 16, 16, 0, 8, 32, 0, 0, 2, 2, 0, 0, 0, 0, 2, 0]",up,32
37,232,"[0, 2, 4, 32, 0, 0, 8, 32, 0, 0, 0, 4, 0, 0, 0, 2]",right,32
38,232,"[2, 4, 32, 0, 8, 32, 0, 0, 4, 0, 0, 0, 2, 0, 0, 2]",left,32
39,236,"[2, 4, 32, 0, 8, 32, 0, 0, 4, 0, 0, 2, 4, 0, 0, 0]",left,32
40,244,"[2, 4, 32, 2, 8, 32, 2, 0, 8, 0, 0, 0, 0, 0, 0, 0]",up,32
41,244,"[2, 4, 32, 2, 2, 8, 32, 2, 0, 0, 0, 8, 0, 0, 0, 0]",right,32
42,316,"[4, 4, 64, 4, 0, 8, 0, 8, 0, 0, 0, 0, 0, 0, 0, 4]",up,64
43,316,"[4, 4, 64, 4, 0, 8, 0, 8, 0, 0, 0, 4, 0, 2, 0, 0]",up,64
44,316,"[4, 4, 64, 4, 0, 8, 0, 8, 2, 2, 0, 4, 0, 0, 0, 0]",up,64
45,316,"[0, 2, 0, 0, 0, 4, 0, 4, 4, 8, 0, 8, 2, 2, 64, 4]",down,64
46,344,"[2, 0, 0, 0, 8, 2, 0, 0, 4, 16, 0, 0, 4, 64, 4, 0]",left,64
47,352,"[2, 2, 4, 0, 8, 16, 0, 0, 8, 64, 0, 0, 0, 0, 0, 2]",up,64
48,368,"[2, 2, 4, 2, 16, 16, 0, 0, 0, 64, 0, 0, 0, 2, 0, 0]",up,64
49,404,"[4, 4, 2, 0, 32, 0, 0, 0, 64, 0, 4, 0, 2, 0, 0, 0]",left,64
50,404,"[4, 4, 2, 0, 32, 0, 4, 0, 64, 0, 0, 2, 2, 0, 0, 0]",up,64
51,404,"[4, 4, 2, 2, 32, 0, 4, 0, 64, 0, 0, 2, 2, 0, 0, 0]",up,64
52,416,"[8, 4, 2, 0, 32, 4, 0, 0, 64, 2, 0, 0, 2, 0, 0, 0]",left,64
53,424,"[8, 8, 2, 0, 32, 2, 0, 0, 64, 0, 0, 0, 2, 0, 0, 2]",up,64
54,424,"[8, 0, 0, 0, 32, 2, 0, 0, 64, 8, 0, 0, 2, 2, 2, 2]",down,64
55,432,"[8, 2, 0, 0, 32, 2, 0, 0, 64, 8, 0, 0, 4, 4, 0, 0]",left,64
56,436,"[8, 4, 0, 0, 32, 8, 0, 0, 64, 4, 0, 4, 4, 0, 0, 0]",up,64
57,436,"[8, 4, 0, 4, 32, 8, 0, 0, 64, 4, 2, 0, 4, 0, 0, 0]",up,64
58,444,"[8, 8, 0, 0, 32, 8, 0, 0, 64, 4, 2, 0, 4, 0, 2, 0]",left,64
59,460,"[0, 0, 0, 16, 0, 0, 32, 8, 2, 64, 4, 2, 0, 0, 4, 2]",right,64
60,472,"[2, 64, 32, 16, 0, 0, 8, 8, 0, 0, 0, 4, 2, 0, 0, 0]",up,64
61,488,"[2, 64, 32, 16, 0, 0, 0, 16, 0, 0, 0, 4, 0, 0, 2, 2]",right,64
62,492,"[2, 64, 32, 16, 0, 0, 0, 16, 0, 0, 2, 4, 0, 0, 0, 4]",right,64
63,532,"[2, 64, 32, 32, 0, 0, 2, 8, 0, 0, 0, 0, 0, 0, 0, 2]",up,64
64,532,"[2, 64, 32, 32, 0, 0, 2, 8, 0, 2, 0, 2, 0, 0, 0, 0]",up,64
65,600,"[2, 64, 64, 0, 2, 8, 0, 0, 4, 0, 0, 0, 0, 0, 4, 0]",left,64
66,604,"[4, 64, 64, 0, 4, 8, 4, 0, 2, 0, 0, 0, 0, 0, 0, 0]",up,64
67,612,"[8, 64, 64, 0, 2, 8, 4, 0, 0, 0, 0, 0, 0, 0, 2, 0]",up,64
68,740,"[8, 128, 2, 0, 2, 8, 4, 0, 0, 0, 0, 0, 2, 0, 0, 0]",left,128
69,744,"[8, 128, 2, 0, 4, 8, 4, 2, 0, 0, 0, 0, 0, 0, 0, 0]",up,128
70,744,"[8, 128, 2, 2, 4, 8, 4, 0, 0, 0, 0, 0, 0, 0, 2, 0]",up,128
71,744,"[8, 128, 2, 2, 4, 8, 4, 0, 0, 0, 2, 0, 2, 0, 0, 0]",up,128
72,744,"[8, 128, 2, 2, 4, 8, 4, 0, 2, 0, 2, 2, 0, 0, 0, 0]",up,128
73,748,"[8, 128, 2, 4, 4, 8, 4, 0, 2, 0, 2, 0, 0, 0, 0, 4]",up,128
74,756,"[8, 128, 2, 8, 4, 8, 4, 0, 2, 2, 2, 0, 0, 0, 0, 0]",up,128
75,760,"[8, 128, 2, 8, 4, 8, 4, 0, 4, 2, 0, 2, 0, 0, 0, 0]",left,128
76,764,"[8, 128, 2, 8, 4, 8, 4, 0, 4, 4, 2, 0, 0, 0, 0, 0]",left,128
77,768,"[0, 0, 2, 0, 0, 128, 2, 0, 8, 8, 4, 0, 8, 4, 2, 8]",down,128
78,788,"[16, 128, 4, 8, 0, 8, 4, 0, 2, 4, 2, 0, 0, 0, 0, 0]",up,128
79,796,"[16, 128, 8, 8, 2, 8, 2, 0, 0, 4, 0, 0, 2, 0, 0, 0]",up,128
80,800,"[16, 128, 8, 8, 4, 8, 2, 0, 0, 4, 0, 0, 0, 2, 0, 0]",up,128
81,800,"[0, 128, 0, 0, 2, 8, 0, 0, 16, 4, 8, 0, 4, 2, 2, 8]",down,128
82,804,"[128, 2, 0, 0, 2, 8, 0, 0, 16, 4, 8, 0, 4, 4, 8, 0]",left,128
83,812,"[0, 0, 128, 2, 0, 2, 2, 8, 0, 16, 4, 8, 0, 0, 8, 8]",right,128
84,820,"[0, 0, 128, 0, 2, 0, 2, 2, 0, 2, 4, 8, 0, 16, 8, 16]",down,128
85,820,"[0, 0, 128, 2, 0, 0, 2, 2, 0, 2, 4, 8, 2, 16, 8, 16]",down,128
86,822,"[0, 0, 128, 2, 0, 0, 2, 4, 0, 2, 4, 8, 2, 16, 8, 16]",down,128
87,822,"[128, 2, 0, 4, 2, 4, 0, 0, 2, 4, 8, 0, 2, 16, 8, 16]",left,128
88,822,"[0, 128, 2, 4, 0, 0, 2, 4, 2, 2, 4, 8, 2, 16, 8, 16]",right,128
89,838,"[4, 128, 4, 8, 0, 2, 4, 8, 2, 16, 8, 16, 0, 0, 0, 0]",up,128
90,862,"[4, 128, 8, 16, 2, 2, 8, 16, 0, 16, 0, 0, 2, 0, 0, 0]",up,128
91,914,"[4, 128, 16, 32, 4, 2, 2, 0, 0, 16, 0, 0, 0, 0, 0, 0]",up,128
92,922,"[8, 128, 16, 32, 0, 2, 2, 0, 0, 16, 0, 0, 0, 0, 2, 0]",up,128
93,926,"[8, 128, 16, 32, 0, 2, 4, 0, 0, 16, 0, 0, 0, 2, 0, 0]",up,128
94,926,"[0, 128, 0, 0, 2, 2, 0, 0, 0, 16, 16, 0, 8, 2, 4, 32]",down,128
95,926,"[0, 128, 0, 0, 2, 2, 0, 0, 2, 16, 16, 0, 8, 2, 4, 32]",down,128
96,962,"[2, 0, 0, 128, 0, 0, 0, 4, 0, 0, 2, 32, 8, 2, 4, 32]",right,128
97,1026,"[2, 2, 2, 128, 8, 0, 4, 4, 0, 0, 0, 64, 0, 2, 0, 0]",up,128
98,1030,"[2, 4, 2, 128, 8, 2, 4, 4, 0, 0, 0, 64, 0, 0, 0, 0]",up,128
99,1038,"[2, 4, 2, 128, 8, 2, 8, 0, 64, 0, 2, 0, 0, 0, 0, 0]",left,128
100,1038,"[2, 0, 0, 0, 2, 0, 2, 0, 8, 4, 8, 0, 64, 2, 2, 128]",down,128
101,1042,"[4, 4, 2, 128, 8, 2, 8, 2, 64, 0, 2, 0, 0, 0, 0, 0]",up,128
102,1042,"[0, 0, 2, 0, 4, 0, 2, 0, 8, 4, 8, 128, 64, 2, 2, 2]",down,128
103,1044,"[0, 0, 0, 0, 4, 0, 4, 2, 8, 4, 8, 128, 64, 2, 2, 2]",down,128
104,1056,"[0, 0, 0, 4, 8, 2, 0, 0, 8, 4, 8, 128, 64, 4, 2, 0]",left,128
105,1056,"[4, 0, 0, 2, 8, 2, 0, 0, 8, 4, 8, 128, 64, 4, 2, 0]",left,128
106,1056,"[4, 2, 2, 0, 8, 2, 0, 0, 8, 4, 8, 128, 64, 4, 2, 0]",left,128
107,1084,"[4, 4, 2, 128, 16, 8, 8, 0, 64, 0, 2, 0, 0, 0, 0, 2]",up,128
108,1084,"[4, 4, 2, 128, 16, 8, 8, 2, 64, 0, 2, 0, 0, 0, 2, 0]",up,128
109,1088,"[4, 4, 2, 128, 16, 8, 8, 2, 64, 0, 4, 0, 0, 0, 2, 0]",up,128
110,1112,"[8, 2, 128, 0, 16, 16, 2, 4, 64, 4, 0, 0, 2, 0, 0, 0]",left,128
111,1144,"[8, 2, 128, 0, 32, 2, 4, 0, 64, 4, 0, 0, 2, 2, 0, 0]",left,128
112,1146,"[8, 0, 0, 0, 32, 4, 2, 0, 64, 4, 128, 0, 2, 2, 4, 0]",down,128
113,1154,"[8, 8, 2, 0, 32, 2, 128, 0, 64, 2, 4, 0, 2, 0, 0, 0]",up,128
114,1170,"[16, 2, 0, 4, 32, 2, 128, 0, 64, 2, 4, 0, 2, 0, 0, 0]",left,128
115,1172,"[16, 0, 0, 0, 32, 0, 0, 2, 64, 2, 128, 0, 2, 4, 4, 4]",down,128
116,1180,"[0, 0, 0, 16, 0, 2, 32, 2, 0, 64, 2, 128, 0, 2, 4, 8]",right,128
117,1180,"[0, 2, 32, 16, 0, 64, 2, 2, 0, 2, 4, 128, 2, 0, 0, 8]",up,128
118,1180,"[2, 2, 32, 16, 0, 64, 2, 2, 0, 2, 4, 128, 0, 2, 0, 8]",up,128
119,1184,"[2, 2, 32, 16, 0, 64, 2, 2, 0, 4, 4, 128, 0, 0, 2, 8]",up,128
120,1200,"[4, 32, 16, 2, 64, 4, 0, 0, 8, 128, 0, 0, 2, 8, 0, 0]",left,128
121,1200,"[4, 32, 0, 0, 64, 4, 0, 0, 8, 128, 2, 0, 2, 8, 16, 2]",down,128
122,1200,"[0, 0, 4, 32, 2, 0, 64, 4, 0, 8, 128, 2, 2, 8, 16, 2]",right,128
123,1224,"[4, 16, 4, 32, 0, 2, 64, 4, 0, 0, 128, 4, 0, 0, 16, 0]",up,128
124,1232,"[4, 16, 4, 32, 0, 2, 64, 8, 0, 0, 128, 0, 0, 0, 16, 2]",up,128
125,1232,"[4, 16, 4, 32, 0, 2, 64, 8, 0, 0, 128, 2, 0, 2, 16, 0]",up,128
126,1234,"[0, 0, 4, 2, 0, 0, 64, 32, 0, 16, 128, 8, 4, 4, 16, 2]",down,128
127,1234,"[4, 16, 4, 2, 0, 4, 64, 32, 2, 0, 128, 8, 0, 0, 16, 2]",up,128
128,1234,"[4, 16, 4, 2, 4, 64, 32, 2, 2, 128, 8, 0, 16, 2, 0, 0]",left,128
129,1234,"[4, 16, 4, 2, 4, 64, 32, 2, 0, 2, 128, 8, 0, 2, 16, 2]",right,128
130,1250,"[8, 16, 4, 4, 0, 64, 32, 8, 0, 4, 128, 2, 0, 0, 16, 2]",up,128
131,1258,"[0, 8, 16, 8, 0, 64, 32, 8, 0, 4, 128, 2, 0, 2, 16, 2]",right,128
132,1278,"[2, 8, 16, 16, 0, 64, 32, 4, 0, 4, 128, 0, 0, 2, 16, 0]",up,128
133,1310,"[2, 8, 32, 2, 64, 32, 4, 0, 4, 128, 0, 0, 2, 16, 0, 0]",left,128
134,1310,"[2, 8, 32, 2, 0, 64, 32, 4, 2, 0, 4, 128, 0, 0, 2, 16]",right,128
135,1378,"[4, 8, 64, 2, 0, 64, 4, 4, 0, 0, 2, 128, 0, 2, 0, 16]",up,128
136,1378,"[4, 8, 64, 2, 0, 64, 4, 4, 0, 2, 2, 128, 2, 0, 0, 16]",up,128
137,1378,"[4, 8, 64, 2, 2, 64, 4, 4, 0, 2, 2, 128, 0, 2, 0, 16]",up,128
138,1382,"[4, 8, 64, 2, 2, 64, 4, 4, 0, 4, 2, 128, 0, 2, 0, 16]",up,128
139,1390,"[4, 8, 64, 2, 2, 64, 8, 2, 4, 2, 128, 0, 2, 16, 0, 0]",left,128
140,1394,"[4, 8, 64, 4, 2, 64, 8, 0, 4, 2, 128, 4, 2, 16, 0, 0]",up,128
141,1402,"[4, 8, 64, 8, 2, 64, 8, 0, 4, 2, 128, 0, 2, 16, 0, 2]",up,128
142,1402,"[4, 8, 0, 0, 2, 64, 64, 2, 4, 2, 8, 8, 2, 16, 128, 2]",down,128
143,1402,"[4, 8, 64, 2, 2, 64, 8, 8, 4, 2, 128, 2, 2, 16, 2, 0]",up,128
144,1418,"[4, 8, 64, 2, 2, 2, 64, 16, 4, 2, 128, 2, 0, 2, 16, 2]",right,128
145,1422,"[4, 8, 64, 2, 2, 4, 64, 16, 4, 2, 128, 2, 0, 2, 16, 2]",right,128
146,1558,"[4, 8, 128, 2, 2, 4, 128, 16, 4, 4, 16, 4, 0, 2, 0, 0]",up,128
147,1822,"[4, 8, 256, 2, 2, 8, 16, 16, 4, 2, 0, 4, 0, 2, 0, 0]",up,256
148,1854,"[4, 8, 256, 2, 2, 8, 32, 0, 4, 2, 4, 0, 2, 0, 0, 4]",left,256
149,1870,"[4, 16, 256, 2, 2, 2, 32, 4, 4, 0, 4, 0, 2, 0, 2, 0]",up,256
150,1886,"[4, 16, 256, 2, 4, 32, 4, 0, 8, 0, 0, 0, 4, 2, 0, 0]",left,256
151,1890,"[0, 4, 0, 0, 8, 16, 0, 0, 8, 32, 256, 0, 4, 2, 4, 2]",down,256
152,1898,"[2, 4, 0, 0, 0, 16, 0, 0, 16, 32, 256, 0, 4, 2, 4, 2]",down,256
153,1898,"[2, 4, 256, 2, 16, 16, 4, 0, 4, 32, 0, 2, 0, 2, 0, 0]",up,256
154,1902,"[2, 4, 256, 4, 16, 16, 4, 0, 4, 32, 0, 0, 0, 2, 2, 0]",up,256
155,1938,"[2, 4, 256, 4, 2, 0, 32, 4, 0, 0, 4, 32, 0, 0, 0, 4]",right,256
156,1950,"[4, 4, 256, 8, 0, 0, 32, 32, 0, 0, 4, 4, 2, 0, 0, 0]",up,256
157,1950,"[0, 0, 0, 0, 0, 0, 256, 8, 4, 2, 32, 32, 2, 4, 4, 4]",down,256
158,1950,"[4, 2, 256, 8, 2, 4, 32, 32, 0, 0, 4, 4, 2, 0, 0, 0]",up,256
159,1954,"[4, 2, 256, 8, 4, 4, 32, 32, 0, 0, 4, 4, 0, 0, 2, 0]",up,256
160,2034,"[4, 2, 256, 8, 8, 64, 0, 2, 8, 0, 0, 0, 2, 0, 0, 0]",left,256
161,2050,"[4, 2, 256, 8, 16, 64, 0, 2, 2, 2, 0, 0, 0, 0, 0, 0]",up,256
162,2054,"[4, 2, 256, 8, 16, 64, 2, 0, 4, 0, 0, 2, 0, 0, 0, 0]",left,256
163,2054,"[4, 2, 256, 8, 16, 64, 2, 2, 4, 0, 0, 0, 0, 0, 0, 4]",up,256
164,2058,"[4, 2, 256, 8, 16, 64, 4, 0, 4, 0, 0, 2, 4, 0, 0, 0]",left,256
165,2066,"[4, 2, 256, 8, 16, 64, 4, 2, 8, 2, 0, 0, 0, 0, 0, 0]",up,256
166,2066,"[4, 2, 256, 8, 16, 64, 4, 2, 0, 2, 8, 2, 0, 0, 0, 0]",right,256
167,2070,"[4, 2, 256, 8, 16, 64, 4, 4, 0, 2, 8, 2, 0, 0, 0, 0]",up,256
168,2070,"[0, 0, 0, 2, 0, 2, 256, 8, 4, 64, 4, 4, 16, 2, 8, 2]",down,256
169,2070,"[4, 2, 256, 2, 16, 64, 4, 8, 0, 2, 8, 4, 0, 2, 0, 2]",up,256
170,2072,"[0, 0, 2, 2, 0, 2, 256, 8, 4, 64, 4, 4, 16, 4, 8, 2]",down,256
171,2084,"[4, 0, 0, 2, 2, 256, 8, 0, 4, 64, 8, 0, 16, 4, 8, 2]",left,256
172,2104,"[4, 256, 16, 4, 2, 64, 8, 0, 4, 4, 2, 0, 16, 0, 0, 0]",up,256
173,2104,"[4, 2, 0, 0, 2, 256, 16, 0, 4, 64, 8, 0, 16, 4, 2, 4]",down,256
174,2104,"[4, 2, 16, 4, 2, 256, 8, 2, 4, 64, 2, 0, 16, 4, 0, 0]",up,256
175,2104,"[4, 2, 0, 0, 2, 256, 16, 4, 4, 64, 8, 4, 16, 4, 2, 2]",down,256
176,2108,"[4, 2, 0, 2, 2, 256, 16, 0, 4, 64, 8, 8, 16, 4, 2, 2]",down,256
177,2132,"[4, 4, 0, 0, 2, 256, 16, 0, 4, 64, 16, 2, 16, 4, 4, 0]",left,256
178,2164,"[4, 4, 32, 2, 2, 256, 4, 0, 4, 64, 0, 0, 16, 4, 2, 0]",up,256
179,2164,"[4, 4, 2, 0, 2, 256, 32, 0, 4, 64, 4, 0, 16, 4, 2, 2]",down,256
180,2164,"[4, 4, 2, 2, 2, 256, 32, 0, 4, 64, 4, 0, 16, 4, 2, 2]",up,256
181,2168,"[4, 4, 2, 4, 2, 256, 32, 2, 4, 64, 4, 0, 16, 4, 2, 0]",up,256
182,2168,"[4, 4, 2, 4, 2, 256, 32, 0, 4, 64, 4, 4, 16, 4, 2, 2]",down,256
183,2188,"[8, 2, 4, 0, 2, 256, 32, 0, 4, 64, 8, 0, 16, 4, 4, 2]",left,256
184,2188,"[8, 2, 4, 2, 2, 256, 32, 0, 4, 64, 8, 2, 16, 4, 4, 0]",up,256
185,2192,"[8, 2, 4, 4, 2, 256, 32, 0, 4, 64, 8, 0, 16, 4, 4, 2]",up,256
186,2192,"[8, 2, 4, 4, 2, 256, 32, 2, 4, 64, 8, 0, 16, 4, 4, 2]",up,256
187,2196,"[8, 2, 4, 4, 2, 256, 32, 4, 4, 64, 8, 2, 16, 4, 4, 0]",up,256
188,2204,"[8, 2, 4, 8, 2, 256, 32, 2, 4, 64, 8, 2, 16, 4, 4, 0]",up,256
189,2208,"[8, 2, 4, 8, 2, 256, 32, 4, 4, 64, 8, 2, 16, 4, 4, 0]",up,256
190,2208,"[8, 2, 4, 4, 2, 256, 32, 8, 4, 64, 8, 4, 16, 4, 4, 2]",down,256
191,2224,"[0, 8, 2, 8, 2, 256, 32, 8, 4, 64, 8, 4, 2, 16, 8, 2]",right,256
192,2240,"[0, 8, 2, 0, 2, 256, 2, 16, 4, 64, 32, 4, 2, 16, 16, 2]",down,256
193,2242,"[2, 8, 0, 0, 2, 256, 4, 16, 4, 64, 32, 4, 2, 16, 16, 2]",down,256
194,2244,"[2, 8, 0, 0, 4, 256, 4, 16, 4, 64, 32, 4, 2, 16, 16, 2]",down,256
195,2276,"[0, 0, 2, 8, 4, 256, 4, 16, 4, 64, 32, 4, 2, 2, 32, 2]",right,256
196,2348,"[8, 256, 2, 8, 2, 64, 4, 16, 0, 2, 64, 4, 2, 0, 0, 2]",up,256
197,2352,"[8, 256, 2, 8, 2, 64, 4, 16, 2, 64, 4, 2, 4, 0, 0, 0]",left,256
198,2492,"[8, 256, 2, 8, 4, 128, 8, 16, 4, 0, 0, 2, 0, 0, 4, 0]",up,256
199,2500,"[8, 256, 2, 8, 8, 128, 8, 16, 0, 0, 4, 2, 0, 0, 2, 0]",up,256
200,2516,"[16, 256, 2, 8, 0, 128, 8, 16, 2, 0, 4, 2, 0, 0, 2, 0]",up,256
201,2516,"[16, 256, 2, 8, 2, 128, 8, 16, 2, 0, 4, 2, 0, 0, 2, 0]",up,256
202,2520,"[16, 256, 2, 8, 4, 128, 8, 16, 0, 0, 4, 2, 0, 2, 2, 0]",up,256
203,2520,"[0, 0, 2, 2, 0, 256, 8, 8, 16, 128, 4, 16, 4, 2, 2, 2]",down,256
204,2520,"[16, 256, 2, 2, 4, 128, 8, 8, 2, 2, 4, 16, 0, 0, 2, 2]",up,256
205,2548,"[16, 256, 4, 2, 4, 128, 16, 0, 4, 4, 16, 0, 4, 0, 0, 0]",left,256
206,2588,"[16, 256, 4, 2, 8, 128, 32, 0, 4, 4, 0, 2, 0, 0, 0, 0]",up,256
207,2592,"[16, 256, 4, 4, 8, 128, 32, 0, 4, 4, 0, 0, 2, 0, 0, 0]",up,256
208,2608,"[16, 256, 8, 0, 8, 128, 32, 0, 8, 2, 0, 0, 2, 0, 0, 0]",left,256
209,2624,"[16, 256, 8, 0, 16, 128, 32, 0, 2, 2, 0, 0, 0, 2, 0, 0]",up,256
210,2660,"[32, 256, 8, 0, 2, 128, 32, 0, 0, 4, 0, 0, 0, 0, 0, 2]",up,256
211,2660,"[0, 32, 256, 8, 0, 2, 128, 32, 2, 0, 0, 4, 0, 0, 0, 2]",right,256
212,2660,"[2, 32, 256, 8, 0, 2, 128, 32, 2, 0, 0, 4, 0, 0, 0, 2]",up,256
213,2664,"[4, 32, 256, 8, 0, 2, 128, 32, 0, 2, 0, 4, 0, 0, 0, 2]",up,256
214,2668,"[4, 32, 256, 8, 0, 4, 128, 32, 0, 0, 0, 4, 0, 2, 0, 2]",up,256
215,2672,"[4, 32, 256, 8, 4, 128, 32, 0, 4, 0, 0, 0, 4, 0, 0, 4]",left,256
216,2688,"[8, 32, 256, 8, 8, 128, 32, 4, 0, 0, 0, 0, 2, 0, 0, 0]",up,256
217,2688,"[8, 32, 256, 8, 8, 128, 32, 4, 0, 2, 0, 0, 0, 0, 0, 2]",right,256
218,2704,"[16, 32, 256, 8, 0, 128, 32, 4, 0, 2, 0, 2, 0, 2, 0, 0]",up,256
219,2708,"[16, 32, 256, 8, 128, 32, 4, 0, 4, 0, 0, 0, 2, 0, 0, 2]",left,256
220,2712,"[16, 32, 256, 8, 128, 32, 4, 0, 4, 0, 0, 0, 4, 0, 0, 4]",left,256
221,2748,"[0, 0, 0, 2, 16, 0, 0, 0, 128, 0, 256, 8, 8, 64, 4, 4]",down,256
222,2756,"[2, 0, 0, 0, 16, 0, 2, 0, 128, 256, 8, 0, 8, 64, 8, 0]",left,256
223,2756,"[2, 0, 0, 0, 16, 2, 0, 2, 128, 256, 8, 0, 8, 64, 8, 0]",left,256
224,2772,"[2, 2, 16, 2, 16, 256, 2, 0, 128, 64, 0, 0, 8, 0, 0, 0]",up,256
225,2776,"[4, 16, 2, 0, 16, 256, 2, 0, 128, 64, 2, 0, 8, 0, 0, 0]",left,256
226,2780,"[4, 16, 4, 0, 16, 256, 2, 0, 128, 64, 0, 0, 8, 0, 2, 0]",up,256
227,2784,"[4, 16, 4, 0, 16, 256, 4, 0, 128, 64, 0, 0, 8, 0, 0, 2]",up,256
228,2792,"[4, 16, 8, 2, 16, 256, 0, 0, 128, 64, 0, 0, 8, 2, 0, 0]",up,256
229,2792,"[4, 16, 0, 0, 16, 256, 0, 0, 128, 64, 2, 0, 8, 2, 8, 2]",down,256
230,2792,"[0, 0, 4, 16, 0, 0, 16, 256, 2, 128, 64, 2, 8, 2, 8, 2]",right,256
231,2796,"[2, 128, 4, 16, 8, 2, 16, 256, 2, 0, 64, 4, 0, 0, 8, 0]",up,256
232,2796,"[0, 0, 4, 2, 2, 0, 16, 16, 8, 128, 64, 256, 2, 2, 8, 4]",down,256
233,2832,"[4, 2, 0, 0, 2, 32, 2, 0, 8, 128, 64, 256, 4, 8, 4, 0]",left,256
234,2832,"[4, 2, 2, 0, 2, 32, 2, 0, 8, 128, 64, 0, 4, 8, 4, 256]",down,256
235,2836,"[4, 4, 2, 0, 2, 32, 2, 0, 8, 128, 64, 0, 4, 8, 4, 256]",left,256
236,2840,"[4, 4, 4, 256, 2, 32, 64, 0, 8, 128, 4, 0, 4, 8, 4, 0]",up,256
237,2848,"[4, 4, 4, 256, 2, 32, 64, 0, 8, 128, 8, 4, 4, 8, 0, 0]",up,256
238,2848,"[4, 4, 4, 256, 2, 32, 64, 4, 8, 128, 8, 2, 4, 8, 0, 0]",up,256
239,2848,"[4, 4, 0, 2, 2, 32, 4, 256, 8, 128, 64, 4, 4, 8, 8, 2]",down,256
240,2872,"[0, 4, 8, 2, 2, 32, 4, 256, 8, 128, 64, 4, 0, 4, 16, 2]",right,256
241,2872,"[2, 4, 8, 2, 8, 32, 4, 256, 0, 128, 64, 4, 2, 4, 16, 2]",up,256
242,2872,"[2, 4, 8, 2, 8, 32, 4, 256, 128, 64, 4, 2, 2, 4, 16, 2]",left,256
243,2884,"[2, 4, 8, 2, 8, 32, 8, 256, 128, 64, 16, 4, 2, 4, 0, 2]",up,256
244,2900,"[2, 4, 16, 2, 8, 32, 16, 256, 128, 64, 2, 4, 2, 4, 0, 2]",up,256
245,2916,"[2, 4, 0, 2, 8, 32, 2, 256, 128, 64, 32, 4, 2, 4, 2, 2]",down,256
246,2916,"[2, 4, 2, 2, 8, 32, 32, 256, 128, 64, 2, 4, 2, 4, 2, 2]",up,256
247,2988,"[2, 4, 4, 2, 8, 64, 256, 0, 128, 64, 2, 4, 2, 4, 4, 0]",left,256
248,3004,"[2, 8, 2, 0, 8, 64, 256, 0, 128, 64, 2, 4, 2, 8, 0, 2]",left,256
249,3068,"[2, 0, 2, 0, 8, 8, 2, 0, 128, 128, 256, 4, 2, 8, 2, 2]",down,256
250,3070,"[2, 0, 0, 2, 8, 8, 4, 0, 128, 128, 256, 4, 2, 8, 2, 2]",down,256
251,3350,"[4, 0, 0, 0, 16, 4, 0, 2, 256, 256, 4, 0, 2, 8, 4, 0]",left,256
252,3358,"[4, 4, 8, 2, 16, 256, 0, 0, 256, 8, 0, 0, 2, 0, 2, 0]",up,256
253,3358,"[4, 2, 0, 0, 16, 4, 0, 0, 256, 256, 8, 0, 2, 8, 2, 2]",down,256
254,3874,"[4, 2, 0, 0, 16, 4, 0, 0, 512, 8, 0, 0, 2, 8, 4, 2]",left,512
255,3890,"[4, 2, 4, 2, 16, 4, 0, 0, 512, 16, 0, 0, 2, 0, 2, 0]",up,512
256,3894,"[4, 2, 4, 2, 16, 4, 0, 2, 512, 16, 0, 0, 4, 0, 0, 0]",left,512
257,3898,"[4, 2, 4, 4, 16, 4, 0, 0, 512, 16, 0, 0, 4, 0, 0, 2]",up,512
258,3898,"[4, 0, 0, 2, 16, 2, 0, 0, 512, 4, 0, 4, 4, 16, 4, 2]",down,512
259,3906,"[0, 0, 4, 2, 0, 0, 16, 2, 0, 2, 512, 8, 4, 16, 4, 2]",right,512
260,3910,"[4, 2, 4, 4, 0, 16, 16, 8, 0, 0, 512, 2, 0, 2, 4, 0]",up,512
261,3950,"[0, 4, 2, 8, 2, 0, 32, 8, 0, 0, 512, 2, 0, 0, 2, 4]",right,512
262,3950,"[0, 4, 2, 8, 0, 2, 32, 8, 0, 0, 512, 2, 2, 0, 2, 4]",right,512
263,3966,"[2, 4, 2, 16, 4, 2, 32, 2, 0, 0, 512, 4, 0, 0, 2, 0]",up,512
264,3966,"[0, 0, 2, 0, 0, 4, 32, 16, 2, 4, 512, 2, 4, 2, 2, 4]",down,512
265,3970,"[2, 0, 0, 0, 4, 32, 16, 2, 2, 4, 512, 2, 4, 4, 4, 0]",left,512
266,3982,"[2, 32, 16, 4, 4, 8, 512, 0, 2, 2, 4, 0, 4, 0, 0, 0]",up,512
267,3986,"[2, 32, 16, 4, 4, 8, 512, 0, 4, 4, 0, 0, 4, 2, 0, 0]",left,512
268,3994,"[2, 32, 16, 4, 8, 8, 512, 0, 4, 4, 0, 0, 0, 2, 2, 0]",up,512
269,3994,"[2, 32, 16, 4, 8, 8, 512, 0, 4, 4, 2, 0, 0, 2, 2, 0]",up,512
270,3998,"[2, 32, 16, 4, 8, 8, 512, 0, 4, 4, 4, 0, 2, 2, 0, 0]",up,512
271,4026,"[2, 32, 16, 4, 0, 0, 16, 512, 0, 0, 4, 8, 2, 0, 0, 4]",right,512
272,4062,"[4, 32, 32, 4, 2, 0, 4, 512, 0, 0, 0, 8, 0, 0, 0, 4]",up,512
273,4062,"[2, 0, 0, 4, 0, 0, 0, 512, 4, 0, 32, 8, 2, 32, 4, 4]",down,512
274,4070,"[2, 4, 0, 0, 512, 0, 0, 0, 4, 32, 8, 2, 2, 32, 8, 0]",left,512
275,4150,"[2, 4, 16, 2, 512, 64, 0, 0, 4, 0, 0, 2, 2, 0, 0, 0]",up,512
276,4154,"[2, 4, 16, 4, 512, 64, 0, 0, 4, 4, 0, 0, 2, 0, 0, 0]",up,512
277,4162,"[2, 4, 16, 4, 512, 64, 0, 2, 8, 0, 0, 0, 2, 0, 0, 0]",left,512
278,4162,"[2, 0, 0, 0, 512, 0, 0, 0, 8, 4, 2, 4, 2, 64, 16, 2]",down,512
279,4162,"[0, 0, 0, 2, 2, 0, 0, 512, 8, 4, 2, 4, 2, 64, 16, 2]",right,512
280,4162,"[0, 0, 0, 2, 2, 0, 2, 512, 8, 4, 2, 4, 2, 64, 16, 2]",right,512
281,4164,"[0, 0, 2, 2, 2, 0, 0, 512, 8, 4, 4, 4, 2, 64, 16, 2]",down,512
282,4164,"[0, 4, 0, 2, 2, 0, 2, 512, 8, 4, 4, 4, 2, 64, 16, 2]",down,512
283,4172,"[2, 8, 2, 2, 8, 64, 4, 512, 2, 0, 16, 4, 0, 0, 2, 2]",up,512
284,4172,"[2, 0, 2, 2, 2, 0, 4, 512, 8, 8, 16, 4, 2, 64, 2, 2]",down,512
285,4174,"[0, 0, 2, 2, 4, 2, 4, 512, 8, 8, 16, 4, 2, 64, 2, 2]",down,512
286,4198,"[0, 0, 0, 4, 4, 2, 4, 512, 2, 16, 16, 4, 0, 2, 64, 4]",right,512
287,4230,"[0, 0, 2, 4, 4, 2, 4, 512, 0, 2, 32, 4, 0, 2, 64, 4]",right,512
288,4236,"[0, 2, 2, 0, 0, 0, 4, 4, 0, 2, 32, 512, 4, 4, 64, 8]",down,512
289,4240,"[4, 4, 2, 4, 0, 4, 4, 512, 0, 0, 32, 8, 0, 0, 64, 2]",up,512
290,4248,"[4, 8, 2, 4, 2, 0, 4, 512, 0, 0, 32, 8, 0, 0, 64, 2]",up,512
291,4248,"[0, 0, 2, 4, 0, 0, 4, 512, 4, 2, 32, 8, 2, 8, 64, 2]",down,512
292,4248,"[4, 2, 2, 4, 2, 8, 4, 512, 2, 0, 32, 8, 0, 0, 64, 2]",up,512
293,4252,"[4, 2, 2, 4, 4, 8, 4, 512, 0, 2, 32, 8, 0, 0, 64, 2]",up,512
294,4256,"[4, 4, 4, 0, 4, 8, 4, 512, 2, 32, 8, 2, 64, 2, 0, 0]",left,512
295,4264,"[0, 4, 0, 2, 8, 8, 0, 0, 2, 32, 8, 512, 64, 2, 8, 2]",down,512
296,4280,"[4, 2, 0, 0, 16, 0, 0, 2, 2, 32, 8, 512, 64, 2, 8, 2]",left,512
297,4280,"[0, 0, 4, 2, 2, 0, 16, 2, 2, 32, 8, 512, 64, 2, 8, 2]",right,512
298,4292,"[0, 0, 0, 0, 2, 0, 4, 4, 4, 32, 16, 512, 64, 2, 16, 2]",down,512
299,4324,"[2, 32, 4, 4, 4, 2, 32, 512, 64, 0, 0, 2, 0, 0, 0, 2]",up,512
300,4328,"[2, 32, 4, 4, 4, 2, 32, 512, 64, 0, 2, 4, 0, 0, 0, 0]",up,512
301,4328,"[0, 0, 2, 0, 2, 0, 4, 4, 4, 32, 32, 512, 64, 2, 2, 4]",down,512
302,4404,"[2, 0, 0, 0, 2, 8, 2, 0, 4, 64, 512, 0, 64, 4, 4, 0]",left,512
303,4408,"[4, 8, 2, 0, 4, 64, 512, 0, 64, 4, 4, 0, 0, 0, 0, 2]",up,512
304,4416,"[8, 8, 2, 2, 64, 64, 512, 0, 0, 4, 4, 0, 0, 2, 0, 0]",up,512
305,4416,"[0, 8, 2, 0, 0, 64, 2, 0, 8, 4, 512, 0, 64, 2, 4, 2]",down,512
306,4420,"[8, 8, 4, 2, 64, 64, 512, 2, 0, 4, 4, 0, 0, 2, 0, 0]",up,512
307,4424,"[8, 8, 4, 4, 64, 64, 512, 4, 0, 4, 4, 0, 0, 2, 0, 0]",up,512
308,4584,"[16, 8, 2, 0, 128, 512, 4, 0, 8, 0, 0, 0, 2, 0, 0, 0]",left,512
309,4584,"[16, 0, 0, 0, 128, 0, 2, 0, 8, 8, 2, 0, 2, 512, 4, 0]",down,512
310,4588,"[16, 8, 4, 0, 128, 512, 4, 2, 8, 0, 0, 0, 2, 0, 0, 0]",up,512
311,4596,"[16, 8, 8, 2, 128, 512, 0, 0, 8, 0, 0, 0, 2, 4, 0, 0]",up,512
312,4596,"[16, 8, 8, 2, 128, 512, 0, 0, 8, 4, 0, 0, 2, 0, 0, 2]",up,512
313,4616,"[16, 16, 2, 0, 128, 512, 0, 0, 8, 4, 0, 0, 4, 0, 2, 0]",left,512
314,4620,"[16, 16, 4, 0, 128, 512, 0, 0, 8, 4, 0, 0, 4, 2, 0, 0]",up,512
315,4620,"[16, 16, 0, 0, 128, 512, 2, 0, 8, 4, 0, 0, 4, 2, 4, 0]",down,512
316,4620,"[16, 16, 2, 2, 128, 512, 4, 0, 8, 4, 0, 0, 4, 2, 0, 0]",up,512
317,4656,"[0, 0, 32, 4, 0, 128, 512, 4, 0, 0, 8, 4, 2, 0, 4, 2]",right,512
318,4660,"[0, 0, 32, 2, 0, 0, 512, 4, 0, 0, 8, 8, 2, 128, 4, 2]",down,512
319,4660,"[2, 128, 32, 2, 0, 0, 512, 4, 0, 0, 8, 8, 2, 0, 4, 2]",up,512
320,4676,"[2, 128, 32, 2, 512, 4, 0, 0, 16, 4, 0, 0, 2, 4, 2, 0]",left,512
321,4684,"[2, 128, 32, 2, 512, 8, 2, 0, 16, 4, 0, 0, 2, 2, 0, 0]",up,512
322,4688,"[2, 128, 32, 2, 0, 512, 8, 2, 0, 0, 16, 4, 0, 0, 2, 4]",right,512
323,4700,"[2, 128, 32, 4, 0, 512, 8, 8, 0, 0, 16, 2, 0, 0, 2, 0]",up,512
324,4716,"[2, 128, 32, 4, 512, 16, 0, 0, 16, 2, 0, 0, 2, 2, 0, 0]",left,512
325,4720,"[2, 128, 32, 4, 512, 16, 0, 0, 16, 4, 4, 0, 2, 0, 0, 0]",up,512
326,4720,"[2, 128, 32, 4, 512, 16, 4, 0, 16, 4, 0, 0, 2, 0, 0, 2]",up,512
327,4724,"[2, 128, 32, 4, 512, 16, 4, 0, 16, 4, 2, 0, 4, 0, 0, 0]",left,512
328,4724,"[2, 0, 0, 0, 512, 128, 32, 0, 16, 16, 4, 2, 4, 4, 2, 4]",down,512
329,4724,"[2, 128, 32, 2, 512, 16, 4, 4, 16, 4, 2, 0, 4, 0, 0, 2]",up,512
330,4724,"[2, 0, 0, 2, 512, 128, 32, 2, 16, 16, 4, 4, 4, 4, 2, 2]",down,512
331,4780,"[0, 0, 0, 4, 512, 128, 32, 2, 4, 0, 32, 8, 0, 0, 8, 4]",right,512
332,4780,"[4, 0, 0, 0, 512, 128, 32, 2, 4, 32, 8, 0, 8, 4, 0, 2]",left,512
333,4784,"[4, 128, 32, 4, 512, 32, 8, 0, 4, 4, 2, 0, 8, 0, 0, 0]",up,512
334,4792,"[4, 128, 32, 4, 512, 32, 8, 0, 8, 2, 0, 0, 8, 0, 2, 0]",left,512
335,4808,"[4, 128, 32, 4, 512, 32, 8, 0, 16, 2, 2, 0, 0, 0, 0, 2]",up,512
336,4808,"[4, 128, 32, 4, 512, 32, 8, 2, 16, 2, 2, 0, 0, 0, 0, 2]",up,512
337,4812,"[4, 128, 32, 4, 512, 32, 8, 4, 16, 2, 2, 0, 0, 0, 2, 0]",up,512
338,4824,"[4, 128, 32, 8, 512, 32, 8, 0, 16, 2, 4, 0, 0, 0, 4, 0]",up,512
339,4832,"[4, 128, 32, 8, 512, 32, 8, 0, 16, 2, 8, 0, 0, 0, 0, 2]",up,512
340,4848,"[4, 128, 32, 8, 512, 32, 16, 2, 16, 2, 0, 0, 0, 2, 0, 0]",up,512
341,4852,"[4, 128, 32, 8, 512, 32, 16, 2, 16, 4, 0, 0, 0, 0, 0, 2]",up,512
342,4856,"[4, 128, 32, 8, 512, 32, 16, 4, 16, 4, 0, 0, 0, 0, 0, 2]",up,512
343,4856,"[4, 128, 32, 8, 512, 32, 16, 4, 16, 4, 0, 0, 2, 0, 2, 0]",left,512
344,4860,"[4, 128, 32, 8, 512, 32, 16, 4, 16, 4, 0, 0, 4, 0, 2, 0]",left,512
345,4860,"[4, 128, 32, 8, 512, 32, 16, 4, 16, 4, 0, 2, 4, 2, 0, 0]",left,512
346,4860,"[4, 128, 32, 8, 512, 32, 16, 4, 0, 16, 4, 2, 0, 2, 4, 2]",right,512
347,4872,"[4, 128, 32, 8, 512, 32, 16, 4, 0, 16, 8, 4, 0, 2, 2, 0]",up,512
348,4876,"[0, 128, 32, 0, 0, 32, 16, 2, 4, 16, 8, 8, 512, 2, 2, 8]",down,512
349,4896,"[128, 32, 0, 0, 32, 16, 2, 2, 4, 16, 16, 0, 512, 4, 8, 0]",left,512
350,4928,"[128, 32, 2, 2, 32, 32, 16, 0, 4, 4, 8, 0, 512, 0, 2, 0]",up,512
351,5004,"[128, 32, 4, 0, 64, 16, 0, 0, 8, 8, 2, 0, 512, 2, 0, 0]",left,512
352,5020,"[128, 32, 4, 0, 64, 16, 0, 0, 16, 2, 2, 0, 512, 2, 0, 0]",left,512
353,5022,"[128, 2, 0, 0, 64, 32, 0, 0, 16, 16, 4, 0, 512, 4, 2, 0]",down,512
354,5054,"[128, 2, 0, 0, 64, 32, 0, 0, 32, 4, 2, 0, 512, 4, 2, 0]",left,512
355,5060,"[128, 0, 0, 0, 64, 2, 0, 0, 32, 32, 0, 2, 512, 8, 4, 0]",down,512
356,5124,"[128, 0, 0, 0, 64, 2, 0, 0, 64, 2, 2, 0, 512, 8, 4, 0]",left,512
357,5128,"[0, 0, 0, 128, 0, 0, 64, 2, 0, 0, 64, 4, 2, 512, 8, 4]",right,512
358,5264,"[2, 512, 128, 128, 0, 0, 8, 2, 2, 0, 0, 8, 0, 0, 0, 0]",up,512
359,5268,"[4, 512, 128, 128, 0, 0, 8, 2, 2, 0, 0, 8, 0, 0, 0, 0]",up,512
360,5268,"[4, 512, 128, 128, 2, 0, 8, 2, 0, 0, 0, 8, 0, 0, 2, 0]",up,512
361,5268,"[4, 512, 128, 128, 2, 0, 8, 2, 0, 0, 2, 8, 0, 2, 0, 0]",up,512
362,5524,"[4, 512, 256, 0, 2, 8, 2, 2, 2, 8, 0, 0, 2, 0, 0, 0]",left,512
363,5544,"[4, 512, 256, 2, 4, 16, 2, 0, 2, 0, 0, 2, 0, 0, 0, 0]",up,512
364,5548,"[4, 512, 256, 2, 4, 16, 2, 0, 4, 0, 0, 0, 0, 2, 0, 0]",left,512
365,5552,"[0, 2, 0, 0, 0, 512, 0, 0, 4, 16, 256, 0, 8, 2, 2, 2]",down,512
366,5552,"[4, 2, 256, 2, 8, 512, 2, 0, 0, 16, 0, 0, 0, 2, 2, 0]",up,512
367,5556,"[4, 2, 256, 2, 8, 512, 2, 0, 16, 0, 0, 0, 4, 0, 2, 0]",left,512
368,5556,"[4, 2, 256, 2, 8, 512, 2, 0, 16, 0, 0, 2, 4, 2, 0, 0]",left,512
369,5556,"[4, 2, 256, 2, 0, 8, 512, 2, 0, 0, 16, 2, 0, 2, 4, 2]",right,512
370,5564,"[4, 2, 256, 4, 0, 8, 512, 4, 2, 2, 16, 0, 0, 0, 4, 0]",up,512
371,5568,"[4, 2, 256, 4, 8, 512, 4, 0, 4, 16, 0, 0, 4, 0, 0, 2]",left,512
372,5576,"[4, 2, 256, 4, 8, 512, 4, 2, 8, 16, 0, 0, 2, 0, 0, 0]",up,512
373,5592,"[4, 2, 256, 4, 16, 512, 4, 2, 2, 16, 0, 0, 0, 0, 2, 0]",up,512
374,5592,"[4, 2, 256, 4, 16, 512, 4, 2, 0, 0, 2, 16, 0, 2, 0, 2]",right,512
375,5592,"[4, 2, 256, 4, 16, 512, 4, 2, 0, 2, 2, 16, 0, 0, 2, 2]",up,512
376,5600,"[4, 2, 256, 4, 16, 512, 4, 2, 0, 0, 4, 16, 0, 2, 0, 4]",right,512
377,5608,"[4, 2, 256, 4, 16, 512, 8, 2, 0, 2, 0, 16, 0, 0, 2, 4]",up,512
378,5608,"[4, 2, 256, 4, 16, 512, 8, 2, 2, 16, 0, 2, 2, 4, 0, 0]",left,512
379,5616,"[4, 2, 256, 4, 16, 512, 8, 4, 4, 16, 0, 0, 0, 4, 0, 2]",up,512
380,5624,"[4, 2, 256, 8, 16, 512, 8, 2, 4, 16, 4, 0, 0, 4, 0, 0]",up,512
381,5624,"[0, 2, 0, 0, 4, 512, 256, 2, 16, 16, 8, 8, 4, 4, 4, 2]",down,512
382,5680,"[2, 0, 0, 0, 4, 512, 256, 2, 32, 16, 2, 0, 8, 4, 2, 0]",left,512
383,5682,"[2, 0, 0, 2, 4, 512, 0, 0, 32, 16, 256, 0, 8, 4, 4, 2]",down,512
384,5694,"[4, 2, 0, 0, 4, 512, 0, 0, 32, 16, 256, 0, 8, 8, 2, 0]",left,512
385,5698,"[0, 2, 0, 0, 8, 512, 0, 0, 32, 16, 256, 0, 8, 8, 2, 4]",down,512
386,5714,"[0, 0, 0, 2, 4, 0, 8, 512, 0, 32, 16, 256, 0, 16, 2, 4]",right,512
387,5714,"[4, 32, 8, 2, 0, 16, 16, 512, 0, 0, 2, 256, 0, 0, 2, 4]",up,512
388,5746,"[4, 32, 8, 2, 0, 0, 32, 512, 0, 0, 2, 256, 2, 0, 2, 4]",right,512
389,5750,"[4, 32, 8, 2, 2, 0, 32, 512, 0, 0, 4, 256, 2, 0, 0, 4]",up,512
390,5754,"[4, 32, 8, 2, 4, 0, 32, 512, 2, 0, 4, 256, 0, 0, 0, 4]",up,512
391,5762,"[8, 32, 8, 2, 2, 0, 32, 512, 2, 0, 4, 256, 0, 0, 0, 4]",up,512
392,5766,"[8, 32, 8, 2, 4, 0, 32, 512, 0, 2, 4, 256, 0, 0, 0, 4]",up,512
393,5766,"[8, 32, 8, 2, 4, 2, 32, 512, 0, 0, 4, 256, 0, 2, 0, 4]",up,512
394,5768,"[2, 0, 0, 2, 0, 0, 8, 512, 8, 32, 32, 256, 4, 4, 4, 4]",down,512
395,5852,"[4, 0, 0, 0, 8, 512, 0, 2, 8, 64, 256, 0, 8, 8, 0, 0]",left,512
396,5868,"[4, 512, 256, 2, 16, 64, 0, 2, 8, 8, 0, 0, 0, 0, 0, 0]",up,512
397,5872,"[4, 512, 256, 4, 16, 64, 0, 0, 8, 8, 0, 0, 0, 0, 2, 0]",up,512
398,5872,"[4, 512, 256, 4, 16, 64, 2, 0, 8, 8, 0, 0, 2, 0, 0, 0]",up,512
399,5888,"[4, 512, 256, 4, 16, 64, 2, 0, 16, 2, 0, 0, 2, 0, 0, 0]",left,512
400,5920,"[4, 512, 256, 4, 32, 64, 2, 4, 2, 2, 0, 0, 0, 0, 0, 0]",up,512
401,5928,"[4, 512, 256, 8, 32, 64, 2, 2, 2, 2, 0, 0, 0, 0, 0, 0]",up,512
402,5928,"[0, 0, 0, 0, 4, 512, 0, 2, 32, 64, 256, 8, 2, 2, 2, 2]",down,512
403,5936,"[0, 0, 0, 2, 4, 512, 2, 0, 32, 64, 256, 8, 4, 4, 0, 0]",left,512
404,5936,"[4, 512, 2, 2, 32, 64, 256, 8, 4, 4, 0, 0, 0, 0, 0, 4]",up,512
405,5936,"[0, 0, 0, 2, 4, 512, 0, 2, 32, 64, 2, 8, 4, 4, 256, 4]",down,512
406,5944,"[2, 0, 0, 2, 4, 512, 2, 0, 32, 64, 2, 8, 8, 256, 4, 0]",left,512
407,5948,"[4, 0, 0, 0, 4, 512, 2, 0, 32, 64, 2, 8, 8, 256, 4, 2]",left,512
408,5960,"[8, 512, 4, 8, 32, 64, 4, 2, 8, 256, 2, 0, 0, 0, 0, 0]",up,512
409,5960,"[8, 512, 4, 8, 32, 64, 4, 2, 0, 8, 256, 2, 0, 0, 2, 0]",right,512
410,5972,"[8, 512, 8, 8, 32, 64, 256, 4, 0, 8, 2, 0, 0, 2, 0, 0]",up,512
411,5972,"[0, 512, 0, 0, 2, 64, 8, 0, 8, 8, 256, 8, 32, 2, 2, 4]",down,512
412,5992,"[512, 0, 2, 0, 2, 64, 8, 0, 16, 256, 8, 0, 32, 4, 4, 0]",left,512
413,6000,"[512, 2, 0, 0, 2, 64, 8, 2, 16, 256, 8, 0, 32, 8, 0, 0]",left,512
414,6016,"[512, 2, 16, 2, 2, 64, 0, 0, 16, 256, 0, 0, 32, 8, 4, 0]",up,512
415,6016,"[512, 2, 16, 2, 2, 64, 4, 0, 16, 256, 0, 0, 32, 8, 2, 0]",up,512
416,6016,"[512, 2, 0, 0, 2, 64, 16, 0, 16, 256, 4, 2, 32, 8, 2, 2]",down,512
417,6020,"[512, 2, 0, 0, 2, 64, 16, 2, 16, 256, 4, 2, 32, 8, 4, 0]",left,512
418,6032,"[512, 2, 16, 4, 2, 64, 8, 0, 16, 256, 0, 0, 32, 8, 0, 2]",up,512
419,6032,"[512, 2, 0, 2, 2, 64, 0, 0, 16, 256, 16, 4, 32, 8, 8, 2]",down,512
420,6032,"[512, 2, 2, 0, 2, 64, 0, 2, 16, 256, 16, 4, 32, 8, 8, 2]",down,512
421,6052,"[2, 0, 512, 4, 0, 2, 64, 2, 16, 256, 16, 4, 0, 32, 16, 2]",right,512
422,6052,"[0, 2, 512, 4, 2, 2, 64, 2, 16, 256, 16, 4, 0, 32, 16, 2]",right,512
423,6088,"[2, 4, 512, 4, 16, 256, 64, 2, 0, 32, 32, 4, 0, 2, 0, 2]",up,512
424,6088,"[0, 4, 2, 4, 0, 256, 512, 2, 2, 32, 64, 4, 16, 2, 32, 2]",down,512
425,6088,"[2, 4, 2, 4, 16, 256, 512, 2, 2, 32, 64, 4, 0, 2, 32, 2]",up,512
426,6088,"[2, 4, 2, 4, 2, 256, 512, 2, 16, 32, 64, 4, 2, 2, 32, 2]",down,512
427,6092,"[4, 4, 2, 4, 16, 256, 512, 2, 2, 32, 64, 4, 2, 2, 32, 2]",up,512
428,6096,"[4, 4, 2, 4, 16, 256, 512, 2, 4, 32, 64, 4, 4, 2, 32, 2]",up,512
429,6104,"[4, 4, 2, 4, 16, 256, 512, 2, 8, 32, 64, 4, 2, 2, 32, 2]",up,512
430,6116,"[8, 2, 4, 2, 16, 256, 512, 2, 8, 32, 64, 4, 4, 32, 2, 0]",left,512
431,6184,"[8, 2, 4, 4, 16, 256, 512, 4, 8, 64, 64, 0, 4, 2, 2, 0]",up,512
432,6324,"[8, 2, 8, 2, 16, 256, 512, 4, 8, 128, 0, 0, 4, 4, 0, 0]",left,512
433,6332,"[8, 2, 8, 2, 16, 256, 512, 4, 8, 128, 0, 0, 8, 0, 0, 2]",left,512
434,6340,"[0, 0, 0, 0, 8, 2, 2, 2, 16, 256, 8, 4, 16, 128, 512, 2]",down,512
435,6344,"[2, 0, 0, 0, 0, 8, 2, 4, 16, 256, 8, 4, 16, 128, 512, 2]",right,512
436,6344,"[2, 2, 0, 0, 8, 2, 4, 0, 16, 256, 8, 4, 16, 128, 512, 2]",left,512
437,6380,"[2, 4, 4, 4, 8, 256, 8, 2, 32, 128, 512, 2, 0, 0, 0, 0]",up,512
438,6384,"[2, 4, 4, 4, 8, 256, 8, 4, 32, 128, 512, 2, 0, 0, 0, 0]",up,512
439,6392,"[2, 4, 4, 8, 8, 256, 8, 2, 32, 128, 512, 0, 2, 0, 0, 0]",up,512
440,6392,"[2, 0, 2, 0, 8, 4, 4, 0, 32, 256, 8, 8, 2, 128, 512, 2]",down,512
441,6420,"[4, 0, 0, 0, 8, 8, 2, 0, 32, 256, 16, 0, 2, 128, 512, 2]",left,512
442,6420,"[4, 8, 2, 2, 8, 256, 16, 0, 32, 128, 512, 0, 2, 2, 0, 0]",up,512
443,6428,"[4, 8, 4, 0, 8, 256, 16, 0, 32, 128, 512, 0, 4, 0, 0, 2]",left,512
444,6428,"[4, 8, 4, 2, 8, 256, 16, 0, 32, 128, 512, 2, 4, 0, 0, 0]",up,512
445,6432,"[4, 8, 4, 4, 8, 256, 16, 0, 32, 128, 512, 0, 4, 0, 0, 4]",up,512
446,6448,"[4, 8, 8, 0, 8, 256, 16, 2, 32, 128, 512, 0, 8, 0, 0, 0]",left,512
447,6448,"[4, 8, 8, 2, 8, 256, 16, 0, 32, 128, 512, 0, 8, 0, 4, 0]",up,512
448,6448,"[4, 2, 8, 0, 8, 8, 16, 0, 32, 256, 512, 0, 8, 128, 4, 2]",down,512
449,6448,"[4, 2, 8, 2, 8, 8, 16, 0, 32, 256, 512, 0, 8, 128, 4, 2]",up,512
450,6450,"[4, 2, 8, 0, 8, 8, 16, 0, 32, 256, 512, 2, 8, 128, 4, 4]",down,512
451,6474,"[4, 2, 8, 0, 16, 16, 0, 0, 32, 256, 512, 2, 8, 128, 8, 2]",left,512
452,6478,"[4, 2, 8, 4, 16, 16, 512, 0, 32, 256, 8, 0, 8, 128, 4, 0]",up,512
453,6478,"[4, 2, 8, 0, 16, 16, 512, 0, 32, 256, 8, 2, 8, 128, 4, 4]",down,512
454,6478,"[4, 2, 8, 2, 16, 16, 512, 4, 32, 256, 8, 0, 8, 128, 4, 2]",up,512
455,6510,"[4, 2, 8, 2, 32, 512, 4, 2, 32, 256, 8, 0, 8, 128, 4, 2]",left,512
456,6544,"[2, 2, 8, 0, 4, 512, 4, 0, 64, 256, 8, 2, 8, 128, 4, 4]",down,512
457,6544,"[2, 2, 8, 2, 4, 512, 4, 4, 64, 256, 8, 0, 8, 128, 4, 2]",up,512
458,6544,"[2, 2, 8, 2, 4, 512, 4, 4, 64, 256, 8, 2, 8, 128, 4, 2]",up,512
459,6548,"[2, 2, 8, 2, 4, 512, 4, 4, 64, 256, 8, 4, 8, 128, 4, 2]",up,512
460,6552,"[2, 2, 8, 2, 4, 512, 4, 2, 64, 256, 8, 8, 8, 128, 4, 2]",down,512
461,6556,"[2, 2, 8, 4, 4, 512, 4, 8, 64, 256, 8, 2, 8, 128, 4, 2]",up,512
462,6560,"[2, 2, 8, 4, 4, 512, 4, 8, 64, 256, 8, 4, 8, 128, 4, 2]",up,512
463,6564,"[4, 8, 4, 2, 4, 512, 4, 8, 64, 256, 8, 4, 8, 128, 4, 2]",left,512
464,6580,"[8, 8, 8, 2, 64, 512, 8, 8, 8, 256, 4, 4, 2, 128, 0, 2]",up,512
465,6596,"[8, 8, 16, 2, 64, 512, 4, 8, 8, 256, 0, 4, 2, 128, 2, 2]",up,512
466,6596,"[8, 8, 16, 2, 64, 512, 4, 8, 8, 256, 2, 4, 2, 128, 2, 2]",up,512
467,6616,"[0, 16, 16, 2, 64, 512, 4, 8, 8, 256, 2, 4, 2, 2, 128, 4]",right,512
468,6624,"[64, 16, 16, 2, 8, 512, 4, 8, 2, 256, 2, 8, 2, 2, 128, 0]",up,512
469,6644,"[64, 16, 16, 2, 8, 512, 4, 16, 4, 256, 2, 2, 0, 2, 128, 0]",up,512
470,6644,"[2, 16, 16, 0, 64, 512, 4, 2, 8, 256, 2, 16, 4, 2, 128, 2]",down,512
471,6644,"[2, 16, 16, 2, 64, 512, 4, 16, 8, 256, 2, 2, 4, 2, 128, 2]",up,512
472,6648,"[2, 16, 16, 2, 64, 512, 4, 16, 8, 256, 2, 4, 4, 2, 128, 2]",up,512
473,6680,"[2, 32, 2, 2, 64, 512, 4, 16, 8, 256, 2, 4, 4, 2, 128, 2]",left,512
474,6684,"[2, 32, 4, 2, 64, 512, 4, 16, 8, 256, 2, 4, 4, 2, 128, 2]",left,512
475,6692,"[2, 32, 8, 2, 64, 512, 2, 16, 8, 256, 128, 4, 4, 2, 2, 2]",up,512
476,6696,"[2, 32, 8, 2, 64, 512, 2, 16, 8, 256, 128, 4, 4, 4, 2, 2]",left,512
477,6708,"[2, 32, 8, 2, 64, 512, 2, 16, 8, 256, 128, 4, 0, 2, 8, 4]",right,512
478,6716,"[2, 32, 8, 2, 64, 512, 2, 16, 8, 256, 128, 8, 0, 2, 8, 4]",up,512
479,6716,"[2, 32, 8, 2, 2, 512, 2, 16, 64, 256, 128, 8, 8, 2, 8, 4]",down,512
480,6720,"[4, 32, 8, 2, 64, 512, 2, 16, 8, 256, 128, 8, 2, 2, 8, 4]",up,512
481,6724,"[4, 32, 8, 2, 64, 512, 2, 16, 8, 256, 128, 8, 4, 8, 4, 2]",left,512
1,0,"[4, 0, 0, 0, 0, 0, 0, 0, 0, 0, 0, 0, 0, 0, 2, 0]",up,4
2,0,"[4, 0, 2, 0, 0, 0, 2, 0, 0, 0, 0, 0, 0, 0, 0, 0]",up,4
3,4,"[4, 0, 4, 0, 0, 0, 0, 0, 0, 2, 0, 0, 0, 0, 0, 0]",up,4
4,12,"[8, 0, 0, 0, 0, 0, 0, 0, 2, 2, 0, 0, 0, 0, 0, 0]",left,8
5,12,"[8, 2, 0, 0, 2, 0, 0, 0, 0, 0, 0, 0, 0, 0, 0, 2]",up,8
6,12,"[8, 2, 0, 2, 2, 2, 0, 0, 0, 0, 0, 0, 0, 0, 0, 0]",up,8
7,20,"[8, 4, 2, 0, 4, 0, 0, 0, 0, 0, 0, 0, 0, 0, 0, 0]",left,8
8,20,"[0, 0, 0, 0, 0, 0, 4, 0, 8, 0, 0, 0, 4, 4, 2, 0]",down,8
9,20,"[8, 4, 4, 2, 4, 0, 2, 0, 0, 0, 0, 0, 0, 0, 0, 0]",up,8
10,20,"[0, 0, 0, 0, 2, 0, 0, 0, 8, 0, 4, 0, 4, 4, 2, 2]",down,8
11,20,"[2, 4, 4, 2, 8, 0, 2, 2, 4, 0, 0, 0, 0, 0, 0, 0]",up,8
12,32,"[2, 2, 8, 2, 0, 0, 8, 4, 0, 0, 0, 4, 0, 0, 0, 0]",right,8
13,56,"[2, 2, 16, 2, 2, 0, 0, 8, 0, 0, 0, 0, 0, 0, 0, 0]",up,16
14,58,"[2, 0, 0, 0, 0, 0, 0, 0, 0, 0, 0, 2, 4, 2, 16, 8]",down,16
15,58,"[2, 2, 16, 2, 4, 0, 0, 8, 0, 2, 0, 0, 0, 0, 0, 0]",up,16
16,62,"[4, 16, 2, 2, 4, 8, 0, 0, 2, 0, 0, 0, 0, 0, 0, 0]",left,16
17,66,"[0, 0, 0, 2, 0, 0, 0, 0, 8, 16, 0, 0, 2, 8, 2, 2]",down,16
18,68,"[0, 0, 0, 0, 0, 0, 0, 2, 8, 16, 0, 0, 2, 8, 2, 4]",down,16
19,68,"[0, 0, 0, 2, 0, 0, 0, 2, 0, 0, 8, 16, 2, 8, 2, 4]",right,16
20,72,"[2, 8, 8, 4, 0, 0, 2, 16, 0, 2, 0, 4, 0, 0, 0, 0]",up,16
21,72,"[2, 8, 8, 4, 0, 2, 2, 16, 0, 0, 0, 4, 0, 0, 0, 2]",up,16
22,72,"[2, 0, 0, 4, 0, 0, 0, 16, 0, 8, 8, 4, 2, 2, 2, 2]",down,16
23,96,"[2, 4, 0, 0, 16, 0, 0, 0, 16, 4, 0, 0, 4, 4, 0, 2]",left,16
24,116,"[0, 0, 2, 0, 2, 0, 0, 0, 32, 4, 0, 0, 4, 8, 0, 2]",down,32
25,116,"[2, 4, 2, 2, 32, 8, 0, 2, 4, 0, 0, 0, 0, 0, 0, 0]",up,32
26,120,"[2, 4, 4, 0, 32, 8, 2, 0, 4, 0, 0, 0, 0, 0, 0, 2]",left,32
27,120,"[2, 4, 4, 2, 32, 8, 2, 0, 4, 0, 0, 2, 0, 0, 0, 0]",up,32
28,124,"[2, 4, 4, 4, 32, 8, 2, 0, 4, 0, 0, 0, 4, 0, 0, 0]",up,32
29,132,"[2, 8, 4, 0, 32, 8, 2, 0, 4, 0, 0, 0, 4, 0, 0, 2]",left,32
30,132,"[2, 8, 4, 0, 32, 8, 2, 0, 4, 0, 4, 0, 4, 2, 0, 0]",left,32
31,156,"[2, 16, 4, 2, 32, 2, 2, 0, 8, 0, 4, 0, 0, 0, 0, 0]",up,32
32,160,"[2, 16, 4, 2, 0, 0, 32, 4, 0, 2, 8, 4, 0, 0, 0, 0]",right,32
33,164,"[0, 0, 0, 0, 0, 0, 4, 2, 0, 16, 32, 2, 2, 2, 8, 8]",down,32
34,168,"[2, 16, 4, 4, 0, 2, 32, 8, 0, 0, 8, 0, 0, 2, 0, 0]",up,32
35,176,"[2, 16, 8, 0, 2, 32, 8, 0, 8, 0, 0, 0, 2, 2, 0, 0]",left,32
36,196,"[4, 16, 16, 0, 8, 32, 0, 0, 2, 2, 0, 0, 0, 0, 2, 0]",up,32
37,232,"[0, 2, 4, 32, 0, 0, 8, 32, 0, 0, 0, 4, 0, 0, 0, 2]",right,32
38,232,"[2, 4, 32, 0, 8, 32, 0, 0, 4, 0, 0, 0, 2, 0, 0, 2]",left,32
39,236,"[2, 4, 32, 0, 8, 32, 0, 0, 4, 0, 0, 2, 4, 0, 0, 0]",left,32
40,244,"[2, 4, 32, 2, 8, 32, 2, 0, 8, 0, 0, 0, 0, 0, 0, 0]",up,32
41,244,"[2, 4, 32, 2, 2, 8, 32, 2, 0, 0, 0, 8, 0, 0, 0, 0]",right,32
42,316,"[4, 4, 64, 4, 0, 8, 0, 8, 0, 0, 0, 0, 0, 0, 0, 4]",up,64
43,316,"[4, 4, 64, 4, 0, 8, 0, 8, 0, 0, 0, 4, 0, 2, 0, 0]",up,64
44,316,"[4, 4, 64, 4, 0, 8, 0, 8, 2, 2, 0, 4, 0, 0, 0, 0]",up,64
45,316,"[0, 2, 0, 0, 0, 4, 0, 4, 4, 8, 0, 8, 2, 2, 64, 4]",down,64
46,344,"[2, 0, 0, 0, 8, 2, 0, 0, 4, 16, 0, 0, 4, 64, 4, 0]",left,64
47,352,"[2, 2, 4, 0, 8, 16, 0, 0, 8, 64, 0, 0, 0, 0, 0, 2]",up,64
48,368,"[2, 2, 4, 2, 16, 16, 0, 0, 0, 64, 0, 0, 0, 2, 0, 0]",up,64
49,404,"[4, 4, 2, 0, 32, 0, 0, 0, 64, 0, 4, 0, 2, 0, 0, 0]",left,64
50,404,"[4, 4, 2, 0, 32, 0, 4, 0, 64, 0, 0, 2, 2, 0, 0, 0]",up,64
51,404,"[4, 4, 2, 2, 32, 0, 4, 0, 64, 0, 0, 2, 2, 0, 0, 0]",up,64
52,416,"[8, 4, 2, 0, 32, 4, 0, 0, 64, 2, 0, 0, 2, 0, 0, 0]",left,64
53,424,"[8, 8, 2, 0, 32, 2, 0, 0, 64, 0, 0, 0, 2, 0, 0, 2]",up,64
54,424,"[8, 0, 0, 0, 32, 2, 0, 0, 64, 8, 0, 0, 2, 2, 2, 2]",down,64
55,432,"[8, 2, 0, 0, 32, 2, 0, 0, 64, 8, 0, 0, 4, 4, 0, 0]",left,64
56,436,"[8, 4, 0, 0, 32, 8, 0, 0, 64, 4, 0, 4, 4, 0, 0, 0]",up,64
57,436,"[8, 4, 0, 4, 32, 8, 0, 0, 64, 4, 2, 0, 4, 0, 0, 0]",up,64
58,444,"[8, 8, 0, 0, 32, 8, 0, 0, 64, 4, 2, 0, 4, 0, 2, 0]",left,64
59,460,"[0, 0, 0, 16, 0, 0, 32, 8, 2, 64, 4, 2, 0, 0, 4, 2]",right,64
60,472,"[2, 64, 32, 16, 0, 0, 8, 8, 0, 0, 0, 4, 2, 0, 0, 0]",up,64
61,488,"[2, 64, 32, 16, 0, 0, 0, 16, 0, 0, 0, 4, 0, 0, 2, 2]",right,64
62,492,"[2, 64, 32, 16, 0, 0, 0, 16, 0, 0, 2, 4, 0, 0, 0, 4]",right,64
63,532,"[2, 64, 32, 32, 0, 0, 2, 8, 0, 0, 0, 0, 0, 0, 0, 2]",up,64
64,532,"[2, 64, 32, 32, 0, 0, 2, 8, 0, 2, 0, 2, 0, 0, 0, 0]",up,64
65,600,"[2, 64, 64, 0, 2, 8, 0, 0, 4, 0, 0, 0, 0, 0, 4, 0]",left,64
66,604,"[4, 64, 64, 0, 4, 8, 4, 0, 2, 0, 0, 0, 0, 0, 0, 0]",up,64
67,612,"[8, 64, 64, 0, 2, 8, 4, 0, 0, 0, 0, 0, 0, 0, 2, 0]",up,64
68,740,"[8, 128, 2, 0, 2, 8, 4, 0, 0, 0, 0, 0, 2, 0, 0, 0]",left,128
69,744,"[8, 128, 2, 0, 4, 8, 4, 2, 0, 0, 0, 0, 0, 0, 0, 0]",up,128
70,744,"[8, 128, 2, 2, 4, 8, 4, 0, 0, 0, 0, 0, 0, 0, 2, 0]",up,128
71,744,"[8, 128, 2, 2, 4, 8, 4, 0, 0, 0, 2, 0, 2, 0, 0, 0]",up,128
72,744,"[8, 128, 2, 2, 4, 8, 4, 0, 2, 0, 2, 2, 0, 0, 0, 0]",up,128
73,748,"[8, 128, 2, 4, 4, 8, 4, 0, 2, 0, 2, 0, 0, 0, 0, 4]",up,128
74,756,"[8, 128, 2, 8, 4, 8, 4, 0, 2, 2, 2, 0, 0, 0, 0, 0]",up,128
75,760,"[8, 128, 2, 8, 4, 8, 4, 0, 4, 2, 0, 2, 0, 0, 0, 0]",left,128
76,764,"[8, 128, 2, 8, 4, 8, 4, 0, 4, 4, 2, 0, 0, 0, 0, 0]",left,128
77,768,"[0, 0, 2, 0, 0, 128, 2, 0, 8, 8, 4, 0, 8, 4, 2, 8]",down,128
78,788,"[16, 128, 4, 8, 0, 8, 4, 0, 2, 4, 2, 0, 0, 0, 0, 0]",up,128
79,796,"[16, 128, 8, 8, 2, 8, 2, 0, 0, 4, 0, 0, 2, 0, 0, 0]",up,128
80,800,"[16, 128, 8, 8, 4, 8, 2, 0, 0, 4, 0, 0, 0, 2, 0, 0]",up,128
81,800,"[0, 128, 0, 0, 2, 8, 0, 0, 16, 4, 8, 0, 4, 2, 2, 8]",down,128
82,804,"[128, 2, 0, 0, 2, 8, 0, 0, 16, 4, 8, 0, 4, 4, 8, 0]",left,128
83,812,"[0, 0, 128, 2, 0, 2, 2, 8, 0, 16, 4, 8, 0, 0, 8, 8]",right,128
84,820,"[0, 0, 128, 0, 2, 0, 2, 2, 0, 2, 4, 8, 0, 16, 8, 16]",down,128
85,820,"[0, 0, 128, 2, 0, 0, 2, 2, 0, 2, 4, 8, 2, 16, 8, 16]",down,128
86,822,"[0, 0, 128, 2, 0, 0, 2, 4, 0, 2, 4, 8, 2, 16, 8, 16]",down,128
87,822,"[128, 2, 0, 4, 2, 4, 0, 0, 2, 4, 8, 0, 2, 16, 8, 16]",left,128
88,822,"[0, 128, 2, 4, 0, 0, 2, 4, 2, 2, 4, 8, 2, 16, 8, 16]",right,128
89,838,"[4, 128, 4, 8, 0, 2, 4, 8, 2, 16, 8, 16, 0, 0, 0, 0]",up,128
90,862,"[4, 128, 8, 16, 2, 2, 8, 16, 0, 16, 0, 0, 2, 0, 0, 0]",up,128
91,914,"[4, 128, 16, 32, 4, 2, 2, 0, 0, 16, 0, 0, 0, 0, 0, 0]",up,128
92,922,"[8, 128, 16, 32, 0, 2, 2, 0, 0, 16, 0, 0, 0, 0, 2, 0]",up,128
93,926,"[8, 128, 16, 32, 0, 2, 4, 0, 0, 16, 0, 0, 0, 2, 0, 0]",up,128
94,926,"[0, 128, 0, 0, 2, 2, 0, 0, 0, 16, 16, 0, 8, 2, 4, 32]",down,128
95,926,"[0, 128, 0, 0, 2, 2, 0, 0, 2, 16, 16, 0, 8, 2, 4, 32]",down,128
96,962,"[2, 0, 0, 128, 0, 0, 0, 4, 0, 0, 2, 32, 8, 2, 4, 32]",right,128
97,1026,"[2, 2, 2, 128, 8, 0, 4, 4, 0, 0, 0, 64, 0, 2, 0, 0]",up,128
98,1030,"[2, 4, 2, 128, 8, 2, 4, 4, 0, 0, 0, 64, 0, 0, 0, 0]",up,128
99,1038,"[2, 4, 2, 128, 8, 2, 8, 0, 64, 0, 2, 0, 0, 0, 0, 0]",left,128
100,1038,"[2, 0, 0, 0, 2, 0, 2, 0, 8, 4, 8, 0, 64, 2, 2, 128]",down,128
101,1042,"[4, 4, 2, 128, 8, 2, 8, 2, 64, 0, 2, 0, 0, 0, 0, 0]",up,128
102,1042,"[0, 0, 2, 0, 4, 0, 2, 0, 8, 4, 8, 128, 64, 2, 2, 2]",down,128
103,1044,"[0, 0, 0, 0, 4, 0, 4, 2, 8, 4, 8, 128, 64, 2, 2, 2]",down,128
104,1056,"[0, 0, 0, 4, 8, 2, 0, 0, 8, 4, 8, 128, 64, 4, 2, 0]",left,128
105,1056,"[4, 0, 0, 2, 8, 2, 0, 0, 8, 4, 8, 128, 64, 4, 2, 0]",left,128
106,1056,"[4, 2, 2, 0, 8, 2, 0, 0, 8, 4, 8, 128, 64, 4, 2, 0]",left,128
107,1084,"[4, 4, 2, 128, 16, 8, 8, 0, 64, 0, 2, 0, 0, 0, 0, 2]",up,128
108,1084,"[4, 4, 2, 128, 16, 8, 8, 2, 64, 0, 2, 0, 0, 0, 2, 0]",up,128
109,1088,"[4, 4, 2, 128, 16, 8, 8, 2, 64, 0, 4, 0, 0, 0, 2, 0]",up,128
110,1112,"[8, 2, 128, 0, 16, 16, 2, 4, 64, 4, 0, 0, 2, 0, 0, 0]",left,128
111,1144,"[8, 2, 128, 0, 32, 2, 4, 0, 64, 4, 0, 0, 2, 2, 0, 0]",left,128
112,1146,"[8, 0, 0, 0, 32, 4, 2, 0, 64, 4, 128, 0, 2, 2, 4, 0]",down,128
113,1154,"[8, 8, 2, 0, 32, 2, 128, 0, 64, 2, 4, 0, 2, 0, 0, 0]",up,128
114,1170,"[16, 2, 0, 4, 32, 2, 128, 0, 64, 2, 4, 0, 2, 0, 0, 0]",left,128
115,1172,"[16, 0, 0, 0, 32, 0, 0, 2, 64, 2, 128, 0, 2, 4, 4, 4]",down,128
116,1180,"[0, 0, 0, 16, 0, 2, 32, 2, 0, 64, 2, 128, 0, 2, 4, 8]",right,128
117,1180,"[0, 2, 32, 16, 0, 64, 2, 2, 0, 2, 4, 128, 2, 0, 0, 8]",up,128
118,1180,"[2, 2, 32, 16, 0, 64, 2, 2, 0, 2, 4, 128, 0, 2, 0, 8]",up,128
119,1184,"[2, 2, 32, 16, 0, 64, 2, 2, 0, 4, 4, 128, 0, 0, 2, 8]",up,128
120,1200,"[4, 32, 16, 2, 64, 4, 0, 0, 8, 128, 0, 0, 2, 8, 0, 0]",left,128
121,1200,"[4, 32, 0, 0, 64, 4, 0, 0, 8, 128, 2, 0, 2, 8, 16, 2]",down,128
122,1200,"[0, 0, 4, 32, 2, 0, 64, 4, 0, 8, 128, 2, 2, 8, 16, 2]",right,128
123,1224,"[4, 16, 4, 32, 0, 2, 64, 4, 0, 0, 128, 4, 0, 0, 16, 0]",up,128
124,1232,"[4, 16, 4, 32, 0, 2, 64, 8, 0, 0, 128, 0, 0, 0, 16, 2]",up,128
125,1232,"[4, 16, 4, 32, 0, 2, 64, 8, 0, 0, 128, 2, 0, 2, 16, 0]",up,128
126,1234,"[0, 0, 4, 2, 0, 0, 64, 32, 0, 16, 128, 8, 4, 4, 16, 2]",down,128
127,1234,"[4, 16, 4, 2, 0, 4, 64, 32, 2, 0, 128, 8, 0, 0, 16, 2]",up,128
128,1234,"[4, 16, 4, 2, 4, 64, 32, 2, 2, 128, 8, 0, 16, 2, 0, 0]",left,128
129,1234,"[4, 16, 4, 2, 4, 64, 32, 2, 0, 2, 128, 8, 0, 2, 16, 2]",right,128
130,1250,"[8, 16, 4, 4, 0, 64, 32, 8, 0, 4, 128, 2, 0, 0, 16, 2]",up,128
131,1258,"[0, 8, 16, 8, 0, 64, 32, 8, 0, 4, 128, 2, 0, 2, 16, 2]",right,128
132,1278,"[2, 8, 16, 16, 0, 64, 32, 4, 0, 4, 128, 0, 0, 2, 16, 0]",up,128
133,1310,"[2, 8, 32, 2, 64, 32, 4, 0, 4, 128, 0, 0, 2, 16, 0, 0]",left,128
134,1310,"[2, 8, 32, 2, 0, 64, 32, 4, 2, 0, 4, 128, 0, 0, 2, 16]",right,128
135,1378,"[4, 8, 64, 2, 0, 64, 4, 4, 0, 0, 2, 128, 0, 2, 0, 16]",up,128
136,1378,"[4, 8, 64, 2, 0, 64, 4, 4, 0, 2, 2, 128, 2, 0, 0, 16]",up,128
137,1378,"[4, 8, 64, 2, 2, 64, 4, 4, 0, 2, 2, 128, 0, 2, 0, 16]",up,128
138,1382,"[4, 8, 64, 2, 2, 64, 4, 4, 0, 4, 2, 128, 0, 2, 0, 16]",up,128
139,1390,"[4, 8, 64, 2, 2, 64, 8, 2, 4, 2, 128, 0, 2, 16, 0, 0]",left,128
140,1394,"[4, 8, 64, 4, 2, 64, 8, 0, 4, 2, 128, 4, 2, 16, 0, 0]",up,128
141,1402,"[4, 8, 64, 8, 2, 64, 8, 0, 4, 2, 128, 0, 2, 16, 0, 2]",up,128
142,1402,"[4, 8, 0, 0, 2, 64, 64, 2, 4, 2, 8, 8, 2, 16, 128, 2]",down,128
143,1402,"[4, 8, 64, 2, 2, 64, 8, 8, 4, 2, 128, 2, 2, 16, 2, 0]",up,128
144,1418,"[4, 8, 64, 2, 2, 2, 64, 16, 4, 2, 128, 2, 0, 2, 16, 2]",right,128
145,1422,"[4, 8, 64, 2, 2, 4, 64, 16, 4, 2, 128, 2, 0, 2, 16, 2]",right,128
146,1558,"[4, 8, 128, 2, 2, 4, 128, 16, 4, 4, 16, 4, 0, 2, 0, 0]",up,128
147,1822,"[4, 8, 256, 2, 2, 8, 16, 16, 4, 2, 0, 4, 0, 2, 0, 0]",up,256
148,1854,"[4, 8, 256, 2, 2, 8, 32, 0, 4, 2, 4, 0, 2, 0, 0, 4]",left,256
149,1870,"[4, 16, 256, 2, 2, 2, 32, 4, 4, 0, 4, 0, 2, 0, 2, 0]",up,256
150,1886,"[4, 16, 256, 2, 4, 32, 4, 0, 8, 0, 0, 0, 4, 2, 0, 0]",left,256
151,1890,"[0, 4, 0, 0, 8, 16, 0, 0, 8, 32, 256, 0, 4, 2, 4, 2]",down,256
152,1898,"[2, 4, 0, 0, 0, 16, 0, 0, 16, 32, 256, 0, 4, 2, 4, 2]",down,256
153,1898,"[2, 4, 256, 2, 16, 16, 4, 0, 4, 32, 0, 2, 0, 2, 0, 0]",up,256
154,1902,"[2, 4, 256, 4, 16, 16, 4, 0, 4, 32, 0, 0, 0, 2, 2, 0]",up,256
155,1938,"[2, 4, 256, 4, 2, 0, 32, 4, 0, 0, 4, 32, 0, 0, 0, 4]",right,256
156,1950,"[4, 4, 256, 8, 0, 0, 32, 32, 0, 0, 4, 4, 2, 0, 0, 0]",up,256
157,1950,"[0, 0, 0, 0, 0, 0, 256, 8, 4, 2, 32, 32, 2, 4, 4, 4]",down,256
158,1950,"[4, 2, 256, 8, 2, 4, 32, 32, 0, 0, 4, 4, 2, 0, 0, 0]",up,256
159,1954,"[4, 2, 256, 8, 4, 4, 32, 32, 0, 0, 4, 4, 0, 0, 2, 0]",up,256
160,2034,"[4, 2, 256, 8, 8, 64, 0, 2, 8, 0, 0, 0, 2, 0, 0, 0]",left,256
161,2050,"[4, 2, 256, 8, 16, 64, 0, 2, 2, 2, 0, 0, 0, 0, 0, 0]",up,256
162,2054,"[4, 2, 256, 8, 16, 64, 2, 0, 4, 0, 0, 2, 0, 0, 0, 0]",left,256
163,2054,"[4, 2, 256, 8, 16, 64, 2, 2, 4, 0, 0, 0, 0, 0, 0, 4]",up,256
164,2058,"[4, 2, 256, 8, 16, 64, 4, 0, 4, 0, 0, 2, 4, 0, 0, 0]",left,256
165,2066,"[4, 2, 256, 8, 16, 64, 4, 2, 8, 2, 0, 0, 0, 0, 0, 0]",up,256
166,2066,"[4, 2, 256, 8, 16, 64, 4, 2, 0, 2, 8, 2, 0, 0, 0, 0]",right,256
167,2070,"[4, 2, 256, 8, 16, 64, 4, 4, 0, 2, 8, 2, 0, 0, 0, 0]",up,256
168,2070,"[0, 0, 0, 2, 0, 2, 256, 8, 4, 64, 4, 4, 16, 2, 8, 2]",down,256
169,2070,"[4, 2, 256, 2, 16, 64, 4, 8, 0, 2, 8, 4, 0, 2, 0, 2]",up,256
170,2072,"[0, 0, 2, 2, 0, 2, 256, 8, 4, 64, 4, 4, 16, 4, 8, 2]",down,256
171,2084,"[4, 0, 0, 2, 2, 256, 8, 0, 4, 64, 8, 0, 16, 4, 8, 2]",left,256
172,2104,"[4, 256, 16, 4, 2, 64, 8, 0, 4, 4, 2, 0, 16, 0, 0, 0]",up,256
173,2104,"[4, 2, 0, 0, 2, 256, 16, 0, 4, 64, 8, 0, 16, 4, 2, 4]",down,256
174,2104,"[4, 2, 16, 4, 2, 256, 8, 2, 4, 64, 2, 0, 16, 4, 0, 0]",up,256
175,2104,"[4, 2, 0, 0, 2, 256, 16, 4, 4, 64, 8, 4, 16, 4, 2, 2]",down,256
176,2108,"[4, 2, 0, 2, 2, 256, 16, 0, 4, 64, 8, 8, 16, 4, 2, 2]",down,256
177,2132,"[4, 4, 0, 0, 2, 256, 16, 0, 4, 64, 16, 2, 16, 4, 4, 0]",left,256
178,2164,"[4, 4, 32, 2, 2, 256, 4, 0, 4, 64, 0, 0, 16, 4, 2, 0]",up,256
179,2164,"[4, 4, 2, 0, 2, 256, 32, 0, 4, 64, 4, 0, 16, 4, 2, 2]",down,256
180,2164,"[4, 4, 2, 2, 2, 256, 32, 0, 4, 64, 4, 0, 16, 4, 2, 2]",up,256
181,2168,"[4, 4, 2, 4, 2, 256, 32, 2, 4, 64, 4, 0, 16, 4, 2, 0]",up,256
182,2168,"[4, 4, 2, 4, 2, 256, 32, 0, 4, 64, 4, 4, 16, 4, 2, 2]",down,256
183,2188,"[8, 2, 4, 0, 2, 256, 32, 0, 4, 64, 8, 0, 16, 4, 4, 2]",left,256
184,2188,"[8, 2, 4, 2, 2, 256, 32, 0, 4, 64, 8, 2, 16, 4, 4, 0]",up,256
185,2192,"[8, 2, 4, 4, 2, 256, 32, 0, 4, 64, 8, 0, 16, 4, 4, 2]",up,256
186,2192,"[8, 2, 4, 4, 2, 256, 32, 2, 4, 64, 8, 0, 16, 4, 4, 2]",up,256
187,2196,"[8, 2, 4, 4, 2, 256, 32, 4, 4, 64, 8, 2, 16, 4, 4, 0]",up,256
188,2204,"[8, 2, 4, 8, 2, 256, 32, 2, 4, 64, 8, 2, 16, 4, 4, 0]",up,256
189,2208,"[8, 2, 4, 8, 2, 256, 32, 4, 4, 64, 8, 2, 16, 4, 4, 0]",up,256
190,2208,"[8, 2, 4, 4, 2, 256, 32, 8, 4, 64, 8, 4, 16, 4, 4, 2]",down,256
191,2224,"[0, 8, 2, 8, 2, 256, 32, 8, 4, 64, 8, 4, 2, 16, 8, 2]",right,256
192,2240,"[0, 8, 2, 0, 2, 256, 2, 16, 4, 64, 32, 4, 2, 16, 16, 2]",down,256
193,2242,"[2, 8, 0, 0, 2, 256, 4, 16, 4, 64, 32, 4, 2, 16, 16, 2]",down,256
194,2244,"[2, 8, 0, 0, 4, 256, 4, 16, 4, 64, 32, 4, 2, 16, 16, 2]",down,256
195,2276,"[0, 0, 2, 8, 4, 256, 4, 16, 4, 64, 32, 4, 2, 2, 32, 2]",right,256
196,2348,"[8, 256, 2, 8, 2, 64, 4, 16, 0, 2, 64, 4, 2, 0, 0, 2]",up,256
197,2352,"[8, 256, 2, 8, 2, 64, 4, 16, 2, 64, 4, 2, 4, 0, 0, 0]",left,256
198,2492,"[8, 256, 2, 8, 4, 128, 8, 16, 4, 0, 0, 2, 0, 0, 4, 0]",up,256
199,2500,"[8, 256, 2, 8, 8, 128, 8, 16, 0, 0, 4, 2, 0, 0, 2, 0]",up,256
200,2516,"[16, 256, 2, 8, 0, 128, 8, 16, 2, 0, 4, 2, 0, 0, 2, 0]",up,256
201,2516,"[16, 256, 2, 8, 2, 128, 8, 16, 2, 0, 4, 2, 0, 0, 2, 0]",up,256
202,2520,"[16, 256, 2, 8, 4, 128, 8, 16, 0, 0, 4, 2, 0, 2, 2, 0]",up,256
203,2520,"[0, 0, 2, 2, 0, 256, 8, 8, 16, 128, 4, 16, 4, 2, 2, 2]",down,256
204,2520,"[16, 256, 2, 2, 4, 128, 8, 8, 2, 2, 4, 16, 0, 0, 2, 2]",up,256
205,2548,"[16, 256, 4, 2, 4, 128, 16, 0, 4, 4, 16, 0, 4, 0, 0, 0]",left,256
206,2588,"[16, 256, 4, 2, 8, 128, 32, 0, 4, 4, 0, 2, 0, 0, 0, 0]",up,256
207,2592,"[16, 256, 4, 4, 8, 128, 32, 0, 4, 4, 0, 0, 2, 0, 0, 0]",up,256
208,2608,"[16, 256, 8, 0, 8, 128, 32, 0, 8, 2, 0, 0, 2, 0, 0, 0]",left,256
209,2624,"[16, 256, 8, 0, 16, 128, 32, 0, 2, 2, 0, 0, 0, 2, 0, 0]",up,256
210,2660,"[32, 256, 8, 0, 2, 128, 32, 0, 0, 4, 0, 0, 0, 0, 0, 2]",up,256
211,2660,"[0, 32, 256, 8, 0, 2, 128, 32, 2, 0, 0, 4, 0, 0, 0, 2]",right,256
212,2660,"[2, 32, 256, 8, 0, 2, 128, 32, 2, 0, 0, 4, 0, 0, 0, 2]",up,256
213,2664,"[4, 32, 256, 8, 0, 2, 128, 32, 0, 2, 0, 4, 0, 0, 0, 2]",up,256
214,2668,"[4, 32, 256, 8, 0, 4, 128, 32, 0, 0, 0, 4, 0, 2, 0, 2]",up,256
215,2672,"[4, 32, 256, 8, 4, 128, 32, 0, 4, 0, 0, 0, 4, 0, 0, 4]",left,256
216,2688,"[8, 32, 256, 8, 8, 128, 32, 4, 0, 0, 0, 0, 2, 0, 0, 0]",up,256
217,2688,"[8, 32, 256, 8, 8, 128, 32, 4, 0, 2, 0, 0, 0, 0, 0, 2]",right,256
218,2704,"[16, 32, 256, 8, 0, 128, 32, 4, 0, 2, 0, 2, 0, 2, 0, 0]",up,256
219,2708,"[16, 32, 256, 8, 128, 32, 4, 0, 4, 0, 0, 0, 2, 0, 0, 2]",left,256
220,2712,"[16, 32, 256, 8, 128, 32, 4, 0, 4, 0, 0, 0, 4, 0, 0, 4]",left,256
221,2748,"[0, 0, 0, 2, 16, 0, 0, 0, 128, 0, 256, 8, 8, 64, 4, 4]",down,256
222,2756,"[2, 0, 0, 0, 16, 0, 2, 0, 128, 256, 8, 0, 8, 64, 8, 0]",left,256
223,2756,"[2, 0, 0, 0, 16, 2, 0, 2, 128, 256, 8, 0, 8, 64, 8, 0]",left,256
224,2772,"[2, 2, 16, 2, 16, 256, 2, 0, 128, 64, 0, 0, 8, 0, 0, 0]",up,256
225,2776,"[4, 16, 2, 0, 16, 256, 2, 0, 128, 64, 2, 0, 8, 0, 0, 0]",left,256
226,2780,"[4, 16, 4, 0, 16, 256, 2, 0, 128, 64, 0, 0, 8, 0, 2, 0]",up,256
227,2784,"[4, 16, 4, 0, 16, 256, 4, 0, 128, 64, 0, 0, 8, 0, 0, 2]",up,256
228,2792,"[4, 16, 8, 2, 16, 256, 0, 0, 128, 64, 0, 0, 8, 2, 0, 0]",up,256
229,2792,"[4, 16, 0, 0, 16, 256, 0, 0, 128, 64, 2, 0, 8, 2, 8, 2]",down,256
230,2792,"[0, 0, 4, 16, 0, 0, 16, 256, 2, 128, 64, 2, 8, 2, 8, 2]",right,256
231,2796,"[2, 128, 4, 16, 8, 2, 16, 256, 2, 0, 64, 4, 0, 0, 8, 0]",up,256
232,2796,"[0, 0, 4, 2, 2, 0, 16, 16, 8, 128, 64, 256, 2, 2, 8, 4]",down,256
233,2832,"[4, 2, 0, 0, 2, 32, 2, 0, 8, 128, 64, 256, 4, 8, 4, 0]",left,256
234,2832,"[4, 2, 2, 0, 2, 32, 2, 0, 8, 128, 64, 0, 4, 8, 4, 256]",down,256
235,2836,"[4, 4, 2, 0, 2, 32, 2, 0, 8, 128, 64, 0, 4, 8, 4, 256]",left,256
236,2840,"[4, 4, 4, 256, 2, 32, 64, 0, 8, 128, 4, 0, 4, 8, 4, 0]",up,256
237,2848,"[4, 4, 4, 256, 2, 32, 64, 0, 8, 128, 8, 4, 4, 8, 0, 0]",up,256
238,2848,"[4, 4, 4, 256, 2, 32, 64, 4, 8, 128, 8, 2, 4, 8, 0, 0]",up,256
239,2848,"[4, 4, 0, 2, 2, 32, 4, 256, 8, 128, 64, 4, 4, 8, 8, 2]",down,256
240,2872,"[0, 4, 8, 2, 2, 32, 4, 256, 8, 128, 64, 4, 0, 4, 16, 2]",right,256
241,2872,"[2, 4, 8, 2, 8, 32, 4, 256, 0, 128, 64, 4, 2, 4, 16, 2]",up,256
242,2872,"[2, 4, 8, 2, 8, 32, 4, 256, 128, 64, 4, 2, 2, 4, 16, 2]",left,256
243,2884,"[2, 4, 8, 2, 8, 32, 8, 256, 128, 64, 16, 4, 2, 4, 0, 2]",up,256
244,2900,"[2, 4, 16, 2, 8, 32, 16, 256, 128, 64, 2, 4, 2, 4, 0, 2]",up,256
245,2916,"[2, 4, 0, 2, 8, 32, 2, 256, 128, 64, 32, 4, 2, 4, 2, 2]",down,256
246,2916,"[2, 4, 2, 2, 8, 32, 32, 256, 128, 64, 2, 4, 2, 4, 2, 2]",up,256
247,2988,"[2, 4, 4, 2, 8, 64, 256, 0, 128, 64, 2, 4, 2, 4, 4, 0]",left,256
248,3004,"[2, 8, 2, 0, 8, 64, 256, 0, 128, 64, 2, 4, 2, 8, 0, 2]",left,256
249,3068,"[2, 0, 2, 0, 8, 8, 2, 0, 128, 128, 256, 4, 2, 8, 2, 2]",down,256
250,3070,"[2, 0, 0, 2, 8, 8, 4, 0, 128, 128, 256, 4, 2, 8, 2, 2]",down,256
251,3350,"[4, 0, 0, 0, 16, 4, 0, 2, 256, 256, 4, 0, 2, 8, 4, 0]",left,256
252,3358,"[4, 4, 8, 2, 16, 256, 0, 0, 256, 8, 0, 0, 2, 0, 2, 0]",up,256
253,3358,"[4, 2, 0, 0, 16, 4, 0, 0, 256, 256, 8, 0, 2, 8, 2, 2]",down,256
254,3874,"[4, 2, 0, 0, 16, 4, 0, 0, 512, 8, 0, 0, 2, 8, 4, 2]",left,512
255,3890,"[4, 2, 4, 2, 16, 4, 0, 0, 512, 16, 0, 0, 2, 0, 2, 0]",up,512
256,3894,"[4, 2, 4, 2, 16, 4, 0, 2, 512, 16, 0, 0, 4, 0, 0, 0]",left,512
257,3898,"[4, 2, 4, 4, 16, 4, 0, 0, 512, 16, 0, 0, 4, 0, 0, 2]",up,512
258,3898,"[4, 0, 0, 2, 16, 2, 0, 0, 512, 4, 0, 4, 4, 16, 4, 2]",down,512
259,3906,"[0, 0, 4, 2, 0, 0, 16, 2, 0, 2, 512, 8, 4, 16, 4, 2]",right,512
260,3910,"[4, 2, 4, 4, 0, 16, 16, 8, 0, 0, 512, 2, 0, 2, 4, 0]",up,512
261,3950,"[0, 4, 2, 8, 2, 0, 32, 8, 0, 0, 512, 2, 0, 0, 2, 4]",right,512
262,3950,"[0, 4, 2, 8, 0, 2, 32, 8, 0, 0, 512, 2, 2, 0, 2, 4]",right,512
263,3966,"[2, 4, 2, 16, 4, 2, 32, 2, 0, 0, 512, 4, 0, 0, 2, 0]",up,512
264,3966,"[0, 0, 2, 0, 0, 4, 32, 16, 2, 4, 512, 2, 4, 2, 2, 4]",down,512
265,3970,"[2, 0, 0, 0, 4, 32, 16, 2, 2, 4, 512, 2, 4, 4, 4, 0]",left,512
266,3982,"[2, 32, 16, 4, 4, 8, 512, 0, 2, 2, 4, 0, 4, 0, 0, 0]",up,512
267,3986,"[2, 32, 16, 4, 4, 8, 512, 0, 4, 4, 0, 0, 4, 2, 0, 0]",left,512
268,3994,"[2, 32, 16, 4, 8, 8, 512, 0, 4, 4, 0, 0, 0, 2, 2, 0]",up,512
269,3994,"[2, 32, 16, 4, 8, 8, 512, 0, 4, 4, 2, 0, 0, 2, 2, 0]",up,512
270,3998,"[2, 32, 16, 4, 8, 8, 512, 0, 4, 4, 4, 0, 2, 2, 0, 0]",up,512
271,4026,"[2, 32, 16, 4, 0, 0, 16, 512, 0, 0, 4, 8, 2, 0, 0, 4]",right,512
272,4062,"[4, 32, 32, 4, 2, 0, 4, 512, 0, 0, 0, 8, 0, 0, 0, 4]",up,512
273,4062,"[2, 0, 0, 4, 0, 0, 0, 512, 4, 0, 32, 8, 2, 32, 4, 4]",down,512
274,4070,"[2, 4, 0, 0, 512, 0, 0, 0, 4, 32, 8, 2, 2, 32, 8, 0]",left,512
275,4150,"[2, 4, 16, 2, 512, 64, 0, 0, 4, 0, 0, 2, 2, 0, 0, 0]",up,512
276,4154,"[2, 4, 16, 4, 512, 64, 0, 0, 4, 4, 0, 0, 2, 0, 0, 0]",up,512
277,4162,"[2, 4, 16, 4, 512, 64, 0, 2, 8, 0, 0, 0, 2, 0, 0, 0]",left,512
278,4162,"[2, 0, 0, 0, 512, 0, 0, 0, 8, 4, 2, 4, 2, 64, 16, 2]",down,512
279,4162,"[0, 0, 0, 2, 2, 0, 0, 512, 8, 4, 2, 4, 2, 64, 16, 2]",right,512
280,4162,"[0, 0, 0, 2, 2, 0, 2, 512, 8, 4, 2, 4, 2, 64, 16, 2]",right,512
281,4164,"[0, 0, 2, 2, 2, 0, 0, 512, 8, 4, 4, 4, 2, 64, 16, 2]",down,512
282,4164,"[0, 4, 0, 2, 2, 0, 2, 512, 8, 4, 4, 4, 2, 64, 16, 2]",down,512
283,4172,"[2, 8, 2, 2, 8, 64, 4, 512, 2, 0, 16, 4, 0, 0, 2, 2]",up,512
284,4172,"[2, 0, 2, 2, 2, 0, 4, 512, 8, 8, 16, 4, 2, 64, 2, 2]",down,512
285,4174,"[0, 0, 2, 2, 4, 2, 4, 512, 8, 8, 16, 4, 2, 64, 2, 2]",down,512
286,4198,"[0, 0, 0, 4, 4, 2, 4, 512, 2, 16, 16, 4, 0, 2, 64, 4]",right,512
287,4230,"[0, 0, 2, 4, 4, 2, 4, 512, 0, 2, 32, 4, 0, 2, 64, 4]",right,512
288,4236,"[0, 2, 2, 0, 0, 0, 4, 4, 0, 2, 32, 512, 4, 4, 64, 8]",down,512
289,4240,"[4, 4, 2, 4, 0, 4, 4, 512, 0, 0, 32, 8, 0, 0, 64, 2]",up,512
290,4248,"[4, 8, 2, 4, 2, 0, 4, 512, 0, 0, 32, 8, 0, 0, 64, 2]",up,512
291,4248,"[0, 0, 2, 4, 0, 0, 4, 512, 4, 2, 32, 8, 2, 8, 64, 2]",down,512
292,4248,"[4, 2, 2, 4, 2, 8, 4, 512, 2, 0, 32, 8, 0, 0, 64, 2]",up,512
293,4252,"[4, 2, 2, 4, 4, 8, 4, 512, 0, 2, 32, 8, 0, 0, 64, 2]",up,512
294,4256,"[4, 4, 4, 0, 4, 8, 4, 512, 2, 32, 8, 2, 64, 2, 0, 0]",left,512
295,4264,"[0, 4, 0, 2, 8, 8, 0, 0, 2, 32, 8, 512, 64, 2, 8, 2]",down,512
296,4280,"[4, 2, 0, 0, 16, 0, 0, 2, 2, 32, 8, 512, 64, 2, 8, 2]",left,512
297,4280,"[0, 0, 4, 2, 2, 0, 16, 2, 2, 32, 8, 512, 64, 2, 8, 2]",right,512
298,4292,"[0, 0, 0, 0, 2, 0, 4, 4, 4, 32, 16, 512, 64, 2, 16, 2]",down,512
299,4324,"[2, 32, 4, 4, 4, 2, 32, 512, 64, 0, 0, 2, 0, 0, 0, 2]",up,512
300,4328,"[2, 32, 4, 4, 4, 2, 32, 512, 64, 0, 2, 4, 0, 0, 0, 0]",up,512
301,4328,"[0, 0, 2, 0, 2, 0, 4, 4, 4, 32, 32, 512, 64, 2, 2, 4]",down,512
302,4404,"[2, 0, 0, 0, 2, 8, 2, 0, 4, 64, 512, 0, 64, 4, 4, 0]",left,512
303,4408,"[4, 8, 2, 0, 4, 64, 512, 0, 64, 4, 4, 0, 0, 0, 0, 2]",up,512
304,4416,"[8, 8, 2, 2, 64, 64, 512, 0, 0, 4, 4, 0, 0, 2, 0, 0]",up,512
305,4416,"[0, 8, 2, 0, 0, 64, 2, 0, 8, 4, 512, 0, 64, 2, 4, 2]",down,512
306,4420,"[8, 8, 4, 2, 64, 64, 512, 2, 0, 4, 4, 0, 0, 2, 0, 0]",up,512
307,4424,"[8, 8, 4, 4, 64, 64, 512, 4, 0, 4, 4, 0, 0, 2, 0, 0]",up,512
308,4584,"[16, 8, 2, 0, 128, 512, 4, 0, 8, 0, 0, 0, 2, 0, 0, 0]",left,512
309,4584,"[16, 0, 0, 0, 128, 0, 2, 0, 8, 8, 2, 0, 2, 512, 4, 0]",down,512
310,4588,"[16, 8, 4, 0, 128, 512, 4, 2, 8, 0, 0, 0, 2, 0, 0, 0]",up,512
311,4596,"[16, 8, 8, 2, 128, 512, 0, 0, 8, 0, 0, 0, 2, 4, 0, 0]",up,512
312,4596,"[16, 8, 8, 2, 128, 512, 0, 0, 8, 4, 0, 0, 2, 0, 0, 2]",up,512
313,4616,"[16, 16, 2, 0, 128, 512, 0, 0, 8, 4, 0, 0, 4, 0, 2, 0]",left,512
314,4620,"[16, 16, 4, 0, 128, 512, 0, 0, 8, 4, 0, 0, 4, 2, 0, 0]",up,512
315,4620,"[16, 16, 0, 0, 128, 512, 2, 0, 8, 4, 0, 0, 4, 2, 4, 0]",down,512
316,4620,"[16, 16, 2, 2, 128, 512, 4, 0, 8, 4, 0, 0, 4, 2, 0, 0]",up,512
317,4656,"[0, 0, 32, 4, 0, 128, 512, 4, 0, 0, 8, 4, 2, 0, 4, 2]",right,512
318,4660,"[0, 0, 32, 2, 0, 0, 512, 4, 0, 0, 8, 8, 2, 128, 4, 2]",down,512
319,4660,"[2, 128, 32, 2, 0, 0, 512, 4, 0, 0, 8, 8, 2, 0, 4, 2]",up,512
320,4676,"[2, 128, 32, 2, 512, 4, 0, 0, 16, 4, 0, 0, 2, 4, 2, 0]",left,512
321,4684,"[2, 128, 32, 2, 512, 8, 2, 0, 16, 4, 0, 0, 2, 2, 0, 0]",up,512
322,4688,"[2, 128, 32, 2, 0, 512, 8, 2, 0, 0, 16, 4, 0, 0, 2, 4]",right,512
323,4700,"[2, 128, 32, 4, 0, 512, 8, 8, 0, 0, 16, 2, 0, 0, 2, 0]",up,512
324,4716,"[2, 128, 32, 4, 512, 16, 0, 0, 16, 2, 0, 0, 2, 2, 0, 0]",left,512
325,4720,"[2, 128, 32, 4, 512, 16, 0, 0, 16, 4, 4, 0, 2, 0, 0, 0]",up,512
326,4720,"[2, 128, 32, 4, 512, 16, 4, 0, 16, 4, 0, 0, 2, 0, 0, 2]",up,512
327,4724,"[2, 128, 32, 4, 512, 16, 4, 0, 16, 4, 2, 0, 4, 0, 0, 0]",left,512
328,4724,"[2, 0, 0, 0, 512, 128, 32, 0, 16, 16, 4, 2, 4, 4, 2, 4]",down,512
329,4724,"[2, 128, 32, 2, 512, 16, 4, 4, 16, 4, 2, 0, 4, 0, 0, 2]",up,512
330,4724,"[2, 0, 0, 2, 512, 128, 32, 2, 16, 16, 4, 4, 4, 4, 2, 2]",down,512
331,4780,"[0, 0, 0, 4, 512, 128, 32, 2, 4, 0, 32, 8, 0, 0, 8, 4]",right,512
332,4780,"[4, 0, 0, 0, 512, 128, 32, 2, 4, 32, 8, 0, 8, 4, 0, 2]",left,512
333,4784,"[4, 128, 32, 4, 512, 32, 8, 0, 4, 4, 2, 0, 8, 0, 0, 0]",up,512
334,4792,"[4, 128, 32, 4, 512, 32, 8, 0, 8, 2, 0, 0, 8, 0, 2, 0]",left,512
335,4808,"[4, 128, 32, 4, 512, 32, 8, 0, 16, 2, 2, 0, 0, 0, 0, 2]",up,512
336,4808,"[4, 128, 32, 4, 512, 32, 8, 2, 16, 2, 2, 0, 0, 0, 0, 2]",up,512
337,4812,"[4, 128, 32, 4, 512, 32, 8, 4, 16, 2, 2, 0, 0, 0, 2, 0]",up,512
338,4824,"[4, 128, 32, 8, 512, 32, 8, 0, 16, 2, 4, 0, 0, 0, 4, 0]",up,512
339,4832,"[4, 128, 32, 8, 512, 32, 8, 0, 16, 2, 8, 0, 0, 0, 0, 2]",up,512
340,4848,"[4, 128, 32, 8, 512, 32, 16, 2, 16, 2, 0, 0, 0, 2, 0, 0]",up,512
341,4852,"[4, 128, 32, 8, 512, 32, 16, 2, 16, 4, 0, 0, 0, 0, 0, 2]",up,512
342,4856,"[4, 128, 32, 8, 512, 32, 16, 4, 16, 4, 0, 0, 0, 0, 0, 2]",up,512
343,4856,"[4, 128, 32, 8, 512, 32, 16, 4, 16, 4, 0, 0, 2, 0, 2, 0]",left,512
344,4860,"[4, 128, 32, 8, 512, 32, 16, 4, 16, 4, 0, 0, 4, 0, 2, 0]",left,512
345,4860,"[4, 128, 32, 8, 512, 32, 16, 4, 16, 4, 0, 2, 4, 2, 0, 0]",left,512
346,4860,"[4, 128, 32, 8, 512, 32, 16, 4, 0, 16, 4, 2, 0, 2, 4, 2]",right,512
347,4872,"[4, 128, 32, 8, 512, 32, 16, 4, 0, 16, 8, 4, 0, 2, 2, 0]",up,512
348,4876,"[0, 128, 32, 0, 0, 32, 16, 2, 4, 16, 8, 8, 512, 2, 2, 8]",down,512
349,4896,"[128, 32, 0, 0, 32, 16, 2, 2, 4, 16, 16, 0, 512, 4, 8, 0]",left,512
350,4928,"[128, 32, 2, 2, 32, 32, 16, 0, 4, 4, 8, 0, 512, 0, 2, 0]",up,512
351,5004,"[128, 32, 4, 0, 64, 16, 0, 0, 8, 8, 2, 0, 512, 2, 0, 0]",left,512
352,5020,"[128, 32, 4, 0, 64, 16, 0, 0, 16, 2, 2, 0, 512, 2, 0, 0]",left,512
353,5022,"[128, 2, 0, 0, 64, 32, 0, 0, 16, 16, 4, 0, 512, 4, 2, 0]",down,512
354,5054,"[128, 2, 0, 0, 64, 32, 0, 0, 32, 4, 2, 0, 512, 4, 2, 0]",left,512
355,5060,"[128, 0, 0, 0, 64, 2, 0, 0, 32, 32, 0, 2, 512, 8, 4, 0]",down,512
356,5124,"[128, 0, 0, 0, 64, 2, 0, 0, 64, 2, 2, 0, 512, 8, 4, 0]",left,512
357,5128,"[0, 0, 0, 128, 0, 0, 64, 2, 0, 0, 64, 4, 2, 512, 8, 4]",right,512
358,5264,"[2, 512, 128, 128, 0, 0, 8, 2, 2, 0, 0, 8, 0, 0, 0, 0]",up,512
359,5268,"[4, 512, 128, 128, 0, 0, 8, 2, 2, 0, 0, 8, 0, 0, 0, 0]",up,512
360,5268,"[4, 512, 128, 128, 2, 0, 8, 2, 0, 0, 0, 8, 0, 0, 2, 0]",up,512
361,5268,"[4, 512, 128, 128, 2, 0, 8, 2, 0, 0, 2, 8, 0, 2, 0, 0]",up,512
362,5524,"[4, 512, 256, 0, 2, 8, 2, 2, 2, 8, 0, 0, 2, 0, 0, 0]",left,512
363,5544,"[4, 512, 256, 2, 4, 16, 2, 0, 2, 0, 0, 2, 0, 0, 0, 0]",up,512
364,5548,"[4, 512, 256, 2, 4, 16, 2, 0, 4, 0, 0, 0, 0, 2, 0, 0]",left,512
365,5552,"[0, 2, 0, 0, 0, 512, 0, 0, 4, 16, 256, 0, 8, 2, 2, 2]",down,512
366,5552,"[4, 2, 256, 2, 8, 512, 2, 0, 0, 16, 0, 0, 0, 2, 2, 0]",up,512
367,5556,"[4, 2, 256, 2, 8, 512, 2, 0, 16, 0, 0, 0, 4, 0, 2, 0]",left,512
368,5556,"[4, 2, 256, 2, 8, 512, 2, 0, 16, 0, 0, 2, 4, 2, 0, 0]",left,512
369,5556,"[4, 2, 256, 2, 0, 8, 512, 2, 0, 0, 16, 2, 0, 2, 4, 2]",right,512
370,5564,"[4, 2, 256, 4, 0, 8, 512, 4, 2, 2, 16, 0, 0, 0, 4, 0]",up,512
371,5568,"[4, 2, 256, 4, 8, 512, 4, 0, 4, 16, 0, 0, 4, 0, 0, 2]",left,512
372,5576,"[4, 2, 256, 4, 8, 512, 4, 2, 8, 16, 0, 0, 2, 0, 0, 0]",up,512
373,5592,"[4, 2, 256, 4, 16, 512, 4, 2, 2, 16, 0, 0, 0, 0, 2, 0]",up,512
374,5592,"[4, 2, 256, 4, 16, 512, 4, 2, 0, 0, 2, 16, 0, 2, 0, 2]",right,512
375,5592,"[4, 2, 256, 4, 16, 512, 4, 2, 0, 2, 2, 16, 0, 0, 2, 2]",up,512
376,5600,"[4, 2, 256, 4, 16, 512, 4, 2, 0, 0, 4, 16, 0, 2, 0, 4]",right,512
377,5608,"[4, 2, 256, 4, 16, 512, 8, 2, 0, 2, 0, 16, 0, 0, 2, 4]",up,512
378,5608,"[4, 2, 256, 4, 16, 512, 8, 2, 2, 16, 0, 2, 2, 4, 0, 0]",left,512
379,5616,"[4, 2, 256, 4, 16, 512, 8, 4, 4, 16, 0, 0, 0, 4, 0, 2]",up,512
380,5624,"[4, 2, 256, 8, 16, 512, 8, 2, 4, 16, 4, 0, 0, 4, 0, 0]",up,512
381,5624,"[0, 2, 0, 0, 4, 512, 256, 2, 16, 16, 8, 8, 4, 4, 4, 2]",down,512
382,5680,"[2, 0, 0, 0, 4, 512, 256, 2, 32, 16, 2, 0, 8, 4, 2, 0]",left,512
383,5682,"[2, 0, 0, 2, 4, 512, 0, 0, 32, 16, 256, 0, 8, 4, 4, 2]",down,512
384,5694,"[4, 2, 0, 0, 4, 512, 0, 0, 32, 16, 256, 0, 8, 8, 2, 0]",left,512
385,5698,"[0, 2, 0, 0, 8, 512, 0, 0, 32, 16, 256, 0, 8, 8, 2, 4]",down,512
386,5714,"[0, 0, 0, 2, 4, 0, 8, 512, 0, 32, 16, 256, 0, 16, 2, 4]",right,512
387,5714,"[4, 32, 8, 2, 0, 16, 16, 512, 0, 0, 2, 256, 0, 0, 2, 4]",up,512
388,5746,"[4, 32, 8, 2, 0, 0, 32, 512, 0, 0, 2, 256, 2, 0, 2, 4]",right,512
389,5750,"[4, 32, 8, 2, 2, 0, 32, 512, 0, 0, 4, 256, 2, 0, 0, 4]",up,512
390,5754,"[4, 32, 8, 2, 4, 0, 32, 512, 2, 0, 4, 256, 0, 0, 0, 4]",up,512
391,5762,"[8, 32, 8, 2, 2, 0, 32, 512, 2, 0, 4, 256, 0, 0, 0, 4]",up,512
392,5766,"[8, 32, 8, 2, 4, 0, 32, 512, 0, 2, 4, 256, 0, 0, 0, 4]",up,512
393,5766,"[8, 32, 8, 2, 4, 2, 32, 512, 0, 0, 4, 256, 0, 2, 0, 4]",up,512
394,5768,"[2, 0, 0, 2, 0, 0, 8, 512, 8, 32, 32, 256, 4, 4, 4, 4]",down,512
395,5852,"[4, 0, 0, 0, 8, 512, 0, 2, 8, 64, 256, 0, 8, 8, 0, 0]",left,512
396,5868,"[4, 512, 256, 2, 16, 64, 0, 2, 8, 8, 0, 0, 0, 0, 0, 0]",up,512
397,5872,"[4, 512, 256, 4, 16, 64, 0, 0, 8, 8, 0, 0, 0, 0, 2, 0]",up,512
398,5872,"[4, 512, 256, 4, 16, 64, 2, 0, 8, 8, 0, 0, 2, 0, 0, 0]",up,512
399,5888,"[4, 512, 256, 4, 16, 64, 2, 0, 16, 2, 0, 0, 2, 0, 0, 0]",left,512
400,5920,"[4, 512, 256, 4, 32, 64, 2, 4, 2, 2, 0, 0, 0, 0, 0, 0]",up,512
401,5928,"[4, 512, 256, 8, 32, 64, 2, 2, 2, 2, 0, 0, 0, 0, 0, 0]",up,512
402,5928,"[0, 0, 0, 0, 4, 512, 0, 2, 32, 64, 256, 8, 2, 2, 2, 2]",down,512
403,5936,"[0, 0, 0, 2, 4, 512, 2, 0, 32, 64, 256, 8, 4, 4, 0, 0]",left,512
404,5936,"[4, 512, 2, 2, 32, 64, 256, 8, 4, 4, 0, 0, 0, 0, 0, 4]",up,512
405,5936,"[0, 0, 0, 2, 4, 512, 0, 2, 32, 64, 2, 8, 4, 4, 256, 4]",down,512
406,5944,"[2, 0, 0, 2, 4, 512, 2, 0, 32, 64, 2, 8, 8, 256, 4, 0]",left,512
407,5948,"[4, 0, 0, 0, 4, 512, 2, 0, 32, 64, 2, 8, 8, 256, 4, 2]",left,512
408,5960,"[8, 512, 4, 8, 32, 64, 4, 2, 8, 256, 2, 0, 0, 0, 0, 0]",up,512
409,5960,"[8, 512, 4, 8, 32, 64, 4, 2, 0, 8, 256, 2, 0, 0, 2, 0]",right,512
410,5972,"[8, 512, 8, 8, 32, 64, 256, 4, 0, 8, 2, 0, 0, 2, 0, 0]",up,512
411,5972,"[0, 512, 0, 0, 2, 64, 8, 0, 8, 8, 256, 8, 32, 2, 2, 4]",down,512
412,5992,"[512, 0, 2, 0, 2, 64, 8, 0, 16, 256, 8, 0, 32, 4, 4, 0]",left,512
413,6000,"[512, 2, 0, 0, 2, 64, 8, 2, 16, 256, 8, 0, 32, 8, 0, 0]",left,512
414,6016,"[512, 2, 16, 2, 2, 64, 0, 0, 16, 256, 0, 0, 32, 8, 4, 0]",up,512
415,6016,"[512, 2, 16, 2, 2, 64, 4, 0, 16, 256, 0, 0, 32, 8, 2, 0]",up,512
416,6016,"[512, 2, 0, 0, 2, 64, 16, 0, 16, 256, 4, 2, 32, 8, 2, 2]",down,512
417,6020,"[512, 2, 0, 0, 2, 64, 16, 2, 16, 256, 4, 2, 32, 8, 4, 0]",left,512
418,6032,"[512, 2, 16, 4, 2, 64, 8, 0, 16, 256, 0, 0, 32, 8, 0, 2]",up,512
419,6032,"[512, 2, 0, 2, 2, 64, 0, 0, 16, 256, 16, 4, 32, 8, 8, 2]",down,512
420,6032,"[512, 2, 2, 0, 2, 64, 0, 2, 16, 256, 16, 4, 32, 8, 8, 2]",down,512
421,6052,"[2, 0, 512, 4, 0, 2, 64, 2, 16, 256, 16, 4, 0, 32, 16, 2]",right,512
422,6052,"[0, 2, 512, 4, 2, 2, 64, 2, 16, 256, 16, 4, 0, 32, 16, 2]",right,512
423,6088,"[2, 4, 512, 4, 16, 256, 64, 2, 0, 32, 32, 4, 0, 2, 0, 2]",up,512
424,6088,"[0, 4, 2, 4, 0, 256, 512, 2, 2, 32, 64, 4, 16, 2, 32, 2]",down,512
425,6088,"[2, 4, 2, 4, 16, 256, 512, 2, 2, 32, 64, 4, 0, 2, 32, 2]",up,512
426,6088,"[2, 4, 2, 4, 2, 256, 512, 2, 16, 32, 64, 4, 2, 2, 32, 2]",down,512
427,6092,"[4, 4, 2, 4, 16, 256, 512, 2, 2, 32, 64, 4, 2, 2, 32, 2]",up,512
428,6096,"[4, 4, 2, 4, 16, 256, 512, 2, 4, 32, 64, 4, 4, 2, 32, 2]",up,512
429,6104,"[4, 4, 2, 4, 16, 256, 512, 2, 8, 32, 64, 4, 2, 2, 32, 2]",up,512
430,6116,"[8, 2, 4, 2, 16, 256, 512, 2, 8, 32, 64, 4, 4, 32, 2, 0]",left,512
431,6184,"[8, 2, 4, 4, 16, 256, 512, 4, 8, 64, 64, 0, 4, 2, 2, 0]",up,512
432,6324,"[8, 2, 8, 2, 16, 256, 512, 4, 8, 128, 0, 0, 4, 4, 0, 0]",left,512
433,6332,"[8, 2, 8, 2, 16, 256, 512, 4, 8, 128, 0, 0, 8, 0, 0, 2]",left,512
434,6340,"[0, 0, 0, 0, 8, 2, 2, 2, 16, 256, 8, 4, 16, 128, 512, 2]",down,512
435,6344,"[2, 0, 0, 0, 0, 8, 2, 4, 16, 256, 8, 4, 16, 128, 512, 2]",right,512
436,6344,"[2, 2, 0, 0, 8, 2, 4, 0, 16, 256, 8, 4, 16, 128, 512, 2]",left,512
437,6380,"[2, 4, 4, 4, 8, 256, 8, 2, 32, 128, 512, 2, 0, 0, 0, 0]",up,512
438,6384,"[2, 4, 4, 4, 8, 256, 8, 4, 32, 128, 512, 2, 0, 0, 0, 0]",up,512
439,6392,"[2, 4, 4, 8, 8, 256, 8, 2, 32, 128, 512, 0, 2, 0, 0, 0]",up,512
440,6392,"[2, 0, 2, 0, 8, 4, 4, 0, 32, 256, 8, 8, 2, 128, 512, 2]",down,512
441,6420,"[4, 0, 0, 0, 8, 8, 2, 0, 32, 256, 16, 0, 2, 128, 512, 2]",left,512
442,6420,"[4, 8, 2, 2, 8, 256, 16, 0, 32, 128, 512, 0, 2, 2, 0, 0]",up,512
443,6428,"[4, 8, 4, 0, 8, 256, 16, 0, 32, 128, 512, 0, 4, 0, 0, 2]",left,512
444,6428,"[4, 8, 4, 2, 8, 256, 16, 0, 32, 128, 512, 2, 4, 0, 0, 0]",up,512
445,6432,"[4, 8, 4, 4, 8, 256, 16, 0, 32, 128, 512, 0, 4, 0, 0, 4]",up,512
446,6448,"[4, 8, 8, 0, 8, 256, 16, 2, 32, 128, 512, 0, 8, 0, 0, 0]",left,512
447,6448,"[4, 8, 8, 2, 8, 256, 16, 0, 32, 128, 512, 0, 8, 0, 4, 0]",up,512
448,6448,"[4, 2, 8, 0, 8, 8, 16, 0, 32, 256, 512, 0, 8, 128, 4, 2]",down,512
449,6448,"[4, 2, 8, 2, 8, 8, 16, 0, 32, 256, 512, 0, 8, 128, 4, 2]",up,512
450,6450,"[4, 2, 8, 0, 8, 8, 16, 0, 32, 256, 512, 2, 8, 128, 4, 4]",down,512
451,6474,"[4, 2, 8, 0, 16, 16, 0, 0, 32, 256, 512, 2, 8, 128, 8, 2]",left,512
452,6478,"[4, 2, 8, 4, 16, 16, 512, 0, 32, 256, 8, 0, 8, 128, 4, 0]",up,512
453,6478,"[4, 2, 8, 0, 16, 16, 512, 0, 32, 256, 8, 2, 8, 128, 4, 4]",down,512
454,6478,"[4, 2, 8, 2, 16, 16, 512, 4, 32, 256, 8, 0, 8, 128, 4, 2]",up,512
455,6510,"[4, 2, 8, 2, 32, 512, 4, 2, 32, 256, 8, 0, 8, 128, 4, 2]",left,512
456,6544,"[2, 2, 8, 0, 4, 512, 4, 0, 64, 256, 8, 2, 8, 128, 4, 4]",down,512
457,6544,"[2, 2, 8, 2, 4, 512, 4, 4, 64, 256, 8, 0, 8, 128, 4, 2]",up,512
458,6544,"[2, 2, 8, 2, 4, 512, 4, 4, 64, 256, 8, 2, 8, 128, 4, 2]",up,512
459,6548,"[2, 2, 8, 2, 4, 512, 4, 4, 64, 256, 8, 4, 8, 128, 4, 2]",up,512
460,6552,"[2, 2, 8, 2, 4, 512, 4, 2, 64, 256, 8, 8, 8, 128, 4, 2]",down,512
461,6556,"[2, 2, 8, 4, 4, 512, 4, 8, 64, 256, 8, 2, 8, 128, 4, 2]",up,512
462,6560,"[2, 2, 8, 4, 4, 512, 4, 8, 64, 256, 8, 4, 8, 128, 4, 2]",up,512
463,6564,"[4, 8, 4, 2, 4, 512, 4, 8, 64, 256, 8, 4, 8, 128, 4, 2]",left,512
464,6580,"[8, 8, 8, 2, 64, 512, 8, 8, 8, 256, 4, 4, 2, 128, 0, 2]",up,512
465,6596,"[8, 8, 16, 2, 64, 512, 4, 8, 8, 256, 0, 4, 2, 128, 2, 2]",up,512
466,6596,"[8, 8, 16, 2, 64, 512, 4, 8, 8, 256, 2, 4, 2, 128, 2, 2]",up,512
467,6616,"[0, 16, 16, 2, 64, 512, 4, 8, 8, 256, 2, 4, 2, 2, 128, 4]",right,512
468,6624,"[64, 16, 16, 2, 8, 512, 4, 8, 2, 256, 2, 8, 2, 2, 128, 0]",up,512
469,6644,"[64, 16, 16, 2, 8, 512, 4, 16, 4, 256, 2, 2, 0, 2, 128, 0]",up,512
470,6644,"[2, 16, 16, 0, 64, 512, 4, 2, 8, 256, 2, 16, 4, 2, 128, 2]",down,512
471,6644,"[2, 16, 16, 2, 64, 512, 4, 16, 8, 256, 2, 2, 4, 2, 128, 2]",up,512
472,6648,"[2, 16, 16, 2, 64, 512, 4, 16, 8, 256, 2, 4, 4, 2, 128, 2]",up,512
473,6680,"[2, 32, 2, 2, 64, 512, 4, 16, 8, 256, 2, 4, 4, 2, 128, 2]",left,512
474,6684,"[2, 32, 4, 2, 64, 512, 4, 16, 8, 256, 2, 4, 4, 2, 128, 2]",left,512
475,6692,"[2, 32, 8, 2, 64, 512, 2, 16, 8, 256, 128, 4, 4, 2, 2, 2]",up,512
476,6696,"[2, 32, 8, 2, 64, 512, 2, 16, 8, 256, 128, 4, 4, 4, 2, 2]",left,512
477,6708,"[2, 32, 8, 2, 64, 512, 2, 16, 8, 256, 128, 4, 0, 2, 8, 4]",right,512
478,6716,"[2, 32, 8, 2, 64, 512, 2, 16, 8, 256, 128, 8, 0, 2, 8, 4]",up,512
479,6716,"[2, 32, 8, 2, 2, 512, 2, 16, 64, 256, 128, 8, 8, 2, 8, 4]",down,512
480,6720,"[4, 32, 8, 2, 64, 512, 2, 16, 8, 256, 128, 8, 2, 2, 8, 4]",up,512
481,6724,"[4, 32, 8, 2, 64, 512, 2, 16, 8, 256, 128, 8, 4, 8, 4, 2]",left,512
1,0,"[4, 0, 0, 0, 0, 0, 0, 0, 0, 0, 0, 0, 0, 0, 2, 0]",up,4
2,0,"[4, 0, 2, 0, 0, 0, 2, 0, 0, 0, 0, 0, 0, 0, 0, 0]",up,4
3,4,"[4, 0, 4, 0, 0, 0, 0, 0, 0, 2, 0, 0, 0, 0, 0, 0]",up,4
4,4,"[4, 2, 4, 0, 0, 0, 0, 0, 0, 0, 2, 0, 0, 0, 0, 0]",up,4
5,4,"[4, 2, 4, 0, 0, 0, 2, 2, 0, 0, 0, 0, 0, 0, 0, 0]",up,4
6,4,"[4, 2, 4, 2, 0, 0, 2, 0, 0, 0, 0, 0, 2, 0, 0, 0]",up,4
7,4,"[4, 2, 4, 2, 2, 0, 2, 0, 0, 0, 0, 0, 2, 0, 0, 0]",up,4
8,8,"[4, 2, 4, 2, 4, 0, 2, 0, 0, 0, 0, 0, 0, 0, 0, 2]",up,4
9,20,"[8, 2, 4, 4, 0, 0, 2, 0, 0, 0, 0, 0, 2, 0, 0, 0]",up,8
10,20,"[8, 2, 4, 4, 2, 0, 2, 0, 0, 4, 0, 0, 0, 0, 0, 0]",up,8
11,20,"[8, 2, 4, 4, 2, 4, 2, 0, 2, 0, 0, 0, 0, 0, 0, 0]",up,8
12,24,"[8, 2, 4, 4, 4, 4, 2, 2, 0, 0, 0, 0, 0, 0, 0, 0]",up,8
13,24,"[2, 0, 0, 0, 0, 0, 0, 0, 8, 2, 4, 4, 4, 4, 2, 2]",down,8
14,24,"[2, 2, 4, 4, 8, 4, 2, 2, 4, 2, 0, 0, 0, 0, 0, 0]",up,8
15,24,"[0, 0, 0, 0, 2, 2, 0, 2, 8, 4, 4, 4, 4, 2, 2, 2]",down,8
16,24,"[2, 2, 4, 2, 8, 4, 2, 4, 4, 2, 0, 2, 0, 0, 2, 0]",up,8
17,28,"[2, 2, 4, 2, 8, 4, 4, 4, 4, 2, 0, 2, 0, 0, 0, 2]",up,8
18,40,"[2, 2, 8, 2, 8, 4, 0, 4, 4, 2, 0, 4, 0, 2, 0, 0]",up,8
19,52,"[2, 2, 8, 2, 8, 4, 0, 8, 4, 4, 0, 0, 0, 2, 0, 0]",up,8
20,60,"[2, 2, 8, 2, 8, 8, 0, 8, 4, 2, 0, 2, 0, 0, 0, 0]",up,8
21,60,"[0, 0, 0, 0, 2, 2, 0, 2, 8, 8, 2, 8, 4, 2, 8, 2]",down,8
22,60,"[2, 2, 2, 2, 8, 8, 8, 8, 4, 2, 0, 2, 0, 0, 2, 0]",up,8
23,60,"[2, 2, 2, 2, 8, 8, 8, 8, 4, 2, 2, 2, 2, 0, 0, 0]",up,8
24,60,"[2, 0, 0, 2, 8, 2, 2, 2, 4, 8, 8, 8, 2, 2, 2, 2]",down,8
25,64,"[2, 2, 2, 4, 8, 8, 8, 8, 4, 2, 2, 2, 2, 2, 0, 0]",up,8
26,68,"[2, 2, 2, 4, 8, 8, 8, 8, 4, 4, 2, 2, 2, 2, 0, 0]",up,8
27,68,"[2, 2, 0, 2, 8, 8, 2, 4, 4, 4, 8, 8, 2, 2, 2, 2]",down,8
28,68,"[2, 2, 2, 2, 8, 8, 8, 4, 4, 4, 2, 8, 2, 2, 2, 2]",up,8
29,72,"[2, 2, 2, 2, 8, 8, 8, 4, 4, 4, 4, 8, 2, 2, 4, 2]",up,8
30,80,"[2, 2, 2, 2, 8, 8, 8, 4, 4, 4, 8, 8, 2, 2, 2, 2]",up,8
31,96,"[2, 2, 2, 2, 8, 8, 16, 4, 4, 4, 2, 8, 2, 2, 4, 2]",up,16
32,132,"[4, 4, 2, 0, 16, 16, 4, 0, 8, 2, 8, 0, 4, 4, 2, 0]",left,16
33,180,"[8, 2, 0, 2, 32, 4, 0, 0, 8, 2, 8, 0, 8, 2, 0, 0]",left,32
34,200,"[8, 2, 8, 2, 32, 4, 0, 0, 16, 4, 0, 0, 0, 0, 2, 0]",up,32
35,208,"[8, 2, 8, 2, 32, 8, 2, 0, 16, 0, 0, 0, 0, 2, 0, 0]",up,32
36,208,"[8, 2, 8, 2, 32, 8, 2, 0, 16, 2, 0, 0, 0, 0, 2, 0]",up,32
37,212,"[8, 2, 8, 2, 32, 8, 4, 2, 16, 2, 0, 0, 0, 0, 0, 0]",up,32
38,216,"[8, 2, 8, 4, 32, 8, 4, 0, 16, 2, 0, 0, 0, 0, 2, 0]",up,32
39,216,"[8, 2, 8, 4, 32, 8, 4, 2, 16, 2, 2, 0, 0, 0, 0, 0]",up,32
40,216,"[0, 0, 0, 0, 8, 2, 8, 2, 32, 8, 4, 4, 16, 2, 2, 2]",down,32
41,216,"[8, 2, 8, 2, 32, 8, 4, 4, 16, 2, 2, 2, 0, 0, 2, 0]",up,32
42,220,"[8, 2, 8, 2, 32, 8, 4, 4, 16, 2, 4, 2, 2, 0, 0, 0]",up,32
43,228,"[8, 2, 8, 2, 32, 8, 8, 4, 16, 2, 2, 2, 2, 0, 0, 0]",up,32
44,244,"[8, 2, 16, 2, 32, 8, 2, 4, 16, 2, 0, 2, 2, 0, 0, 2]",up,32
45,248,"[8, 2, 16, 2, 32, 8, 2, 4, 16, 2, 0, 4, 2, 2, 0, 0]",up,32
46,260,"[8, 2, 16, 2, 32, 8, 2, 8, 16, 4, 0, 2, 2, 0, 0, 0]",up,32
47,260,"[8, 0, 2, 0, 32, 2, 0, 2, 16, 8, 16, 8, 2, 4, 2, 2]",down,32
48,260,"[8, 2, 2, 2, 32, 8, 16, 8, 16, 4, 2, 2, 2, 0, 0, 2]",up,32
49,264,"[8, 2, 2, 2, 32, 8, 16, 8, 16, 4, 2, 4, 2, 0, 2, 0]",up,32
50,268,"[8, 2, 2, 2, 32, 8, 16, 8, 16, 4, 4, 4, 2, 0, 4, 0]",up,32
51,276,"[8, 2, 2, 2, 32, 8, 16, 8, 16, 4, 8, 4, 2, 0, 2, 0]",up,32
52,276,"[8, 0, 2, 2, 32, 2, 16, 2, 16, 8, 8, 8, 2, 4, 2, 4]",down,32
53,280,"[8, 2, 2, 4, 32, 8, 16, 8, 16, 4, 8, 4, 2, 2, 2, 0]",up,32
54,280,"[8, 2, 2, 2, 32, 8, 16, 4, 16, 4, 8, 8, 2, 2, 2, 4]",down,32
55,304,"[8, 4, 2, 0, 32, 8, 16, 4, 16, 4, 16, 0, 4, 2, 4, 2]",left,32
56,336,"[8, 4, 2, 4, 32, 8, 32, 2, 16, 4, 4, 0, 4, 2, 2, 0]",up,32
57,336,"[8, 4, 2, 0, 32, 8, 32, 2, 16, 4, 4, 4, 4, 2, 2, 2]",down,32
58,336,"[8, 4, 2, 2, 32, 8, 32, 4, 16, 4, 4, 2, 4, 2, 2, 2]",up,32
59,340,"[8, 4, 2, 2, 32, 8, 32, 4, 16, 4, 4, 4, 4, 2, 2, 2]",up,32
60,348,"[8, 4, 2, 2, 32, 8, 32, 8, 16, 4, 4, 2, 4, 2, 2, 2]",up,32
61,352,"[8, 4, 2, 2, 32, 8, 32, 8, 16, 4, 4, 4, 4, 2, 2, 2]",up,32
62,368,"[8, 4, 4, 0, 32, 8, 32, 8, 16, 8, 4, 0, 4, 4, 2, 2]",left,32
63,384,"[8, 4, 4, 8, 32, 16, 32, 2, 16, 4, 4, 0, 4, 0, 2, 4]",up,32
64,384,"[8, 4, 4, 8, 32, 16, 32, 2, 16, 4, 4, 4, 4, 0, 2, 2]",up,32
65,384,"[8, 2, 4, 8, 32, 4, 32, 2, 16, 16, 4, 4, 4, 4, 2, 2]",down,32
66,436,"[8, 2, 4, 8, 32, 4, 32, 2, 32, 8, 0, 2, 8, 4, 0, 0]",left,32
67,504,"[8, 2, 4, 8, 64, 4, 32, 4, 8, 8, 0, 0, 0, 4, 0, 2]",up,64
68,504,"[8, 2, 4, 8, 64, 4, 32, 4, 8, 8, 2, 2, 0, 4, 0, 0]",up,64
69,504,"[0, 2, 2, 0, 8, 4, 4, 8, 64, 8, 32, 4, 8, 4, 2, 2]",down,64
70,504,"[8, 2, 2, 8, 64, 4, 4, 4, 8, 8, 32, 2, 2, 4, 2, 0]",up,64
71,504,"[8, 2, 2, 2, 64, 4, 4, 8, 8, 8, 32, 4, 2, 4, 2, 2]",down,64
72,536,"[8, 4, 2, 2, 64, 8, 8, 0, 16, 32, 4, 0, 2, 4, 4, 0]",left,64
73,544,"[8, 4, 2, 2, 64, 8, 8, 0, 16, 32, 8, 2, 2, 4, 0, 0]",up,64
74,564,"[8, 4, 2, 4, 64, 8, 16, 4, 16, 32, 0, 0, 2, 4, 0, 0]",up,64
75,572,"[8, 4, 2, 8, 64, 8, 16, 0, 16, 32, 2, 0, 2, 4, 0, 0]",up,64
76,572,"[8, 4, 0, 0, 64, 8, 2, 2, 16, 32, 16, 0, 2, 4, 2, 8]",down,64
77,572,"[8, 4, 2, 2, 64, 8, 16, 8, 16, 32, 2, 2, 2, 4, 0, 0]",up,64
78,572,"[8, 4, 0, 2, 64, 8, 2, 2, 16, 32, 16, 8, 2, 4, 2, 2]",down,64
79,576,"[8, 4, 2, 4, 64, 8, 16, 8, 16, 32, 2, 2, 2, 4, 2, 0]",up,64
80,580,"[8, 4, 2, 4, 64, 8, 16, 8, 16, 32, 4, 2, 2, 4, 0, 2]",up,64
81,584,"[8, 4, 2, 4, 64, 8, 16, 8, 16, 32, 4, 4, 2, 4, 0, 2]",up,64
82,584,"[8, 4, 2, 4, 64, 8, 2, 8, 16, 32, 16, 4, 2, 4, 4, 2]",down,64
83,588,"[8, 4, 4, 4, 64, 8, 16, 8, 16, 32, 4, 4, 2, 4, 2, 2]",up,64
84,608,"[8, 8, 4, 0, 64, 8, 16, 8, 16, 32, 8, 2, 2, 4, 4, 0]",left,64
85,624,"[8, 16, 4, 8, 64, 32, 16, 2, 16, 4, 8, 0, 2, 2, 4, 0]",up,64
86,624,"[8, 16, 4, 0, 64, 32, 16, 2, 16, 4, 8, 8, 2, 2, 4, 2]",down,64
87,624,"[8, 16, 4, 2, 64, 32, 16, 8, 16, 4, 8, 2, 2, 2, 4, 2]",up,64
88,628,"[8, 16, 4, 2, 64, 32, 16, 8, 16, 4, 8, 4, 2, 2, 4, 4]",up,64
89,636,"[8, 16, 4, 2, 64, 32, 16, 8, 16, 4, 8, 8, 2, 2, 4, 2]",up,64
90,652,"[8, 16, 4, 2, 64, 32, 16, 16, 16, 4, 8, 2, 2, 2, 4, 2]",up,64
91,656,"[8, 16, 4, 2, 64, 32, 16, 16, 16, 4, 8, 4, 2, 2, 4, 2]",up,64
92,692,"[8, 16, 4, 2, 64, 32, 32, 2, 16, 4, 8, 4, 4, 4, 2, 0]",left,64
93,704,"[8, 16, 4, 4, 64, 32, 32, 4, 16, 8, 8, 0, 4, 2, 2, 0]",up,64
94,712,"[8, 16, 4, 8, 64, 32, 32, 0, 16, 8, 8, 0, 4, 2, 2, 2]",up,64
95,712,"[8, 16, 4, 8, 64, 32, 32, 2, 16, 8, 8, 2, 4, 2, 2, 0]",up,64
96,716,"[8, 16, 4, 8, 64, 32, 32, 4, 16, 8, 8, 0, 4, 2, 2, 2]",up,64
97,716,"[8, 16, 4, 8, 64, 32, 32, 4, 16, 8, 8, 2, 4, 2, 2, 2]",up,64
98,720,"[8, 16, 4, 8, 64, 32, 32, 4, 16, 8, 8, 4, 4, 2, 2, 2]",up,64
99,728,"[8, 16, 4, 8, 64, 32, 32, 8, 16, 8, 8, 2, 4, 2, 2, 2]",up,64
100,748,"[8, 16, 4, 16, 64, 32, 32, 4, 16, 8, 8, 2, 4, 2, 2, 0]",up,64
101,748,"[8, 16, 4, 2, 64, 32, 32, 16, 16, 8, 8, 4, 4, 2, 2, 2]",down,64
102,832,"[8, 16, 4, 2, 64, 64, 16, 2, 16, 16, 4, 0, 4, 4, 2, 0]",left,64
103,836,"[8, 16, 4, 4, 64, 64, 16, 0, 16, 16, 4, 2, 4, 4, 2, 0]",up,64
104,836,"[8, 16, 4, 4, 64, 64, 16, 2, 16, 16, 4, 2, 4, 4, 2, 0]",up,64
105,840,"[8, 16, 4, 4, 64, 64, 16, 4, 16, 16, 4, 0, 4, 4, 2, 2]",up,64
106,848,"[8, 16, 4, 8, 64, 64, 16, 2, 16, 16, 4, 2, 4, 4, 2, 0]",up,64
107,852,"[8, 16, 4, 8, 64, 64, 16, 4, 16, 16, 4, 4, 4, 4, 2, 0]",up,64
108,860,"[8, 16, 4, 8, 64, 64, 16, 8, 16, 16, 4, 4, 4, 4, 2, 0]",up,64
109,876,"[8, 16, 4, 16, 64, 64, 16, 4, 16, 16, 4, 0, 4, 4, 2, 2]",up,64
110,876,"[8, 16, 4, 16, 64, 64, 16, 4, 16, 16, 4, 2, 4, 4, 2, 2]",up,64
111,880,"[8, 16, 4, 16, 64, 64, 16, 4, 16, 16, 4, 4, 4, 4, 2, 2]",up,64
112,888,"[8, 16, 4, 16, 64, 64, 16, 8, 16, 16, 4, 2, 4, 4, 2, 2]",up,64
113,892,"[8, 16, 4, 16, 64, 64, 16, 8, 16, 16, 4, 4, 4, 4, 2, 4]",up,64
114,900,"[8, 16, 4, 16, 64, 64, 16, 8, 16, 16, 4, 8, 4, 4, 2, 2]",up,64
115,916,"[8, 16, 4, 16, 64, 64, 16, 16, 16, 16, 4, 2, 4, 4, 2, 2]",up,64
116,952,"[8, 16, 4, 32, 64, 64, 16, 4, 16, 16, 4, 0, 4, 4, 2, 2]",up,64
117,952,"[8, 16, 4, 32, 64, 64, 16, 4, 16, 16, 4, 2, 4, 4, 2, 2]",up,64
118,956,"[8, 16, 4, 32, 64, 64, 16, 4, 16, 16, 4, 4, 4, 4, 2, 4]",up,64
119,964,"[8, 16, 4, 32, 64, 64, 16, 8, 16, 16, 4, 4, 4, 4, 2, 2]",up,64
120,1144,"[8, 16, 4, 32, 128, 16, 8, 2, 32, 8, 0, 0, 8, 4, 0, 0]",left,128
121,1176,"[8, 32, 4, 32, 128, 8, 8, 2, 32, 4, 0, 2, 8, 0, 0, 0]",up,128
122,1180,"[8, 32, 4, 32, 128, 8, 8, 4, 32, 4, 0, 0, 8, 0, 0, 2]",up,128
123,1180,"[8, 32, 4, 32, 128, 8, 8, 4, 32, 4, 0, 2, 8, 0, 2, 0]",up,128
124,1180,"[8, 32, 4, 32, 128, 8, 8, 4, 32, 4, 2, 2, 8, 2, 0, 0]",up,128
125,1180,"[8, 32, 2, 0, 128, 8, 4, 32, 32, 4, 8, 4, 8, 2, 2, 2]",down,128
126,1180,"[8, 32, 2, 32, 128, 8, 4, 4, 32, 4, 8, 2, 8, 2, 2, 2]",up,128
127,1184,"[8, 32, 2, 32, 128, 8, 4, 4, 32, 4, 8, 4, 8, 2, 2, 2]",up,128
128,1192,"[8, 32, 2, 32, 128, 8, 4, 8, 32, 4, 8, 2, 8, 2, 2, 2]",up,128
129,1196,"[8, 32, 2, 32, 128, 8, 4, 8, 32, 4, 8, 4, 8, 2, 2, 2]",up,128
130,1200,"[8, 32, 2, 32, 128, 8, 4, 8, 32, 4, 8, 4, 8, 4, 2, 2]",left,128
131,1208,"[8, 32, 2, 32, 128, 8, 4, 8, 32, 8, 8, 4, 8, 2, 2, 2]",up,128
132,1224,"[8, 32, 2, 32, 128, 16, 4, 8, 32, 2, 8, 4, 8, 2, 2, 2]",up,128
133,1228,"[8, 32, 2, 32, 128, 16, 4, 8, 32, 4, 8, 4, 8, 4, 2, 2]",up,128
134,1236,"[8, 32, 2, 32, 128, 16, 4, 8, 32, 8, 8, 4, 8, 2, 2, 2]",up,128
135,1256,"[8, 32, 2, 32, 128, 16, 4, 8, 32, 16, 4, 0, 8, 4, 2, 2]",left,128
136,1296,"[8, 32, 2, 32, 128, 32, 8, 8, 32, 4, 2, 2, 8, 2, 0, 0]",up,128
137,1360,"[8, 64, 2, 32, 128, 4, 8, 8, 32, 2, 2, 2, 8, 4, 0, 0]",up,128
138,1360,"[8, 64, 0, 2, 128, 4, 2, 32, 32, 2, 8, 8, 8, 4, 2, 2]",down,128
139,1360,"[8, 64, 2, 2, 128, 4, 8, 32, 32, 2, 2, 8, 8, 4, 2, 2]",up,128
140,1364,"[8, 64, 2, 2, 128, 4, 8, 32, 32, 2, 4, 8, 8, 4, 2, 2]",up,128
141,1372,"[8, 64, 4, 2, 128, 4, 8, 32, 32, 2, 4, 8, 8, 4, 4, 0]",left,128
142,1380,"[8, 64, 4, 2, 128, 4, 8, 32, 32, 2, 8, 8, 8, 4, 2, 0]",up,128
143,1396,"[8, 64, 4, 2, 128, 4, 16, 32, 32, 2, 2, 8, 8, 4, 0, 2]",up,128
144,1396,"[8, 64, 2, 2, 128, 4, 4, 32, 32, 2, 16, 8, 8, 4, 2, 2]",down,128
145,1412,"[8, 64, 4, 0, 128, 8, 32, 0, 32, 2, 16, 8, 8, 4, 4, 2]",left,128
146,1412,"[8, 64, 4, 8, 128, 8, 32, 2, 32, 2, 16, 4, 8, 4, 4, 0]",up,128
147,1412,"[8, 64, 4, 2, 128, 8, 32, 8, 32, 2, 16, 2, 8, 4, 4, 4]",down,128
148,1420,"[8, 64, 4, 2, 128, 8, 32, 8, 32, 2, 16, 2, 8, 8, 4, 2]",left,128
149,1424,"[8, 64, 4, 2, 128, 8, 32, 8, 32, 2, 16, 4, 8, 8, 4, 2]",up,128
150,1440,"[8, 64, 4, 2, 128, 8, 32, 8, 32, 2, 16, 4, 16, 4, 2, 2]",left,128
151,1444,"[8, 64, 4, 2, 128, 8, 32, 8, 32, 2, 16, 4, 16, 4, 4, 2]",left,128
152,1452,"[8, 64, 4, 2, 128, 8, 32, 8, 32, 2, 16, 4, 16, 8, 2, 4]",left,128
153,1460,"[8, 64, 4, 2, 128, 8, 32, 8, 32, 2, 16, 8, 16, 8, 2, 2]",up,128
154,1476,"[8, 64, 4, 2, 128, 8, 32, 16, 32, 2, 16, 2, 16, 8, 2, 2]",up,128
155,1480,"[8, 64, 4, 2, 128, 8, 32, 16, 32, 2, 16, 4, 16, 8, 2, 2]",up,128
156,1484,"[8, 64, 4, 2, 128, 8, 32, 16, 32, 2, 16, 4, 16, 8, 4, 4]",left,128
157,1492,"[8, 64, 4, 2, 128, 8, 32, 16, 32, 2, 16, 8, 16, 8, 4, 2]",up,128
1,0,"[4, 0, 0, 0, 0, 0, 0, 0, 0, 0, 0, 0, 0, 0, 2, 0]",up,4
2,0,"[4, 0, 2, 0, 0, 0, 2, 0, 0, 0, 0, 0, 0, 0, 0, 0]",up,4
3,4,"[4, 0, 4, 0, 0, 0, 0, 0, 0, 2, 0, 0, 0, 0, 0, 0]",up,4
4,12,"[8, 0, 0, 0, 0, 0, 0, 0, 2, 2, 0, 0, 0, 0, 0, 0]",left,8
5,12,"[8, 2, 0, 0, 2, 0, 0, 0, 0, 0, 0, 0, 0, 0, 0, 2]",up,8
6,12,"[8, 2, 0, 2, 2, 2, 0, 0, 0, 0, 0, 0, 0, 0, 0, 0]",up,8
7,16,"[8, 4, 2, 2, 2, 0, 0, 0, 0, 0, 0, 0, 0, 0, 0, 0]",up,8
8,16,"[0, 0, 0, 0, 0, 0, 4, 0, 8, 0, 0, 0, 2, 4, 2, 2]",down,8
9,16,"[8, 4, 4, 2, 2, 2, 2, 0, 0, 0, 0, 0, 0, 0, 0, 0]",up,8
10,16,"[0, 0, 0, 0, 2, 0, 0, 0, 8, 4, 4, 0, 2, 2, 2, 2]",down,8
11,16,"[2, 4, 4, 2, 8, 2, 2, 0, 2, 2, 0, 0, 0, 0, 0, 0]",up,8
12,18,"[2, 0, 0, 0, 2, 0, 0, 0, 8, 4, 4, 0, 2, 4, 2, 2]",down,8
13,30,"[4, 8, 4, 2, 8, 2, 2, 0, 2, 0, 0, 0, 0, 0, 0, 0]",up,8
14,30,"[2, 0, 0, 0, 4, 0, 0, 0, 8, 8, 4, 0, 2, 2, 2, 2]",down,8
15,54,"[2, 0, 0, 0, 4, 2, 0, 0, 16, 4, 0, 0, 4, 4, 0, 0]",left,16
16,62,"[2, 2, 2, 0, 4, 8, 0, 0, 16, 0, 0, 0, 4, 0, 0, 0]",up,16
17,66,"[4, 2, 0, 0, 4, 8, 0, 2, 16, 0, 0, 0, 4, 0, 0, 0]",left,16
18,74,"[8, 2, 0, 2, 16, 8, 0, 0, 4, 0, 0, 0, 0, 2, 0, 0]",up,16
19,74,"[0, 0, 0, 2, 8, 2, 0, 0, 16, 8, 0, 0, 4, 2, 0, 2]",down,16
20,78,"[2, 0, 0, 0, 8, 2, 2, 0, 16, 8, 0, 0, 4, 4, 0, 0]",left,16
21,78,"[2, 2, 2, 0, 8, 8, 0, 0, 16, 4, 0, 0, 4, 0, 0, 2]",up,16
22,78,"[2, 2, 2, 2, 8, 8, 2, 0, 16, 4, 0, 0, 4, 0, 0, 0]",up,16
23,82,"[2, 2, 4, 2, 8, 8, 0, 0, 16, 4, 0, 0, 4, 0, 0, 2]",up,16
24,86,"[2, 2, 4, 4, 8, 8, 0, 0, 16, 4, 0, 0, 4, 0, 2, 0]",up,16
25,86,"[2, 2, 4, 4, 8, 8, 2, 0, 16, 4, 2, 0, 4, 0, 0, 0]",up,16
26,88,"[2, 2, 0, 0, 8, 2, 0, 0, 16, 8, 4, 0, 4, 4, 4, 4]",down,16
27,108,"[0, 0, 0, 4, 0, 0, 8, 2, 0, 16, 8, 4, 2, 0, 8, 8]",right,16
28,116,"[0, 0, 0, 4, 2, 0, 0, 2, 0, 0, 8, 4, 2, 16, 16, 8]",down,16
29,118,"[0, 0, 0, 4, 0, 4, 0, 2, 0, 0, 8, 4, 4, 16, 16, 8]",down,16
30,150,"[4, 0, 0, 0, 4, 2, 0, 0, 8, 4, 0, 0, 4, 32, 8, 2]",left,32
31,158,"[8, 2, 8, 2, 8, 4, 0, 0, 4, 32, 0, 0, 0, 0, 4, 0]",up,32
32,174,"[16, 2, 8, 2, 4, 4, 4, 2, 0, 32, 0, 0, 0, 0, 0, 0]",up,32
33,178,"[16, 2, 8, 4, 4, 4, 4, 0, 0, 32, 0, 2, 0, 0, 0, 0]",up,32
34,186,"[16, 2, 8, 4, 8, 4, 0, 0, 32, 2, 0, 0, 0, 0, 2, 0]",left,32
35,186,"[0, 0, 2, 0, 16, 2, 0, 0, 8, 4, 8, 0, 32, 2, 2, 4]",down,32
36,186,"[0, 0, 0, 0, 16, 2, 2, 0, 8, 4, 8, 2, 32, 2, 2, 4]",down,32
37,194,"[2, 0, 0, 0, 16, 4, 0, 0, 8, 4, 8, 2, 32, 4, 4, 0]",left,32
38,198,"[2, 0, 0, 0, 16, 0, 0, 2, 8, 4, 8, 0, 32, 8, 4, 2]",down,32
39,202,"[2, 4, 8, 4, 16, 8, 4, 2, 8, 0, 0, 0, 32, 0, 0, 0]",up,32
40,202,"[2, 4, 8, 4, 16, 8, 4, 2, 0, 0, 0, 8, 0, 2, 0, 32]",right,32
41,202,"[0, 0, 2, 4, 0, 4, 0, 2, 2, 8, 8, 8, 16, 2, 4, 32]",down,32
42,202,"[2, 0, 0, 4, 0, 4, 2, 2, 2, 8, 8, 8, 16, 2, 4, 32]",down,32
43,222,"[2, 4, 2, 0, 4, 4, 0, 0, 2, 16, 8, 0, 16, 2, 4, 32]",left,32
44,230,"[0, 2, 4, 2, 0, 0, 0, 8, 4, 2, 16, 8, 16, 2, 4, 32]",right,32
45,250,"[4, 4, 4, 2, 16, 2, 16, 16, 0, 0, 4, 32, 0, 0, 2, 0]",up,32
46,290,"[8, 4, 2, 0, 16, 2, 32, 0, 4, 32, 0, 0, 2, 0, 2, 0]",left,32
47,294,"[8, 4, 2, 0, 16, 2, 32, 2, 4, 32, 0, 0, 4, 0, 0, 0]",left,32
48,298,"[0, 2, 0, 0, 8, 4, 0, 0, 16, 2, 2, 0, 8, 32, 32, 2]",down,32
49,298,"[8, 2, 2, 2, 16, 4, 32, 0, 8, 2, 2, 0, 0, 32, 0, 0]",up,32
50,306,"[8, 4, 2, 0, 16, 4, 32, 0, 8, 4, 0, 0, 32, 0, 0, 2]",left,32
51,310,"[8, 0, 2, 0, 16, 0, 0, 0, 8, 4, 2, 0, 32, 8, 32, 2]",down,32
52,314,"[8, 4, 4, 2, 16, 8, 32, 0, 8, 0, 0, 0, 32, 2, 0, 0]",up,32
53,314,"[8, 0, 0, 0, 16, 4, 0, 2, 8, 8, 4, 0, 32, 2, 32, 2]",down,32
54,318,"[8, 4, 4, 4, 16, 8, 32, 0, 8, 2, 0, 0, 32, 2, 0, 0]",up,32
55,322,"[8, 4, 4, 4, 16, 8, 32, 0, 8, 4, 0, 0, 32, 0, 0, 2]",up,32
56,322,"[8, 4, 4, 4, 16, 8, 32, 2, 8, 4, 0, 0, 32, 0, 0, 2]",up,32
57,326,"[8, 4, 4, 4, 16, 8, 32, 4, 8, 4, 0, 0, 32, 0, 2, 0]",up,32
58,334,"[8, 4, 4, 8, 16, 8, 32, 0, 8, 4, 2, 2, 32, 0, 0, 0]",up,32
59,334,"[8, 0, 2, 0, 16, 4, 4, 0, 8, 8, 32, 8, 32, 4, 2, 2]",down,32
60,362,"[8, 2, 2, 0, 16, 8, 0, 0, 16, 32, 8, 0, 32, 4, 4, 0]",left,32
61,374,"[8, 4, 0, 0, 16, 8, 0, 0, 16, 32, 8, 0, 32, 8, 0, 2]",left,32
62,406,"[8, 4, 8, 2, 32, 8, 0, 0, 32, 32, 0, 0, 2, 8, 0, 0]",up,32
63,438,"[0, 4, 2, 0, 8, 8, 0, 0, 64, 32, 0, 0, 2, 8, 8, 2]",down,64
64,438,"[8, 4, 2, 2, 64, 8, 8, 0, 2, 32, 0, 0, 2, 8, 0, 0]",up,64
65,458,"[8, 4, 4, 0, 64, 16, 0, 0, 2, 32, 0, 0, 2, 8, 0, 2]",left,64
66,466,"[8, 8, 0, 0, 64, 16, 0, 2, 2, 32, 0, 0, 2, 8, 2, 0]",left,64
67,482,"[16, 2, 0, 0, 64, 16, 2, 0, 2, 32, 0, 0, 2, 8, 2, 0]",left,64
68,490,"[16, 2, 4, 0, 64, 16, 0, 0, 4, 32, 0, 0, 2, 8, 0, 0]",up,64
69,490,"[16, 2, 0, 0, 64, 16, 0, 0, 4, 32, 2, 0, 2, 8, 4, 0]",down,64
70,490,"[16, 2, 2, 0, 64, 16, 4, 2, 4, 32, 0, 0, 2, 8, 0, 0]",up,64
71,494,"[16, 4, 0, 0, 64, 16, 4, 2, 4, 32, 0, 0, 2, 8, 4, 0]",left,64
72,494,"[0, 2, 16, 4, 64, 16, 4, 2, 0, 0, 4, 32, 0, 2, 8, 4]",right,64
73,502,"[64, 2, 16, 4, 0, 16, 8, 2, 0, 2, 8, 32, 0, 0, 2, 4]",up,64
74,518,"[64, 2, 16, 4, 2, 16, 16, 2, 0, 2, 2, 32, 0, 0, 0, 4]",up,64
75,554,"[64, 2, 16, 4, 2, 32, 2, 2, 4, 32, 0, 0, 4, 0, 0, 0]",left,64
76,558,"[64, 2, 16, 4, 0, 2, 32, 4, 0, 0, 4, 32, 2, 0, 0, 4]",right,64
77,564,"[0, 0, 0, 0, 0, 0, 16, 8, 64, 2, 32, 32, 2, 4, 4, 4]",down,64
78,636,"[0, 0, 0, 2, 0, 0, 16, 8, 0, 64, 2, 64, 0, 2, 4, 8]",right,64
79,636,"[4, 64, 16, 2, 0, 2, 2, 8, 0, 0, 4, 64, 0, 0, 0, 8]",up,64
80,640,"[4, 64, 16, 2, 4, 8, 0, 2, 4, 64, 0, 0, 8, 0, 0, 0]",left,64
81,640,"[4, 64, 16, 2, 4, 8, 2, 0, 4, 64, 0, 2, 8, 0, 0, 0]",left,64
82,640,"[4, 64, 16, 2, 0, 4, 8, 2, 2, 4, 64, 2, 0, 0, 0, 8]",right,64
83,652,"[4, 64, 16, 4, 2, 8, 8, 2, 0, 0, 64, 8, 2, 0, 0, 0]",up,64
84,656,"[4, 64, 16, 4, 4, 8, 8, 2, 0, 2, 64, 8, 0, 0, 0, 0]",up,64
85,664,"[8, 64, 16, 4, 0, 8, 8, 2, 0, 2, 64, 8, 0, 0, 0, 2]",up,64
86,680,"[8, 64, 16, 4, 0, 0, 16, 2, 0, 2, 64, 8, 2, 0, 0, 2]",right,64
87,696,"[0, 0, 0, 4, 2, 0, 0, 2, 8, 64, 32, 8, 2, 2, 64, 2]",down,64
88,696,"[2, 64, 32, 4, 8, 2, 64, 2, 2, 2, 0, 8, 0, 0, 0, 2]",up,64
89,700,"[2, 64, 32, 4, 8, 4, 64, 2, 2, 0, 0, 8, 2, 0, 0, 2]",up,64
90,704,"[2, 64, 32, 4, 8, 4, 64, 2, 4, 0, 0, 8, 2, 0, 0, 2]",up,64
91,708,"[2, 64, 32, 4, 8, 4, 64, 2, 4, 8, 0, 2, 4, 0, 0, 0]",left,64
92,708,"[2, 64, 32, 4, 8, 4, 64, 2, 4, 8, 2, 2, 4, 0, 0, 0]",left,64
93,712,"[2, 64, 32, 4, 8, 4, 64, 2, 4, 8, 4, 0, 4, 4, 0, 0]",left,64
94,720,"[2, 64, 32, 4, 8, 4, 64, 2, 8, 8, 4, 0, 0, 4, 0, 2]",up,64
95,736,"[2, 64, 32, 4, 8, 4, 64, 2, 16, 4, 0, 2, 4, 2, 0, 0]",left,64
96,748,"[2, 64, 32, 4, 8, 8, 64, 4, 16, 2, 0, 0, 4, 0, 2, 0]",up,64
97,764,"[2, 64, 32, 4, 2, 16, 64, 4, 0, 0, 16, 2, 0, 0, 4, 2]",right,64
98,780,"[4, 64, 32, 8, 0, 16, 64, 4, 0, 0, 16, 2, 0, 0, 4, 0]",up,64
99,780,"[0, 0, 32, 0, 0, 0, 64, 8, 2, 64, 16, 4, 4, 16, 4, 2]",down,64
100,780,"[32, 0, 0, 0, 64, 8, 0, 2, 2, 64, 16, 4, 4, 16, 4, 2]",left,64
101,780,"[32, 8, 16, 2, 64, 64, 4, 4, 2, 16, 0, 2, 4, 0, 0, 2]",up,64
102,916,"[32, 8, 16, 2, 128, 8, 0, 0, 2, 16, 2, 0, 4, 2, 0, 2]",left,128
103,936,"[32, 16, 16, 4, 128, 16, 2, 0, 2, 2, 0, 0, 4, 4, 0, 0]",up,128
104,968,"[32, 32, 16, 4, 128, 2, 2, 0, 2, 4, 0, 2, 4, 0, 0, 0]",up,128
105,968,"[32, 32, 16, 4, 128, 2, 2, 2, 2, 4, 2, 0, 4, 0, 0, 0]",up,128
106,970,"[32, 0, 2, 0, 128, 32, 0, 0, 2, 2, 16, 4, 4, 4, 4, 2]",down,128
107,982,"[2, 0, 32, 2, 0, 0, 128, 32, 0, 4, 16, 4, 0, 4, 8, 2]",right,128
108,990,"[2, 8, 32, 2, 2, 0, 128, 32, 0, 0, 16, 4, 0, 0, 8, 2]",up,128
109,994,"[4, 8, 32, 2, 0, 0, 128, 32, 2, 0, 16, 4, 0, 0, 8, 2]",up,128
110,994,"[4, 8, 32, 2, 2, 0, 128, 32, 2, 0, 16, 4, 0, 0, 8, 2]",up,128
111,998,"[4, 8, 32, 2, 4, 0, 128, 32, 0, 0, 16, 4, 0, 2, 8, 2]",up,128
112,998,"[4, 8, 32, 2, 4, 128, 32, 0, 16, 4, 2, 0, 2, 8, 2, 0]",left,128
113,1074,"[8, 8, 64, 2, 16, 128, 4, 0, 2, 4, 0, 0, 0, 8, 2, 0]",up,128
114,1074,"[8, 8, 64, 2, 16, 128, 4, 0, 2, 4, 2, 0, 0, 8, 0, 2]",up,128
115,1076,"[0, 8, 0, 0, 8, 128, 64, 0, 16, 4, 4, 2, 2, 8, 2, 4]",down,128
116,1076,"[8, 8, 64, 2, 16, 128, 4, 4, 2, 4, 2, 0, 4, 8, 0, 0]",up,128
117,1076,"[8, 8, 0, 0, 16, 128, 64, 2, 2, 4, 4, 2, 4, 8, 2, 4]",down,128
118,1078,"[8, 8, 0, 2, 16, 128, 64, 0, 2, 4, 4, 4, 4, 8, 2, 4]",down,128
119,1082,"[8, 8, 0, 2, 16, 128, 64, 0, 2, 4, 4, 2, 4, 8, 2, 8]",down,128
120,1086,"[8, 8, 64, 4, 16, 128, 4, 8, 2, 4, 2, 4, 4, 8, 0, 0]",up,128
121,1086,"[8, 8, 0, 4, 16, 128, 64, 4, 2, 4, 4, 8, 4, 8, 2, 4]",down,128
122,1094,"[8, 8, 64, 8, 16, 128, 4, 8, 2, 4, 2, 4, 4, 8, 2, 0]",up,128
123,1114,"[8, 8, 64, 16, 16, 128, 4, 4, 2, 4, 4, 2, 4, 8, 0, 0]",up,128
124,1146,"[0, 16, 64, 16, 0, 16, 128, 8, 2, 2, 8, 2, 0, 0, 4, 8]",right,128
125,1162,"[0, 0, 64, 16, 0, 2, 128, 8, 0, 32, 8, 2, 2, 2, 4, 8]",down,128
126,1162,"[2, 2, 64, 16, 0, 32, 128, 8, 0, 2, 8, 2, 4, 0, 4, 8]",up,128
127,1162,"[0, 2, 64, 16, 0, 2, 128, 8, 2, 32, 8, 2, 4, 2, 4, 8]",down,128
128,1162,"[2, 64, 16, 2, 2, 128, 8, 0, 2, 32, 8, 2, 4, 2, 4, 8]",left,128
129,1186,"[4, 64, 16, 4, 2, 128, 16, 8, 4, 32, 4, 0, 2, 2, 0, 0]",up,128
130,1190,"[4, 64, 16, 4, 2, 128, 16, 8, 0, 4, 32, 4, 2, 0, 0, 4]",right,128
131,1234,"[4, 64, 32, 4, 4, 128, 32, 8, 0, 4, 0, 8, 0, 2, 0, 0]",up,128
132,1278,"[0, 64, 0, 0, 0, 128, 2, 0, 0, 4, 0, 4, 8, 2, 64, 16]",down,128
133,1286,"[64, 0, 0, 0, 128, 2, 0, 0, 8, 0, 2, 0, 8, 2, 64, 16]",left,128
134,1286,"[0, 0, 2, 64, 0, 0, 128, 2, 0, 0, 8, 2, 8, 2, 64, 16]",right,128
135,1288,"[0, 0, 2, 0, 2, 0, 128, 64, 0, 0, 8, 4, 8, 2, 64, 16]",down,128
136,1288,"[2, 0, 2, 0, 2, 128, 64, 0, 8, 4, 0, 0, 8, 2, 64, 16]",left,128
137,1436,"[4, 128, 2, 16, 16, 4, 128, 2, 0, 2, 0, 0, 0, 0, 0, 0]",up,128
138,1436,"[0, 2, 0, 0, 0, 128, 0, 0, 4, 4, 2, 16, 16, 2, 128, 2]",down,128
139,1436,"[4, 2, 2, 16, 16, 128, 128, 2, 0, 4, 2, 0, 0, 2, 0, 0]",up,128
140,1696,"[4, 4, 16, 0, 16, 256, 2, 2, 4, 2, 0, 0, 2, 0, 0, 0]",left,256
141,1708,"[8, 16, 0, 0, 16, 256, 4, 0, 4, 2, 0, 0, 2, 4, 0, 0]",left,256
142,1708,"[8, 16, 4, 0, 16, 256, 0, 0, 4, 2, 0, 2, 2, 4, 0, 0]",up,256
143,1712,"[8, 16, 4, 0, 16, 256, 0, 2, 4, 4, 0, 0, 2, 4, 0, 0]",left,256
144,1720,"[8, 16, 4, 2, 16, 256, 0, 0, 4, 8, 2, 0, 2, 0, 0, 0]",up,256
145,1720,"[8, 16, 4, 2, 16, 256, 2, 0, 4, 8, 0, 2, 2, 0, 0, 0]",up,256
146,1720,"[8, 16, 4, 2, 16, 256, 2, 0, 4, 8, 2, 0, 2, 0, 0, 2]",left,256
147,1724,"[8, 16, 4, 2, 16, 256, 2, 0, 4, 8, 2, 4, 4, 0, 0, 0]",left,256
148,1724,"[8, 16, 4, 2, 2, 16, 256, 2, 4, 8, 2, 4, 0, 0, 0, 4]",right,256
149,1768,"[8, 32, 4, 4, 2, 8, 256, 8, 4, 2, 2, 0, 0, 0, 0, 0]",up,256
150,1780,"[2, 8, 32, 8, 2, 8, 256, 8, 0, 0, 4, 4, 0, 0, 0, 0]",right,256
151,1816,"[4, 16, 32, 16, 0, 0, 256, 4, 2, 0, 4, 0, 0, 0, 0, 0]",up,256
152,1816,"[0, 0, 0, 0, 0, 2, 32, 0, 4, 0, 256, 16, 2, 16, 4, 4]",down,256
153,1816,"[0, 0, 0, 0, 4, 0, 32, 0, 4, 2, 256, 16, 2, 16, 4, 4]",down,256
154,1820,"[0, 0, 0, 0, 0, 0, 32, 2, 8, 2, 256, 16, 2, 16, 4, 4]",down,256
155,1820,"[8, 2, 32, 2, 2, 16, 256, 16, 4, 0, 4, 4, 0, 0, 0, 0]",up,256
156,1820,"[0, 0, 0, 0, 8, 2, 32, 2, 2, 2, 256, 16, 4, 16, 4, 4]",down,256
157,1822,"[0, 0, 0, 0, 8, 2, 32, 2, 2, 4, 256, 16, 4, 16, 4, 4]",down,256
158,1830,"[0, 0, 2, 0, 8, 2, 32, 2, 2, 4, 256, 16, 0, 4, 16, 8]",right,256
159,1838,"[8, 2, 2, 2, 2, 8, 32, 16, 0, 0, 256, 8, 4, 0, 16, 0]",up,256
160,1842,"[8, 4, 2, 0, 2, 8, 32, 16, 256, 8, 0, 0, 4, 16, 0, 2]",left,256
161,1850,"[8, 0, 0, 0, 2, 4, 2, 0, 256, 16, 2, 16, 4, 16, 32, 2]",down,256
162,1886,"[8, 4, 4, 16, 2, 32, 32, 2, 256, 2, 0, 0, 4, 0, 0, 0]",up,256
163,1958,"[8, 8, 16, 0, 2, 64, 2, 0, 256, 2, 0, 0, 4, 0, 0, 2]",left,256
164,1974,"[16, 16, 4, 0, 2, 64, 2, 0, 256, 2, 0, 0, 4, 2, 0, 0]",left,256
165,1978,"[16, 16, 4, 0, 2, 64, 2, 0, 256, 4, 0, 0, 4, 0, 2, 0]",up,256
166,1982,"[16, 16, 4, 2, 2, 64, 4, 0, 256, 4, 0, 0, 4, 0, 0, 0]",up,256
167,1990,"[16, 16, 8, 2, 2, 64, 2, 0, 256, 4, 0, 0, 4, 0, 0, 0]",up,256
168,1990,"[16, 0, 2, 0, 2, 16, 0, 0, 256, 64, 8, 0, 4, 4, 2, 2]",down,256
169,1990,"[16, 16, 2, 2, 2, 64, 8, 0, 256, 4, 2, 0, 4, 0, 0, 2]",up,256
170,2026,"[32, 4, 0, 2, 2, 64, 8, 0, 256, 4, 2, 0, 4, 2, 0, 0]",left,256
171,2026,"[32, 4, 8, 2, 2, 64, 2, 0, 256, 4, 0, 0, 4, 2, 2, 0]",up,256
172,2028,"[32, 4, 0, 2, 2, 64, 0, 0, 256, 4, 8, 0, 4, 2, 4, 2]",down,256
173,2030,"[32, 4, 2, 0, 2, 64, 0, 0, 256, 4, 8, 0, 4, 2, 4, 4]",down,256
174,2038,"[0, 32, 4, 2, 0, 0, 2, 64, 2, 256, 4, 8, 0, 4, 2, 8]",right,256
175,2054,"[2, 32, 4, 2, 0, 256, 2, 64, 0, 4, 4, 16, 2, 0, 2, 0]",up,256
176,2058,"[4, 32, 4, 2, 0, 256, 2, 64, 0, 4, 4, 16, 2, 0, 2, 0]",up,256
177,2058,"[0, 0, 4, 2, 0, 32, 2, 2, 4, 256, 4, 64, 2, 4, 2, 16]",down,256
178,2062,"[4, 32, 4, 4, 2, 256, 2, 64, 0, 4, 4, 16, 2, 0, 2, 0]",up,256
179,2066,"[4, 32, 4, 4, 4, 256, 2, 64, 2, 4, 4, 16, 0, 0, 2, 0]",up,256
180,2082,"[4, 32, 8, 2, 4, 256, 2, 64, 2, 8, 16, 0, 2, 0, 0, 0]",left,256
181,2094,"[8, 32, 8, 2, 4, 256, 2, 64, 0, 8, 16, 0, 0, 0, 0, 4]",up,256
182,2094,"[8, 32, 8, 2, 4, 256, 2, 64, 8, 16, 0, 0, 4, 2, 0, 0]",left,256
183,2094,"[8, 32, 0, 0, 4, 256, 0, 2, 8, 16, 8, 2, 4, 2, 2, 64]",down,256
184,2096,"[8, 32, 0, 0, 4, 256, 0, 2, 8, 16, 8, 4, 4, 2, 2, 64]",down,256
185,2100,"[8, 32, 2, 0, 4, 256, 2, 0, 8, 16, 8, 4, 4, 4, 64, 0]",left,256
186,2108,"[8, 32, 2, 0, 4, 256, 2, 0, 8, 16, 8, 4, 8, 64, 0, 2]",left,256
187,2128,"[8, 32, 4, 4, 4, 256, 8, 2, 16, 16, 0, 0, 2, 64, 0, 0]",up,256
188,2168,"[0, 8, 32, 8, 4, 256, 8, 2, 0, 0, 0, 32, 2, 0, 2, 64]",right,256
189,2172,"[8, 32, 8, 0, 4, 256, 8, 2, 32, 0, 0, 0, 4, 64, 0, 2]",left,256
190,2192,"[8, 32, 16, 4, 4, 256, 0, 0, 32, 64, 0, 0, 4, 0, 2, 0]",up,256
191,2192,"[8, 32, 16, 4, 0, 0, 4, 256, 2, 0, 32, 64, 0, 0, 4, 2]",right,256
192,2192,"[8, 32, 16, 4, 0, 0, 4, 256, 0, 2, 32, 64, 0, 2, 4, 2]",right,256
193,2194,"[0, 0, 16, 4, 2, 0, 4, 256, 0, 32, 32, 64, 8, 4, 4, 2]",down,256
194,2194,"[2, 32, 16, 4, 8, 4, 4, 256, 0, 2, 32, 64, 0, 0, 4, 2]",up,256
195,2202,"[2, 32, 16, 4, 8, 8, 256, 2, 2, 32, 64, 0, 4, 2, 0, 0]",left,256
196,2202,"[2, 32, 2, 0, 8, 8, 16, 0, 2, 32, 256, 4, 4, 2, 64, 2]",down,256
197,2218,"[2, 32, 2, 4, 16, 16, 0, 0, 2, 32, 256, 4, 4, 2, 64, 2]",left,256
198,2226,"[2, 32, 2, 8, 16, 16, 256, 2, 2, 32, 64, 0, 4, 2, 0, 2]",up,256
199,2262,"[2, 32, 2, 8, 32, 256, 2, 0, 2, 32, 64, 2, 4, 4, 0, 0]",left,256
200,2270,"[2, 32, 2, 8, 32, 256, 2, 0, 2, 32, 64, 2, 8, 0, 2, 0]",left,256
201,2272,"[2, 0, 0, 2, 32, 32, 4, 0, 2, 256, 64, 8, 8, 32, 2, 2]",down,256
202,2272,"[2, 0, 4, 0, 32, 32, 4, 2, 2, 256, 64, 8, 8, 32, 2, 2]",down,256
203,2276,"[2, 0, 2, 0, 32, 32, 8, 2, 2, 256, 64, 8, 8, 32, 2, 2]",down,256
204,2276,"[2, 32, 2, 2, 32, 256, 8, 8, 2, 32, 64, 2, 8, 0, 2, 2]",up,256
205,2280,"[2, 32, 2, 2, 32, 256, 8, 8, 2, 32, 64, 4, 8, 2, 2, 0]",up,256
206,2304,"[2, 32, 4, 0, 32, 256, 16, 2, 2, 32, 64, 4, 8, 4, 0, 0]",left,256
207,2304,"[2, 2, 32, 4, 32, 256, 16, 2, 2, 32, 64, 4, 0, 0, 8, 4]",right,256
208,2312,"[2, 2, 32, 4, 32, 256, 16, 2, 2, 32, 64, 8, 2, 0, 8, 0]",up,256
209,2316,"[0, 4, 32, 4, 32, 256, 16, 2, 2, 32, 64, 8, 0, 2, 2, 8]",right,256
210,2324,"[0, 4, 32, 0, 2, 256, 16, 4, 32, 32, 64, 2, 2, 2, 2, 16]",down,256
211,2392,"[4, 32, 2, 0, 2, 256, 16, 4, 64, 64, 2, 0, 4, 2, 16, 0]",left,256
212,2392,"[4, 32, 2, 4, 2, 256, 16, 0, 64, 64, 2, 2, 4, 2, 16, 0]",up,256
213,2392,"[4, 32, 2, 4, 2, 256, 16, 2, 64, 64, 2, 0, 4, 2, 16, 2]",up,256
214,2520,"[4, 32, 2, 4, 2, 256, 16, 2, 128, 2, 2, 0, 4, 2, 16, 2]",left,256
215,2524,"[4, 32, 2, 4, 2, 256, 16, 2, 128, 4, 0, 2, 4, 2, 16, 2]",left,256
216,2560,"[4, 32, 2, 4, 2, 256, 32, 4, 128, 4, 0, 2, 4, 2, 0, 2]",up,256
217,2566,"[4, 32, 0, 2, 2, 256, 0, 0, 128, 4, 2, 8, 4, 2, 32, 4]",down,256
218,2566,"[4, 32, 2, 2, 2, 256, 32, 8, 128, 4, 2, 4, 4, 2, 0, 0]",up,256
219,2570,"[4, 32, 4, 0, 2, 256, 32, 8, 128, 4, 2, 4, 4, 2, 2, 0]",left,256
220,2572,"[4, 32, 0, 0, 2, 256, 4, 2, 128, 4, 32, 8, 4, 2, 4, 4]",down,256
221,2580,"[0, 0, 4, 32, 2, 256, 4, 2, 128, 4, 32, 8, 2, 4, 2, 8]",right,256
222,2612,"[2, 256, 8, 32, 128, 8, 32, 2, 2, 0, 2, 16, 2, 0, 0, 0]",up,256
223,2616,"[2, 256, 8, 32, 128, 8, 32, 2, 4, 16, 0, 2, 2, 0, 0, 0]",left,256
224,2620,"[2, 256, 8, 32, 128, 8, 32, 4, 4, 16, 2, 0, 2, 0, 0, 0]",up,256
225,2620,"[2, 0, 2, 0, 128, 256, 8, 0, 4, 8, 32, 32, 2, 16, 2, 4]",down,256
226,2620,"[2, 256, 2, 32, 128, 8, 8, 4, 4, 16, 32, 0, 2, 2, 2, 0]",up,256
227,2640,"[2, 256, 2, 32, 0, 128, 16, 4, 2, 4, 16, 32, 0, 0, 2, 4]",right,256
228,2676,"[4, 256, 2, 32, 0, 128, 32, 4, 2, 4, 2, 32, 0, 0, 0, 4]",up,256
229,2676,"[2, 0, 0, 32, 0, 256, 2, 4, 4, 128, 32, 32, 2, 4, 2, 4]",down,256
230,2740,"[0, 0, 2, 32, 0, 256, 2, 4, 2, 4, 128, 64, 2, 4, 2, 4]",right,256
231,2756,"[4, 256, 4, 32, 0, 8, 128, 4, 0, 2, 2, 64, 0, 0, 0, 4]",up,256
232,2756,"[0, 0, 0, 32, 2, 256, 4, 4, 0, 8, 128, 64, 4, 2, 2, 4]",down,256
233,2756,"[2, 256, 4, 32, 4, 8, 128, 4, 0, 2, 2, 64, 0, 0, 2, 4]",up,256
234,2758,"[0, 0, 0, 32, 2, 256, 4, 4, 2, 8, 128, 64, 4, 2, 4, 4]",down,256
235,2762,"[4, 256, 4, 32, 4, 8, 128, 4, 0, 2, 4, 64, 2, 0, 0, 4]",up,256
236,2770,"[8, 256, 4, 32, 2, 8, 128, 4, 0, 2, 4, 64, 0, 0, 2, 4]",up,256
237,2770,"[0, 0, 4, 32, 2, 256, 128, 4, 8, 8, 4, 64, 2, 2, 2, 4]",down,256
238,2770,"[2, 256, 4, 32, 8, 8, 128, 4, 2, 2, 4, 64, 2, 0, 2, 4]",up,256
239,2794,"[2, 256, 4, 32, 16, 128, 4, 0, 4, 4, 64, 0, 4, 4, 4, 0]",left,256
240,2818,"[2, 256, 8, 32, 16, 128, 64, 0, 8, 8, 4, 4, 0, 0, 0, 0]",up,256
241,2818,"[2, 256, 8, 32, 16, 128, 64, 4, 8, 8, 4, 0, 2, 0, 0, 0]",up,256
242,2818,"[2, 0, 0, 2, 16, 256, 8, 0, 8, 128, 64, 32, 2, 8, 4, 4]",down,256
243,2830,"[4, 0, 0, 0, 16, 256, 8, 4, 8, 128, 64, 32, 2, 8, 8, 0]",left,256
244,2846,"[4, 0, 0, 0, 16, 256, 8, 4, 8, 128, 64, 32, 2, 16, 2, 0]",left,256
245,2846,"[2, 0, 0, 4, 16, 256, 8, 4, 8, 128, 64, 32, 0, 2, 16, 2]",right,256
246,2854,"[2, 256, 8, 8, 16, 128, 64, 32, 8, 2, 16, 2, 0, 0, 0, 2]",up,256
247,2858,"[2, 256, 8, 8, 16, 128, 64, 32, 8, 2, 16, 4, 0, 2, 0, 0]",up,256
248,2862,"[2, 256, 8, 8, 16, 128, 64, 32, 8, 4, 16, 4, 0, 0, 2, 0]",up,256
249,2862,"[0, 0, 8, 2, 2, 256, 64, 8, 16, 128, 16, 32, 8, 4, 2, 4]",down,256
250,2862,"[2, 256, 8, 2, 16, 128, 64, 8, 8, 4, 16, 32, 2, 0, 2, 4]",up,256
251,2866,"[2, 256, 8, 2, 16, 128, 64, 8, 8, 4, 16, 32, 4, 4, 0, 2]",left,256
252,2874,"[2, 256, 8, 2, 16, 128, 64, 8, 8, 8, 16, 32, 4, 0, 2, 2]",up,256
253,2874,"[2, 2, 8, 2, 16, 256, 64, 8, 8, 128, 16, 32, 4, 8, 2, 2]",down,256
254,2882,"[4, 8, 2, 0, 16, 256, 64, 8, 8, 128, 16, 32, 4, 8, 4, 2]",left,256
255,2882,"[4, 8, 2, 8, 16, 256, 64, 32, 8, 128, 16, 2, 4, 8, 4, 2]",up,256
256,2886,"[4, 8, 2, 8, 16, 256, 64, 32, 8, 128, 16, 4, 4, 8, 4, 2]",up,256
1,0,"[4, 0, 0, 0, 0, 0, 0, 0, 0, 0, 0, 0, 0, 0, 2, 0]",up,4
2,0,"[4, 0, 2, 0, 0, 0, 2, 0, 0, 0, 0, 0, 0, 0, 0, 0]",up,4
3,4,"[4, 0, 4, 0, 0, 0, 0, 0, 0, 2, 0, 0, 0, 0, 0, 0]",up,4
4,12,"[8, 0, 0, 0, 0, 0, 0, 0, 2, 2, 0, 0, 0, 0, 0, 0]",left,8
5,12,"[8, 2, 0, 0, 2, 0, 0, 0, 0, 0, 0, 0, 0, 0, 0, 2]",up,8
6,12,"[8, 2, 0, 2, 2, 2, 0, 0, 0, 0, 0, 0, 0, 0, 0, 0]",up,8
7,16,"[8, 4, 2, 2, 2, 0, 0, 0, 0, 0, 0, 0, 0, 0, 0, 0]",up,8
8,16,"[0, 0, 0, 0, 0, 0, 4, 0, 8, 0, 0, 0, 2, 4, 2, 2]",down,8
9,16,"[8, 4, 4, 2, 2, 2, 2, 0, 0, 0, 0, 0, 0, 0, 0, 0]",up,8
10,16,"[0, 0, 0, 0, 2, 0, 0, 0, 8, 4, 4, 0, 2, 2, 2, 2]",down,8
11,16,"[2, 4, 4, 2, 8, 2, 2, 0, 2, 2, 0, 0, 0, 0, 0, 0]",up,8
12,18,"[2, 0, 0, 0, 2, 0, 0, 0, 8, 4, 4, 0, 2, 4, 2, 2]",down,8
13,30,"[4, 8, 4, 2, 8, 2, 2, 0, 2, 0, 0, 0, 0, 0, 0, 0]",up,8
14,30,"[2, 0, 0, 0, 4, 0, 0, 0, 8, 8, 4, 0, 2, 2, 2, 2]",down,8
15,54,"[2, 0, 0, 0, 4, 2, 0, 0, 16, 4, 0, 0, 4, 4, 0, 0]",left,16
16,62,"[2, 2, 2, 0, 4, 8, 0, 0, 16, 0, 0, 0, 4, 0, 0, 0]",up,16
17,66,"[4, 2, 0, 0, 4, 8, 0, 2, 16, 0, 0, 0, 4, 0, 0, 0]",left,16
18,74,"[8, 2, 0, 2, 16, 8, 0, 0, 4, 0, 0, 0, 0, 2, 0, 0]",up,16
19,74,"[0, 0, 0, 2, 8, 2, 0, 0, 16, 8, 0, 0, 4, 2, 0, 2]",down,16
20,78,"[2, 0, 0, 0, 8, 2, 2, 0, 16, 8, 0, 0, 4, 4, 0, 0]",left,16
21,78,"[2, 2, 2, 0, 8, 8, 0, 0, 16, 4, 0, 0, 4, 0, 0, 2]",up,16
22,78,"[2, 2, 2, 2, 8, 8, 2, 0, 16, 4, 0, 0, 4, 0, 0, 0]",up,16
23,82,"[2, 2, 4, 2, 8, 8, 0, 0, 16, 4, 0, 0, 4, 0, 0, 2]",up,16
24,86,"[2, 2, 4, 4, 8, 8, 0, 0, 16, 4, 0, 0, 4, 0, 2, 0]",up,16
25,86,"[2, 2, 4, 4, 8, 8, 2, 0, 16, 4, 2, 0, 4, 0, 0, 0]",up,16
26,88,"[2, 2, 0, 0, 8, 2, 0, 0, 16, 8, 4, 0, 4, 4, 4, 4]",down,16
27,108,"[0, 0, 0, 4, 0, 0, 8, 2, 0, 16, 8, 4, 2, 0, 8, 8]",right,16
28,116,"[0, 0, 0, 4, 2, 0, 0, 2, 0, 0, 8, 4, 2, 16, 16, 8]",down,16
29,118,"[0, 0, 0, 4, 0, 4, 0, 2, 0, 0, 8, 4, 4, 16, 16, 8]",down,16
30,150,"[4, 0, 0, 0, 4, 2, 0, 0, 8, 4, 0, 0, 4, 32, 8, 2]",left,32
31,158,"[8, 2, 8, 2, 8, 4, 0, 0, 4, 32, 0, 0, 0, 0, 4, 0]",up,32
32,174,"[16, 2, 8, 2, 4, 4, 4, 2, 0, 32, 0, 0, 0, 0, 0, 0]",up,32
33,178,"[16, 2, 8, 4, 4, 4, 4, 0, 0, 32, 0, 2, 0, 0, 0, 0]",up,32
34,186,"[16, 2, 8, 4, 8, 4, 0, 0, 32, 2, 0, 0, 0, 0, 2, 0]",left,32
35,186,"[0, 0, 2, 0, 16, 2, 0, 0, 8, 4, 8, 0, 32, 2, 2, 4]",down,32
36,186,"[0, 0, 0, 0, 16, 2, 2, 0, 8, 4, 8, 2, 32, 2, 2, 4]",down,32
37,194,"[2, 0, 0, 0, 16, 4, 0, 0, 8, 4, 8, 2, 32, 4, 4, 0]",left,32
38,198,"[2, 0, 0, 0, 16, 0, 0, 2, 8, 4, 8, 0, 32, 8, 4, 2]",down,32
39,202,"[2, 4, 8, 4, 16, 8, 4, 2, 8, 0, 0, 0, 32, 0, 0, 0]",up,32
40,202,"[2, 4, 8, 4, 16, 8, 4, 2, 0, 0, 0, 8, 0, 2, 0, 32]",right,32
41,202,"[0, 0, 2, 4, 0, 4, 0, 2, 2, 8, 8, 8, 16, 2, 4, 32]",down,32
42,202,"[2, 0, 0, 4, 0, 4, 2, 2, 2, 8, 8, 8, 16, 2, 4, 32]",down,32
43,222,"[2, 4, 2, 0, 4, 4, 0, 0, 2, 16, 8, 0, 16, 2, 4, 32]",left,32
44,230,"[0, 2, 4, 2, 0, 0, 0, 8, 4, 2, 16, 8, 16, 2, 4, 32]",right,32
45,250,"[4, 4, 4, 2, 16, 2, 16, 16, 0, 0, 4, 32, 0, 0, 2, 0]",up,32
46,290,"[8, 4, 2, 0, 16, 2, 32, 0, 4, 32, 0, 0, 2, 0, 2, 0]",left,32
47,294,"[8, 4, 2, 0, 16, 2, 32, 2, 4, 32, 0, 0, 4, 0, 0, 0]",left,32
48,298,"[0, 2, 0, 0, 8, 4, 0, 0, 16, 2, 2, 0, 8, 32, 32, 2]",down,32
49,298,"[8, 2, 2, 2, 16, 4, 32, 0, 8, 2, 2, 0, 0, 32, 0, 0]",up,32
50,306,"[8, 4, 2, 0, 16, 4, 32, 0, 8, 4, 0, 0, 32, 0, 0, 2]",left,32
51,310,"[8, 0, 2, 0, 16, 0, 0, 0, 8, 4, 2, 0, 32, 8, 32, 2]",down,32
52,314,"[8, 4, 4, 2, 16, 8, 32, 0, 8, 0, 0, 0, 32, 2, 0, 0]",up,32
53,314,"[8, 0, 0, 0, 16, 4, 0, 2, 8, 8, 4, 0, 32, 2, 32, 2]",down,32
54,318,"[8, 4, 4, 4, 16, 8, 32, 0, 8, 2, 0, 0, 32, 2, 0, 0]",up,32
55,322,"[8, 4, 4, 4, 16, 8, 32, 0, 8, 4, 0, 0, 32, 0, 0, 2]",up,32
56,322,"[8, 4, 4, 4, 16, 8, 32, 2, 8, 4, 0, 0, 32, 0, 0, 2]",up,32
57,326,"[8, 4, 4, 4, 16, 8, 32, 4, 8, 4, 0, 0, 32, 0, 2, 0]",up,32
58,334,"[8, 4, 4, 8, 16, 8, 32, 0, 8, 4, 2, 2, 32, 0, 0, 0]",up,32
59,334,"[8, 0, 2, 0, 16, 4, 4, 0, 8, 8, 32, 8, 32, 4, 2, 2]",down,32
60,362,"[8, 2, 2, 0, 16, 8, 0, 0, 16, 32, 8, 0, 32, 4, 4, 0]",left,32
61,374,"[8, 4, 0, 0, 16, 8, 0, 0, 16, 32, 8, 0, 32, 8, 0, 2]",left,32
62,406,"[8, 4, 8, 2, 32, 8, 0, 0, 32, 32, 0, 0, 2, 8, 0, 0]",up,32
63,438,"[0, 4, 2, 0, 8, 8, 0, 0, 64, 32, 0, 0, 2, 8, 8, 2]",down,64
64,438,"[8, 4, 2, 2, 64, 8, 8, 0, 2, 32, 0, 0, 2, 8, 0, 0]",up,64
65,458,"[8, 4, 4, 0, 64, 16, 0, 0, 2, 32, 0, 0, 2, 8, 0, 2]",left,64
66,466,"[8, 8, 0, 0, 64, 16, 0, 2, 2, 32, 0, 0, 2, 8, 2, 0]",left,64
67,482,"[16, 2, 0, 0, 64, 16, 2, 0, 2, 32, 0, 0, 2, 8, 2, 0]",left,64
68,490,"[16, 2, 4, 0, 64, 16, 0, 0, 4, 32, 0, 0, 2, 8, 0, 0]",up,64
69,490,"[16, 2, 0, 0, 64, 16, 0, 0, 4, 32, 2, 0, 2, 8, 4, 0]",down,64
70,490,"[16, 2, 2, 0, 64, 16, 4, 2, 4, 32, 0, 0, 2, 8, 0, 0]",up,64
71,494,"[16, 4, 0, 0, 64, 16, 4, 2, 4, 32, 0, 0, 2, 8, 4, 0]",left,64
72,494,"[0, 2, 16, 4, 64, 16, 4, 2, 0, 0, 4, 32, 0, 2, 8, 4]",right,64
73,502,"[64, 2, 16, 4, 0, 16, 8, 2, 0, 2, 8, 32, 0, 0, 2, 4]",up,64
74,518,"[64, 2, 16, 4, 2, 16, 16, 2, 0, 2, 2, 32, 0, 0, 0, 4]",up,64
75,554,"[64, 2, 16, 4, 2, 32, 2, 2, 4, 32, 0, 0, 4, 0, 0, 0]",left,64
76,558,"[64, 2, 16, 4, 0, 2, 32, 4, 0, 0, 4, 32, 2, 0, 0, 4]",right,64
77,564,"[0, 0, 0, 0, 0, 0, 16, 8, 64, 2, 32, 32, 2, 4, 4, 4]",down,64
78,636,"[0, 0, 0, 2, 0, 0, 16, 8, 0, 64, 2, 64, 0, 2, 4, 8]",right,64
79,636,"[4, 64, 16, 2, 0, 2, 2, 8, 0, 0, 4, 64, 0, 0, 0, 8]",up,64
80,640,"[4, 64, 16, 2, 4, 8, 0, 2, 4, 64, 0, 0, 8, 0, 0, 0]",left,64
81,640,"[4, 64, 16, 2, 4, 8, 2, 0, 4, 64, 0, 2, 8, 0, 0, 0]",left,64
82,640,"[4, 64, 16, 2, 0, 4, 8, 2, 2, 4, 64, 2, 0, 0, 0, 8]",right,64
83,652,"[4, 64, 16, 4, 2, 8, 8, 2, 0, 0, 64, 8, 2, 0, 0, 0]",up,64
84,656,"[4, 64, 16, 4, 4, 8, 8, 2, 0, 2, 64, 8, 0, 0, 0, 0]",up,64
85,664,"[8, 64, 16, 4, 0, 8, 8, 2, 0, 2, 64, 8, 0, 0, 0, 2]",up,64
86,680,"[8, 64, 16, 4, 0, 0, 16, 2, 0, 2, 64, 8, 2, 0, 0, 2]",right,64
87,696,"[0, 0, 0, 4, 2, 0, 0, 2, 8, 64, 32, 8, 2, 2, 64, 2]",down,64
88,696,"[2, 64, 32, 4, 8, 2, 64, 2, 2, 2, 0, 8, 0, 0, 0, 2]",up,64
89,700,"[2, 64, 32, 4, 8, 4, 64, 2, 2, 0, 0, 8, 2, 0, 0, 2]",up,64
90,704,"[2, 64, 32, 4, 8, 4, 64, 2, 4, 0, 0, 8, 2, 0, 0, 2]",up,64
91,708,"[2, 64, 32, 4, 8, 4, 64, 2, 4, 8, 0, 2, 4, 0, 0, 0]",left,64
92,708,"[2, 64, 32, 4, 8, 4, 64, 2, 4, 8, 2, 2, 4, 0, 0, 0]",left,64
93,712,"[2, 64, 32, 4, 8, 4, 64, 2, 4, 8, 4, 0, 4, 4, 0, 0]",left,64
94,720,"[2, 64, 32, 4, 8, 4, 64, 2, 8, 8, 4, 0, 0, 4, 0, 2]",up,64
95,736,"[2, 64, 32, 4, 8, 4, 64, 2, 16, 4, 0, 2, 4, 2, 0, 0]",left,64
96,748,"[2, 64, 32, 4, 8, 8, 64, 4, 16, 2, 0, 0, 4, 0, 2, 0]",up,64
97,764,"[2, 64, 32, 4, 2, 16, 64, 4, 0, 0, 16, 2, 0, 0, 4, 2]",right,64
98,780,"[4, 64, 32, 8, 0, 16, 64, 4, 0, 0, 16, 2, 0, 0, 4, 0]",up,64
99,780,"[0, 0, 32, 0, 0, 0, 64, 8, 2, 64, 16, 4, 4, 16, 4, 2]",down,64
100,780,"[32, 0, 0, 0, 64, 8, 0, 2, 2, 64, 16, 4, 4, 16, 4, 2]",left,64
101,780,"[32, 8, 16, 2, 64, 64, 4, 4, 2, 16, 0, 2, 4, 0, 0, 2]",up,64
102,916,"[32, 8, 16, 2, 128, 8, 0, 0, 2, 16, 2, 0, 4, 2, 0, 2]",left,128
103,936,"[32, 16, 16, 4, 128, 16, 2, 0, 2, 2, 0, 0, 4, 4, 0, 0]",up,128
104,968,"[32, 32, 16, 4, 128, 2, 2, 0, 2, 4, 0, 2, 4, 0, 0, 0]",up,128
105,968,"[32, 32, 16, 4, 128, 2, 2, 2, 2, 4, 2, 0, 4, 0, 0, 0]",up,128
106,970,"[32, 0, 2, 0, 128, 32, 0, 0, 2, 2, 16, 4, 4, 4, 4, 2]",down,128
107,982,"[2, 0, 32, 2, 0, 0, 128, 32, 0, 4, 16, 4, 0, 4, 8, 2]",right,128
108,990,"[2, 8, 32, 2, 2, 0, 128, 32, 0, 0, 16, 4, 0, 0, 8, 2]",up,128
109,994,"[4, 8, 32, 2, 0, 0, 128, 32, 2, 0, 16, 4, 0, 0, 8, 2]",up,128
110,994,"[4, 8, 32, 2, 2, 0, 128, 32, 2, 0, 16, 4, 0, 0, 8, 2]",up,128
111,998,"[4, 8, 32, 2, 4, 0, 128, 32, 0, 0, 16, 4, 0, 2, 8, 2]",up,128
112,998,"[4, 8, 32, 2, 4, 128, 32, 0, 16, 4, 2, 0, 2, 8, 2, 0]",left,128
113,1074,"[8, 8, 64, 2, 16, 128, 4, 0, 2, 4, 0, 0, 0, 8, 2, 0]",up,128
114,1074,"[8, 8, 64, 2, 16, 128, 4, 0, 2, 4, 2, 0, 0, 8, 0, 2]",up,128
115,1076,"[0, 8, 0, 0, 8, 128, 64, 0, 16, 4, 4, 2, 2, 8, 2, 4]",down,128
116,1076,"[8, 8, 64, 2, 16, 128, 4, 4, 2, 4, 2, 0, 4, 8, 0, 0]",up,128
117,1076,"[8, 8, 0, 0, 16, 128, 64, 2, 2, 4, 4, 2, 4, 8, 2, 4]",down,128
118,1078,"[8, 8, 0, 2, 16, 128, 64, 0, 2, 4, 4, 4, 4, 8, 2, 4]",down,128
119,1082,"[8, 8, 0, 2, 16, 128, 64, 0, 2, 4, 4, 2, 4, 8, 2, 8]",down,128
120,1086,"[8, 8, 64, 4, 16, 128, 4, 8, 2, 4, 2, 4, 4, 8, 0, 0]",up,128
121,1086,"[8, 8, 0, 4, 16, 128, 64, 4, 2, 4, 4, 8, 4, 8, 2, 4]",down,128
122,1094,"[8, 8, 64, 8, 16, 128, 4, 8, 2, 4, 2, 4, 4, 8, 2, 0]",up,128
123,1114,"[8, 8, 64, 16, 16, 128, 4, 4, 2, 4, 4, 2, 4, 8, 0, 0]",up,128
124,1146,"[0, 16, 64, 16, 0, 16, 128, 8, 2, 2, 8, 2, 0, 0, 4, 8]",right,128
125,1162,"[0, 0, 64, 16, 0, 2, 128, 8, 0, 32, 8, 2, 2, 2, 4, 8]",down,128
126,1162,"[2, 2, 64, 16, 0, 32, 128, 8, 0, 2, 8, 2, 4, 0, 4, 8]",up,128
127,1162,"[0, 2, 64, 16, 0, 2, 128, 8, 2, 32, 8, 2, 4, 2, 4, 8]",down,128
128,1162,"[2, 64, 16, 2, 2, 128, 8, 0, 2, 32, 8, 2, 4, 2, 4, 8]",left,128
129,1186,"[4, 64, 16, 4, 2, 128, 16, 8, 4, 32, 4, 0, 2, 2, 0, 0]",up,128
130,1190,"[4, 64, 16, 4, 2, 128, 16, 8, 0, 4, 32, 4, 2, 0, 0, 4]",right,128
131,1234,"[4, 64, 32, 4, 4, 128, 32, 8, 0, 4, 0, 8, 0, 2, 0, 0]",up,128
132,1278,"[0, 64, 0, 0, 0, 128, 2, 0, 0, 4, 0, 4, 8, 2, 64, 16]",down,128
133,1286,"[64, 0, 0, 0, 128, 2, 0, 0, 8, 0, 2, 0, 8, 2, 64, 16]",left,128
134,1286,"[0, 0, 2, 64, 0, 0, 128, 2, 0, 0, 8, 2, 8, 2, 64, 16]",right,128
135,1288,"[0, 0, 2, 0, 2, 0, 128, 64, 0, 0, 8, 4, 8, 2, 64, 16]",down,128
136,1288,"[2, 0, 2, 0, 2, 128, 64, 0, 8, 4, 0, 0, 8, 2, 64, 16]",left,128
137,1436,"[4, 128, 2, 16, 16, 4, 128, 2, 0, 2, 0, 0, 0, 0, 0, 0]",up,128
138,1436,"[0, 2, 0, 0, 0, 128, 0, 0, 4, 4, 2, 16, 16, 2, 128, 2]",down,128
139,1436,"[4, 2, 2, 16, 16, 128, 128, 2, 0, 4, 2, 0, 0, 2, 0, 0]",up,128
140,1696,"[4, 4, 16, 0, 16, 256, 2, 2, 4, 2, 0, 0, 2, 0, 0, 0]",left,256
141,1708,"[8, 16, 0, 0, 16, 256, 4, 0, 4, 2, 0, 0, 2, 4, 0, 0]",left,256
142,1708,"[8, 16, 4, 0, 16, 256, 0, 0, 4, 2, 0, 2, 2, 4, 0, 0]",up,256
143,1712,"[8, 16, 4, 0, 16, 256, 0, 2, 4, 4, 0, 0, 2, 4, 0, 0]",left,256
144,1720,"[8, 16, 4, 2, 16, 256, 0, 0, 4, 8, 2, 0, 2, 0, 0, 0]",up,256
145,1720,"[8, 16, 4, 2, 16, 256, 2, 0, 4, 8, 0, 2, 2, 0, 0, 0]",up,256
146,1720,"[8, 16, 4, 2, 16, 256, 2, 0, 4, 8, 2, 0, 2, 0, 0, 2]",left,256
147,1724,"[8, 16, 4, 2, 16, 256, 2, 0, 4, 8, 2, 4, 4, 0, 0, 0]",left,256
148,1724,"[8, 16, 4, 2, 2, 16, 256, 2, 4, 8, 2, 4, 0, 0, 0, 4]",right,256
149,1768,"[8, 32, 4, 4, 2, 8, 256, 8, 4, 2, 2, 0, 0, 0, 0, 0]",up,256
150,1780,"[2, 8, 32, 8, 2, 8, 256, 8, 0, 0, 4, 4, 0, 0, 0, 0]",right,256
151,1816,"[4, 16, 32, 16, 0, 0, 256, 4, 2, 0, 4, 0, 0, 0, 0, 0]",up,256
152,1816,"[0, 0, 0, 0, 0, 2, 32, 0, 4, 0, 256, 16, 2, 16, 4, 4]",down,256
153,1816,"[0, 0, 0, 0, 4, 0, 32, 0, 4, 2, 256, 16, 2, 16, 4, 4]",down,256
154,1820,"[0, 0, 0, 0, 0, 0, 32, 2, 8, 2, 256, 16, 2, 16, 4, 4]",down,256
155,1820,"[8, 2, 32, 2, 2, 16, 256, 16, 4, 0, 4, 4, 0, 0, 0, 0]",up,256
156,1820,"[0, 0, 0, 0, 8, 2, 32, 2, 2, 2, 256, 16, 4, 16, 4, 4]",down,256
157,1822,"[0, 0, 0, 0, 8, 2, 32, 2, 2, 4, 256, 16, 4, 16, 4, 4]",down,256
158,1830,"[0, 0, 2, 0, 8, 2, 32, 2, 2, 4, 256, 16, 0, 4, 16, 8]",right,256
159,1838,"[8, 2, 2, 2, 2, 8, 32, 16, 0, 0, 256, 8, 4, 0, 16, 0]",up,256
160,1842,"[8, 4, 2, 0, 2, 8, 32, 16, 256, 8, 0, 0, 4, 16, 0, 2]",left,256
161,1850,"[8, 0, 0, 0, 2, 4, 2, 0, 256, 16, 2, 16, 4, 16, 32, 2]",down,256
162,1886,"[8, 4, 4, 16, 2, 32, 32, 2, 256, 2, 0, 0, 4, 0, 0, 0]",up,256
163,1958,"[8, 8, 16, 0, 2, 64, 2, 0, 256, 2, 0, 0, 4, 0, 0, 2]",left,256
164,1974,"[16, 16, 4, 0, 2, 64, 2, 0, 256, 2, 0, 0, 4, 2, 0, 0]",left,256
165,1978,"[16, 16, 4, 0, 2, 64, 2, 0, 256, 4, 0, 0, 4, 0, 2, 0]",up,256
166,1982,"[16, 16, 4, 2, 2, 64, 4, 0, 256, 4, 0, 0, 4, 0, 0, 0]",up,256
167,1990,"[16, 16, 8, 2, 2, 64, 2, 0, 256, 4, 0, 0, 4, 0, 0, 0]",up,256
168,1990,"[16, 0, 2, 0, 2, 16, 0, 0, 256, 64, 8, 0, 4, 4, 2, 2]",down,256
169,1990,"[16, 16, 2, 2, 2, 64, 8, 0, 256, 4, 2, 0, 4, 0, 0, 2]",up,256
170,2026,"[32, 4, 0, 2, 2, 64, 8, 0, 256, 4, 2, 0, 4, 2, 0, 0]",left,256
171,2026,"[32, 4, 8, 2, 2, 64, 2, 0, 256, 4, 0, 0, 4, 2, 2, 0]",up,256
172,2028,"[32, 4, 0, 2, 2, 64, 0, 0, 256, 4, 8, 0, 4, 2, 4, 2]",down,256
173,2030,"[32, 4, 2, 0, 2, 64, 0, 0, 256, 4, 8, 0, 4, 2, 4, 4]",down,256
174,2038,"[0, 32, 4, 2, 0, 0, 2, 64, 2, 256, 4, 8, 0, 4, 2, 8]",right,256
175,2054,"[2, 32, 4, 2, 0, 256, 2, 64, 0, 4, 4, 16, 2, 0, 2, 0]",up,256
176,2058,"[4, 32, 4, 2, 0, 256, 2, 64, 0, 4, 4, 16, 2, 0, 2, 0]",up,256
177,2058,"[0, 0, 4, 2, 0, 32, 2, 2, 4, 256, 4, 64, 2, 4, 2, 16]",down,256
178,2062,"[4, 32, 4, 4, 2, 256, 2, 64, 0, 4, 4, 16, 2, 0, 2, 0]",up,256
179,2066,"[4, 32, 4, 4, 4, 256, 2, 64, 2, 4, 4, 16, 0, 0, 2, 0]",up,256
180,2082,"[4, 32, 8, 2, 4, 256, 2, 64, 2, 8, 16, 0, 2, 0, 0, 0]",left,256
181,2094,"[8, 32, 8, 2, 4, 256, 2, 64, 0, 8, 16, 0, 0, 0, 0, 4]",up,256
182,2094,"[8, 32, 8, 2, 4, 256, 2, 64, 8, 16, 0, 0, 4, 2, 0, 0]",left,256
183,2094,"[8, 32, 0, 0, 4, 256, 0, 2, 8, 16, 8, 2, 4, 2, 2, 64]",down,256
184,2096,"[8, 32, 0, 0, 4, 256, 0, 2, 8, 16, 8, 4, 4, 2, 2, 64]",down,256
185,2100,"[8, 32, 2, 0, 4, 256, 2, 0, 8, 16, 8, 4, 4, 4, 64, 0]",left,256
186,2108,"[8, 32, 2, 0, 4, 256, 2, 0, 8, 16, 8, 4, 8, 64, 0, 2]",left,256
187,2128,"[8, 32, 4, 4, 4, 256, 8, 2, 16, 16, 0, 0, 2, 64, 0, 0]",up,256
188,2168,"[0, 8, 32, 8, 4, 256, 8, 2, 0, 0, 0, 32, 2, 0, 2, 64]",right,256
189,2172,"[8, 32, 8, 0, 4, 256, 8, 2, 32, 0, 0, 0, 4, 64, 0, 2]",left,256
190,2192,"[8, 32, 16, 4, 4, 256, 0, 0, 32, 64, 0, 0, 4, 0, 2, 0]",up,256
191,2192,"[8, 32, 16, 4, 0, 0, 4, 256, 2, 0, 32, 64, 0, 0, 4, 2]",right,256
192,2192,"[8, 32, 16, 4, 0, 0, 4, 256, 0, 2, 32, 64, 0, 2, 4, 2]",right,256
193,2194,"[0, 0, 16, 4, 2, 0, 4, 256, 0, 32, 32, 64, 8, 4, 4, 2]",down,256
194,2194,"[2, 32, 16, 4, 8, 4, 4, 256, 0, 2, 32, 64, 0, 0, 4, 2]",up,256
195,2202,"[2, 32, 16, 4, 8, 8, 256, 2, 2, 32, 64, 0, 4, 2, 0, 0]",left,256
196,2202,"[2, 32, 2, 0, 8, 8, 16, 0, 2, 32, 256, 4, 4, 2, 64, 2]",down,256
197,2218,"[2, 32, 2, 4, 16, 16, 0, 0, 2, 32, 256, 4, 4, 2, 64, 2]",left,256
198,2226,"[2, 32, 2, 8, 16, 16, 256, 2, 2, 32, 64, 0, 4, 2, 0, 2]",up,256
199,2262,"[2, 32, 2, 8, 32, 256, 2, 0, 2, 32, 64, 2, 4, 4, 0, 0]",left,256
200,2270,"[2, 32, 2, 8, 32, 256, 2, 0, 2, 32, 64, 2, 8, 0, 2, 0]",left,256
201,2272,"[2, 0, 0, 2, 32, 32, 4, 0, 2, 256, 64, 8, 8, 32, 2, 2]",down,256
202,2272,"[2, 0, 4, 0, 32, 32, 4, 2, 2, 256, 64, 8, 8, 32, 2, 2]",down,256
203,2276,"[2, 0, 2, 0, 32, 32, 8, 2, 2, 256, 64, 8, 8, 32, 2, 2]",down,256
204,2276,"[2, 32, 2, 2, 32, 256, 8, 8, 2, 32, 64, 2, 8, 0, 2, 2]",up,256
205,2280,"[2, 32, 2, 2, 32, 256, 8, 8, 2, 32, 64, 4, 8, 2, 2, 0]",up,256
206,2304,"[2, 32, 4, 0, 32, 256, 16, 2, 2, 32, 64, 4, 8, 4, 0, 0]",left,256
207,2304,"[2, 2, 32, 4, 32, 256, 16, 2, 2, 32, 64, 4, 0, 0, 8, 4]",right,256
208,2312,"[2, 2, 32, 4, 32, 256, 16, 2, 2, 32, 64, 8, 2, 0, 8, 0]",up,256
209,2316,"[0, 4, 32, 4, 32, 256, 16, 2, 2, 32, 64, 8, 0, 2, 2, 8]",right,256
210,2324,"[0, 4, 32, 0, 2, 256, 16, 4, 32, 32, 64, 2, 2, 2, 2, 16]",down,256
211,2392,"[4, 32, 2, 0, 2, 256, 16, 4, 64, 64, 2, 0, 4, 2, 16, 0]",left,256
212,2392,"[4, 32, 2, 4, 2, 256, 16, 0, 64, 64, 2, 2, 4, 2, 16, 0]",up,256
213,2392,"[4, 32, 2, 4, 2, 256, 16, 2, 64, 64, 2, 0, 4, 2, 16, 2]",up,256
214,2520,"[4, 32, 2, 4, 2, 256, 16, 2, 128, 2, 2, 0, 4, 2, 16, 2]",left,256
215,2524,"[4, 32, 2, 4, 2, 256, 16, 2, 128, 4, 0, 2, 4, 2, 16, 2]",left,256
216,2560,"[4, 32, 2, 4, 2, 256, 32, 4, 128, 4, 0, 2, 4, 2, 0, 2]",up,256
217,2566,"[4, 32, 0, 2, 2, 256, 0, 0, 128, 4, 2, 8, 4, 2, 32, 4]",down,256
218,2566,"[4, 32, 2, 2, 2, 256, 32, 8, 128, 4, 2, 4, 4, 2, 0, 0]",up,256
219,2570,"[4, 32, 4, 0, 2, 256, 32, 8, 128, 4, 2, 4, 4, 2, 2, 0]",left,256
220,2572,"[4, 32, 0, 0, 2, 256, 4, 2, 128, 4, 32, 8, 4, 2, 4, 4]",down,256
221,2580,"[0, 0, 4, 32, 2, 256, 4, 2, 128, 4, 32, 8, 2, 4, 2, 8]",right,256
222,2612,"[2, 256, 8, 32, 128, 8, 32, 2, 2, 0, 2, 16, 2, 0, 0, 0]",up,256
223,2616,"[2, 256, 8, 32, 128, 8, 32, 2, 4, 16, 0, 2, 2, 0, 0, 0]",left,256
224,2620,"[2, 256, 8, 32, 128, 8, 32, 4, 4, 16, 2, 0, 2, 0, 0, 0]",up,256
225,2620,"[2, 0, 2, 0, 128, 256, 8, 0, 4, 8, 32, 32, 2, 16, 2, 4]",down,256
226,2620,"[2, 256, 2, 32, 128, 8, 8, 4, 4, 16, 32, 0, 2, 2, 2, 0]",up,256
227,2640,"[2, 256, 2, 32, 0, 128, 16, 4, 2, 4, 16, 32, 0, 0, 2, 4]",right,256
228,2676,"[4, 256, 2, 32, 0, 128, 32, 4, 2, 4, 2, 32, 0, 0, 0, 4]",up,256
229,2676,"[2, 0, 0, 32, 0, 256, 2, 4, 4, 128, 32, 32, 2, 4, 2, 4]",down,256
230,2740,"[0, 0, 2, 32, 0, 256, 2, 4, 2, 4, 128, 64, 2, 4, 2, 4]",right,256
231,2756,"[4, 256, 4, 32, 0, 8, 128, 4, 0, 2, 2, 64, 0, 0, 0, 4]",up,256
232,2756,"[0, 0, 0, 32, 2, 256, 4, 4, 0, 8, 128, 64, 4, 2, 2, 4]",down,256
233,2756,"[2, 256, 4, 32, 4, 8, 128, 4, 0, 2, 2, 64, 0, 0, 2, 4]",up,256
234,2758,"[0, 0, 0, 32, 2, 256, 4, 4, 2, 8, 128, 64, 4, 2, 4, 4]",down,256
235,2762,"[4, 256, 4, 32, 4, 8, 128, 4, 0, 2, 4, 64, 2, 0, 0, 4]",up,256
236,2770,"[8, 256, 4, 32, 2, 8, 128, 4, 0, 2, 4, 64, 0, 0, 2, 4]",up,256
237,2770,"[0, 0, 4, 32, 2, 256, 128, 4, 8, 8, 4, 64, 2, 2, 2, 4]",down,256
238,2770,"[2, 256, 4, 32, 8, 8, 128, 4, 2, 2, 4, 64, 2, 0, 2, 4]",up,256
239,2794,"[2, 256, 4, 32, 16, 128, 4, 0, 4, 4, 64, 0, 4, 4, 4, 0]",left,256
240,2818,"[2, 256, 8, 32, 16, 128, 64, 0, 8, 8, 4, 4, 0, 0, 0, 0]",up,256
241,2818,"[2, 256, 8, 32, 16, 128, 64, 4, 8, 8, 4, 0, 2, 0, 0, 0]",up,256
242,2818,"[2, 0, 0, 2, 16, 256, 8, 0, 8, 128, 64, 32, 2, 8, 4, 4]",down,256
243,2830,"[4, 0, 0, 0, 16, 256, 8, 4, 8, 128, 64, 32, 2, 8, 8, 0]",left,256
244,2846,"[4, 0, 0, 0, 16, 256, 8, 4, 8, 128, 64, 32, 2, 16, 2, 0]",left,256
245,2846,"[2, 0, 0, 4, 16, 256, 8, 4, 8, 128, 64, 32, 0, 2, 16, 2]",right,256
246,2854,"[2, 256, 8, 8, 16, 128, 64, 32, 8, 2, 16, 2, 0, 0, 0, 2]",up,256
247,2858,"[2, 256, 8, 8, 16, 128, 64, 32, 8, 2, 16, 4, 0, 2, 0, 0]",up,256
248,2862,"[2, 256, 8, 8, 16, 128, 64, 32, 8, 4, 16, 4, 0, 0, 2, 0]",up,256
249,2862,"[0, 0, 8, 2, 2, 256, 64, 8, 16, 128, 16, 32, 8, 4, 2, 4]",down,256
250,2862,"[2, 256, 8, 2, 16, 128, 64, 8, 8, 4, 16, 32, 2, 0, 2, 4]",up,256
251,2866,"[2, 256, 8, 2, 16, 128, 64, 8, 8, 4, 16, 32, 4, 4, 0, 2]",left,256
252,2874,"[2, 256, 8, 2, 16, 128, 64, 8, 8, 8, 16, 32, 4, 0, 2, 2]",up,256
253,2874,"[2, 2, 8, 2, 16, 256, 64, 8, 8, 128, 16, 32, 4, 8, 2, 2]",down,256
254,2882,"[4, 8, 2, 0, 16, 256, 64, 8, 8, 128, 16, 32, 4, 8, 4, 2]",left,256
255,2882,"[4, 8, 2, 8, 16, 256, 64, 32, 8, 128, 16, 2, 4, 8, 4, 2]",up,256
256,2886,"[4, 8, 2, 8, 16, 256, 64, 32, 8, 128, 16, 4, 4, 8, 4, 2]",up,256
1,0,"[4, 0, 0, 0, 0, 0, 0, 0, 0, 0, 0, 0, 0, 0, 2, 0]",up,4
2,0,"[4, 0, 2, 0, 0, 0, 2, 0, 0, 0, 0, 0, 0, 0, 0, 0]",up,4
3,4,"[4, 0, 4, 0, 0, 0, 0, 0, 0, 2, 0, 0, 0, 0, 0, 0]",up,4
4,12,"[8, 0, 0, 0, 0, 0, 0, 0, 2, 2, 0, 0, 0, 0, 0, 0]",left,8
5,12,"[8, 2, 0, 0, 2, 0, 0, 0, 0, 0, 0, 0, 0, 0, 0, 2]",up,8
6,12,"[8, 2, 0, 2, 2, 2, 0, 0, 0, 0, 0, 0, 0, 0, 0, 0]",up,8
7,16,"[8, 4, 2, 2, 2, 0, 0, 0, 0, 0, 0, 0, 0, 0, 0, 0]",up,8
8,16,"[0, 0, 0, 0, 0, 0, 4, 0, 8, 0, 0, 0, 2, 4, 2, 2]",down,8
9,16,"[8, 4, 4, 2, 2, 2, 2, 0, 0, 0, 0, 0, 0, 0, 0, 0]",up,8
10,16,"[0, 0, 0, 0, 2, 0, 0, 0, 8, 4, 4, 0, 2, 2, 2, 2]",down,8
11,16,"[2, 4, 4, 2, 8, 2, 2, 0, 2, 2, 0, 0, 0, 0, 0, 0]",up,8
12,20,"[2, 4, 4, 2, 8, 4, 2, 2, 2, 0, 0, 0, 0, 0, 0, 0]",up,8
13,32,"[2, 8, 4, 4, 8, 2, 2, 0, 2, 0, 0, 0, 0, 0, 0, 0]",up,8
14,32,"[2, 0, 0, 0, 2, 0, 0, 0, 8, 8, 4, 0, 2, 2, 2, 4]",down,8
15,36,"[4, 8, 4, 4, 8, 2, 2, 0, 2, 0, 0, 2, 0, 0, 0, 0]",up,8
16,36,"[4, 8, 4, 4, 8, 2, 2, 2, 2, 0, 0, 0, 0, 0, 2, 0]",up,8
17,40,"[4, 8, 4, 4, 8, 2, 4, 2, 2, 0, 0, 0, 0, 2, 0, 0]",up,8
18,52,"[4, 8, 8, 4, 8, 4, 0, 2, 2, 0, 0, 0, 0, 0, 0, 2]",up,8
19,56,"[4, 8, 8, 4, 8, 4, 0, 4, 2, 0, 0, 2, 0, 0, 0, 0]",up,8
20,64,"[4, 8, 8, 8, 8, 4, 0, 2, 2, 0, 0, 2, 0, 0, 0, 0]",up,8
21,68,"[4, 8, 8, 8, 8, 4, 0, 4, 2, 0, 0, 0, 0, 0, 0, 2]",up,8
22,68,"[4, 8, 8, 8, 8, 4, 2, 4, 2, 0, 0, 2, 0, 0, 0, 0]",up,8
23,68,"[0, 0, 0, 0, 4, 2, 0, 8, 8, 8, 8, 4, 2, 4, 2, 2]",down,8
24,68,"[4, 2, 8, 8, 8, 8, 2, 4, 2, 4, 0, 2, 2, 0, 0, 0]",up,8
25,72,"[4, 2, 8, 8, 8, 8, 2, 4, 4, 4, 2, 2, 0, 0, 0, 0]",up,8
26,116,"[4, 2, 16, 0, 16, 2, 4, 0, 8, 4, 0, 0, 0, 0, 2, 0]",left,16
27,120,"[4, 4, 16, 0, 16, 4, 4, 0, 8, 0, 2, 2, 0, 0, 0, 0]",up,16
28,128,"[4, 8, 16, 2, 16, 0, 4, 0, 8, 0, 2, 0, 4, 0, 0, 0]",up,16
29,128,"[4, 0, 0, 0, 16, 2, 16, 0, 8, 0, 4, 0, 4, 8, 2, 2]",down,16
30,128,"[4, 0, 0, 0, 16, 4, 16, 0, 8, 2, 4, 0, 4, 8, 2, 2]",down,16
31,128,"[4, 4, 16, 2, 16, 2, 4, 2, 8, 8, 2, 0, 4, 0, 0, 0]",up,16
32,132,"[4, 4, 16, 4, 16, 2, 4, 0, 8, 8, 2, 2, 4, 0, 0, 0]",up,16
1,0,"[4, 0, 0, 0, 0, 0, 0, 0, 0, 0, 0, 0, 0, 0, 2, 0]",up,4
2,0,"[4, 0, 2, 0, 0, 0, 2, 0, 0, 0, 0, 0, 0, 0, 0, 0]",up,4
3,4,"[4, 0, 4, 0, 0, 0, 0, 0, 0, 2, 0, 0, 0, 0, 0, 0]",up,4
4,12,"[8, 0, 0, 0, 0, 0, 0, 0, 2, 2, 0, 0, 0, 0, 0, 0]",left,8
5,12,"[8, 2, 0, 0, 2, 0, 0, 0, 0, 0, 0, 0, 0, 0, 0, 2]",up,8
6,12,"[8, 2, 0, 2, 2, 2, 0, 0, 0, 0, 0, 0, 0, 0, 0, 0]",up,8
7,16,"[8, 4, 2, 2, 2, 0, 0, 0, 0, 0, 0, 0, 0, 0, 0, 0]",up,8
8,16,"[0, 0, 0, 0, 0, 0, 4, 0, 8, 0, 0, 0, 2, 4, 2, 2]",down,8
9,16,"[8, 4, 4, 2, 2, 2, 2, 0, 0, 0, 0, 0, 0, 0, 0, 0]",up,8
10,16,"[0, 0, 0, 0, 2, 0, 0, 0, 8, 4, 4, 0, 2, 2, 2, 2]",down,8
11,16,"[2, 4, 4, 2, 8, 2, 2, 0, 2, 2, 0, 0, 0, 0, 0, 0]",up,8
12,20,"[2, 4, 4, 2, 8, 4, 2, 2, 2, 0, 0, 0, 0, 0, 0, 0]",up,8
13,32,"[2, 8, 4, 4, 8, 2, 2, 0, 2, 0, 0, 0, 0, 0, 0, 0]",up,8
14,44,"[2, 8, 8, 2, 8, 4, 0, 0, 2, 0, 0, 0, 0, 0, 0, 0]",left,8
15,44,"[0, 0, 0, 2, 2, 0, 0, 0, 8, 8, 0, 0, 2, 4, 8, 2]",down,8
16,48,"[2, 8, 8, 4, 8, 4, 2, 0, 2, 0, 0, 0, 0, 0, 0, 0]",up,8
17,48,"[0, 0, 0, 2, 2, 0, 0, 0, 8, 8, 8, 0, 2, 4, 2, 4]",down,8
18,64,"[2, 0, 0, 0, 2, 0, 0, 0, 16, 8, 0, 2, 2, 4, 2, 4]",left,16
19,68,"[4, 8, 2, 2, 16, 4, 0, 4, 2, 0, 0, 2, 0, 0, 0, 0]",up,16
20,68,"[0, 2, 0, 0, 4, 0, 0, 2, 16, 8, 0, 4, 2, 4, 2, 2]",down,16
21,68,"[4, 2, 2, 2, 16, 8, 0, 4, 2, 4, 0, 2, 0, 2, 0, 0]",up,16
22,72,"[4, 4, 2, 2, 16, 8, 4, 0, 2, 4, 2, 0, 2, 0, 0, 0]",left,16
23,76,"[4, 4, 2, 2, 16, 8, 4, 0, 4, 4, 2, 0, 0, 0, 2, 0]",up,16
24,80,"[4, 4, 2, 2, 16, 8, 4, 0, 4, 4, 4, 2, 0, 0, 0, 0]",up,16
25,92,"[4, 4, 2, 4, 16, 8, 8, 2, 4, 4, 0, 0, 0, 0, 0, 0]",up,16
26,92,"[0, 0, 0, 0, 4, 4, 0, 2, 16, 8, 2, 4, 4, 4, 8, 2]",down,16
27,92,"[4, 4, 2, 2, 16, 8, 8, 4, 4, 4, 0, 2, 0, 0, 2, 0]",up,16
28,92,"[4, 4, 2, 2, 16, 8, 8, 4, 4, 4, 2, 2, 0, 2, 0, 0]",up,16
29,92,"[0, 4, 4, 0, 4, 8, 2, 2, 16, 4, 8, 4, 4, 2, 2, 2]",down,16
30,108,"[8, 0, 0, 0, 4, 8, 4, 2, 16, 4, 8, 4, 4, 4, 2, 0]",left,16
31,116,"[8, 8, 4, 2, 4, 8, 8, 4, 16, 0, 2, 0, 4, 0, 4, 0]",up,16
32,124,"[8, 2, 4, 0, 4, 0, 8, 0, 16, 0, 2, 2, 4, 16, 4, 4]",down,16
33,124,"[8, 2, 4, 2, 4, 16, 8, 4, 16, 0, 2, 2, 4, 0, 4, 0]",up,16
34,136,"[8, 2, 4, 2, 4, 16, 8, 4, 16, 4, 0, 0, 8, 0, 2, 0]",left,16
35,136,"[8, 0, 0, 2, 4, 2, 4, 0, 16, 16, 8, 2, 8, 4, 2, 4]",down,16
36,168,"[8, 2, 0, 0, 4, 2, 4, 2, 32, 8, 2, 0, 8, 4, 2, 4]",left,32
37,176,"[8, 4, 4, 2, 4, 8, 4, 4, 32, 4, 0, 0, 8, 0, 2, 0]",up,32
38,184,"[8, 4, 8, 2, 4, 8, 2, 4, 32, 4, 2, 0, 8, 0, 0, 0]",up,32
39,188,"[8, 4, 8, 2, 4, 8, 4, 4, 32, 4, 0, 0, 8, 0, 0, 2]",up,32
40,188,"[8, 4, 8, 2, 4, 8, 4, 4, 32, 4, 0, 2, 8, 0, 2, 0]",up,32
41,188,"[8, 4, 8, 2, 4, 8, 4, 4, 32, 4, 2, 2, 8, 0, 0, 2]",up,32
42,192,"[8, 4, 8, 2, 4, 8, 4, 4, 32, 4, 2, 4, 8, 0, 2, 0]",up,32
43,204,"[8, 4, 8, 2, 4, 8, 4, 8, 32, 4, 4, 0, 8, 0, 4, 0]",up,32
44,212,"[8, 4, 8, 2, 4, 8, 8, 8, 32, 4, 4, 0, 8, 0, 0, 2]",up,32
45,228,"[8, 4, 16, 2, 4, 8, 4, 8, 32, 4, 0, 2, 8, 2, 0, 0]",up,32
46,228,"[8, 4, 2, 0, 4, 8, 0, 2, 32, 4, 16, 8, 8, 2, 4, 2]",down,32
47,228,"[8, 4, 2, 2, 4, 8, 16, 8, 32, 4, 4, 2, 8, 2, 2, 0]",up,32
48,228,"[8, 4, 2, 2, 4, 8, 16, 2, 32, 4, 4, 8, 8, 2, 2, 2]",down,32
49,232,"[8, 4, 2, 4, 4, 8, 16, 8, 32, 4, 4, 2, 8, 2, 2, 4]",up,32
50,244,"[8, 4, 2, 4, 4, 8, 16, 8, 32, 8, 2, 0, 8, 4, 4, 2]",left,32
51,260,"[8, 4, 2, 4, 4, 16, 16, 8, 32, 4, 2, 2, 8, 0, 4, 2]",up,32
52,264,"[8, 4, 2, 4, 4, 16, 16, 8, 32, 4, 2, 4, 8, 2, 4, 0]",up,32
53,264,"[8, 4, 2, 2, 4, 16, 16, 4, 32, 4, 2, 8, 8, 2, 4, 4]",down,32
54,308,"[8, 4, 4, 0, 4, 32, 4, 0, 32, 4, 2, 8, 8, 2, 8, 2]",left,32
55,316,"[8, 4, 8, 8, 4, 32, 2, 2, 32, 4, 8, 0, 8, 2, 2, 0]",up,32
56,316,"[8, 4, 8, 0, 4, 32, 2, 2, 32, 4, 8, 8, 8, 2, 2, 2]",down,32
57,316,"[8, 4, 8, 2, 4, 32, 2, 8, 32, 4, 8, 2, 8, 2, 2, 2]",up,32
58,320,"[8, 4, 8, 2, 4, 32, 2, 8, 32, 4, 8, 2, 8, 4, 2, 2]",left,32
59,326,"[8, 0, 8, 2, 4, 4, 2, 2, 32, 32, 8, 8, 8, 8, 2, 4]",down,32
60,450,"[16, 2, 0, 0, 8, 4, 2, 0, 64, 16, 0, 0, 16, 2, 4, 0]",left,64
61,450,"[0, 0, 16, 2, 0, 8, 4, 2, 0, 2, 64, 16, 0, 16, 2, 4]",right,64
62,454,"[0, 8, 16, 4, 0, 2, 4, 16, 0, 16, 64, 4, 0, 4, 2, 0]",up,64
63,454,"[0, 8, 16, 0, 2, 2, 4, 4, 0, 16, 64, 16, 0, 4, 2, 4]",down,64
64,454,"[2, 8, 16, 4, 2, 2, 4, 16, 0, 16, 64, 4, 0, 4, 2, 0]",up,64
65,458,"[4, 8, 16, 4, 0, 2, 4, 16, 2, 16, 64, 4, 0, 4, 2, 0]",up,64
66,458,"[4, 8, 16, 4, 2, 4, 16, 0, 2, 16, 64, 4, 4, 2, 0, 2]",left,64
67,502,"[4, 8, 32, 8, 4, 4, 64, 2, 4, 16, 2, 0, 0, 2, 0, 0]",up,64
68,510,"[4, 8, 32, 8, 8, 64, 2, 0, 4, 16, 2, 0, 2, 2, 0, 0]",left,64
69,512,"[4, 8, 2, 0, 8, 64, 0, 0, 4, 16, 32, 0, 2, 2, 4, 8]",down,64
70,516,"[4, 8, 2, 2, 8, 64, 0, 0, 4, 16, 32, 0, 4, 4, 8, 0]",left,64
71,528,"[4, 8, 4, 2, 8, 64, 0, 0, 4, 16, 32, 0, 8, 8, 0, 0]",left,64
72,528,"[4, 8, 4, 2, 8, 64, 32, 0, 4, 16, 2, 0, 8, 8, 0, 0]",up,64
73,528,"[4, 8, 4, 0, 8, 64, 4, 0, 4, 16, 32, 0, 8, 8, 2, 2]",down,64
74,548,"[4, 8, 4, 0, 8, 64, 4, 2, 4, 16, 32, 0, 16, 4, 0, 0]",left,64
75,556,"[4, 8, 8, 2, 8, 64, 32, 0, 4, 16, 0, 2, 16, 4, 0, 0]",up,64
76,560,"[4, 8, 8, 4, 8, 64, 32, 0, 4, 16, 2, 0, 16, 4, 0, 0]",up,64
77,560,"[4, 8, 0, 0, 8, 64, 8, 2, 4, 16, 32, 0, 16, 4, 2, 4]",down,64
78,560,"[4, 8, 8, 2, 8, 64, 32, 4, 4, 16, 2, 2, 16, 4, 0, 0]",up,64
79,580,"[4, 16, 2, 0, 8, 64, 32, 4, 4, 16, 4, 0, 16, 4, 2, 0]",left,64
80,580,"[0, 4, 16, 2, 8, 64, 32, 4, 0, 4, 16, 4, 2, 16, 4, 2]",right,64
81,580,"[4, 16, 2, 0, 8, 64, 32, 4, 4, 16, 4, 2, 2, 16, 4, 2]",left,64
82,624,"[4, 16, 2, 4, 8, 64, 32, 4, 4, 32, 8, 2, 2, 0, 0, 0]",up,64
83,632,"[4, 16, 2, 8, 8, 64, 32, 2, 4, 32, 8, 0, 2, 0, 2, 0]",up,64
84,636,"[4, 16, 2, 8, 8, 64, 32, 2, 0, 4, 32, 8, 0, 2, 0, 4]",right,64
85,636,"[4, 16, 2, 8, 8, 64, 32, 2, 4, 32, 8, 2, 2, 4, 0, 0]",left,64
86,640,"[4, 16, 2, 8, 8, 64, 32, 4, 4, 32, 8, 2, 2, 4, 0, 0]",up,64
87,640,"[4, 16, 4, 0, 8, 64, 2, 8, 4, 32, 32, 4, 2, 4, 8, 2]",down,64
88,704,"[4, 16, 4, 0, 8, 64, 2, 8, 4, 64, 4, 2, 2, 4, 8, 2]",left,64
89,836,"[4, 16, 4, 8, 8, 128, 2, 4, 4, 4, 4, 2, 2, 0, 8, 0]",up,128
90,844,"[4, 16, 4, 8, 8, 128, 2, 4, 8, 4, 2, 0, 2, 8, 2, 0]",left,128
91,854,"[2, 16, 0, 0, 4, 128, 4, 0, 16, 4, 2, 8, 2, 8, 4, 4]",down,128
92,862,"[0, 0, 2, 16, 0, 4, 128, 4, 16, 4, 2, 8, 2, 2, 8, 8]",right,128
93,874,"[0, 0, 2, 0, 2, 0, 128, 16, 16, 8, 2, 4, 2, 2, 8, 16]",down,128
94,874,"[2, 8, 2, 16, 16, 2, 128, 4, 2, 0, 2, 16, 2, 0, 8, 0]",up,128
95,876,"[0, 0, 2, 0, 2, 2, 128, 16, 16, 8, 2, 4, 4, 2, 8, 16]",down,128
96,876,"[2, 2, 2, 16, 16, 8, 128, 4, 4, 2, 2, 16, 0, 0, 8, 2]",up,128
97,884,"[4, 2, 16, 0, 16, 8, 128, 4, 4, 4, 16, 0, 8, 2, 0, 4]",left,128
98,888,"[4, 2, 0, 0, 16, 8, 16, 2, 4, 4, 128, 0, 8, 2, 16, 8]",down,128
99,896,"[4, 2, 2, 0, 16, 8, 16, 2, 8, 128, 0, 0, 8, 2, 16, 8]",left,128
100,944,"[4, 2, 2, 2, 16, 8, 32, 8, 16, 128, 0, 2, 0, 2, 0, 0]",up,128
101,976,"[4, 2, 2, 2, 32, 8, 32, 8, 2, 128, 0, 2, 0, 2, 0, 0]",up,128
102,976,"[2, 2, 0, 0, 4, 8, 0, 2, 32, 128, 2, 8, 2, 2, 32, 2]",down,128
103,984,"[0, 0, 2, 4, 0, 4, 8, 2, 32, 128, 2, 8, 0, 4, 32, 2]",right,128
104,984,"[32, 4, 2, 4, 0, 128, 8, 2, 2, 4, 2, 8, 0, 0, 32, 2]",up,128
105,984,"[32, 4, 2, 4, 128, 8, 2, 0, 2, 4, 2, 8, 32, 2, 0, 2]",left,128
106,988,"[32, 4, 4, 4, 128, 8, 2, 8, 2, 4, 2, 2, 32, 2, 0, 0]",up,128
107,992,"[32, 4, 4, 4, 128, 8, 4, 8, 2, 4, 0, 2, 32, 2, 0, 2]",up,128
108,1004,"[32, 4, 8, 4, 128, 8, 0, 8, 2, 4, 4, 4, 32, 2, 0, 0]",up,128
109,1028,"[32, 4, 8, 4, 128, 16, 0, 0, 2, 8, 4, 0, 32, 2, 2, 0]",left,128
110,1028,"[32, 4, 8, 4, 128, 16, 4, 2, 2, 8, 2, 0, 32, 2, 0, 0]",up,128
111,1028,"[32, 4, 2, 0, 128, 16, 8, 0, 2, 8, 4, 4, 32, 2, 2, 2]",down,128
112,1028,"[32, 4, 2, 4, 128, 16, 8, 2, 2, 8, 4, 2, 32, 2, 2, 0]",up,128
113,1032,"[32, 4, 2, 4, 128, 16, 8, 4, 2, 8, 4, 0, 32, 2, 2, 4]",up,128
114,1040,"[32, 4, 2, 8, 128, 16, 8, 4, 2, 8, 4, 2, 32, 2, 2, 0]",up,128
115,1040,"[32, 4, 2, 2, 128, 16, 8, 8, 2, 8, 4, 4, 32, 2, 2, 2]",down,128
116,1072,"[0, 32, 4, 4, 0, 128, 16, 16, 2, 2, 8, 8, 0, 32, 2, 4]",right,128
117,1072,"[2, 32, 4, 4, 0, 128, 16, 16, 2, 2, 8, 8, 0, 32, 2, 4]",up,128
118,1076,"[4, 32, 4, 4, 0, 128, 16, 16, 4, 2, 8, 8, 0, 32, 2, 4]",up,128
119,1132,"[0, 4, 32, 8, 0, 0, 128, 32, 2, 4, 2, 16, 0, 32, 2, 4]",right,128
120,1138,"[2, 0, 0, 8, 0, 0, 32, 32, 0, 8, 128, 16, 2, 32, 4, 4]",down,128
121,1140,"[0, 2, 0, 8, 0, 0, 32, 32, 0, 8, 128, 16, 4, 32, 4, 4]",down,128
122,1212,"[2, 8, 0, 0, 64, 0, 0, 0, 8, 128, 16, 0, 4, 32, 8, 4]",left,128
123,1212,"[2, 8, 16, 4, 64, 128, 8, 0, 8, 32, 2, 0, 4, 0, 0, 0]",up,128
124,1212,"[2, 0, 0, 0, 64, 8, 16, 2, 8, 128, 8, 0, 4, 32, 2, 4]",down,128
125,1212,"[0, 0, 2, 2, 64, 8, 16, 2, 0, 8, 128, 8, 4, 32, 2, 4]",right,128
126,1232,"[64, 16, 2, 4, 4, 32, 16, 8, 0, 0, 128, 4, 0, 2, 2, 0]",up,128
127,1232,"[64, 16, 2, 4, 4, 32, 16, 8, 0, 2, 128, 4, 0, 2, 2, 0]",up,128
128,1236,"[64, 16, 2, 4, 4, 32, 16, 8, 0, 4, 128, 4, 0, 0, 2, 2]",up,128
129,1240,"[64, 16, 2, 4, 4, 32, 16, 8, 4, 128, 4, 0, 4, 2, 0, 0]",left,128
130,1240,"[64, 16, 2, 4, 4, 32, 16, 8, 0, 4, 128, 4, 0, 2, 4, 2]",right,128
131,1240,"[64, 16, 2, 4, 4, 32, 16, 8, 4, 128, 4, 2, 2, 4, 2, 0]",left,128
132,1248,"[64, 16, 2, 4, 8, 32, 16, 8, 2, 128, 4, 2, 2, 4, 2, 0]",up,128
133,1250,"[2, 16, 2, 0, 64, 32, 16, 4, 8, 128, 4, 8, 4, 4, 2, 2]",down,128
134,1250,"[2, 16, 2, 4, 64, 32, 16, 8, 8, 128, 4, 2, 4, 4, 2, 4]",up,128
135,1258,"[2, 16, 2, 4, 64, 32, 16, 8, 8, 128, 4, 2, 8, 2, 4, 2]",left,128
136,1286,"[2, 16, 2, 4, 64, 32, 16, 8, 16, 128, 8, 4, 0, 2, 2, 0]",up,128
137,1286,"[2, 16, 2, 0, 2, 32, 16, 4, 64, 128, 8, 8, 16, 2, 2, 4]",down,128
138,1306,"[4, 2, 16, 2, 2, 32, 16, 4, 0, 64, 128, 16, 0, 16, 4, 4]",right,128
139,1322,"[0, 2, 0, 2, 2, 32, 32, 4, 4, 64, 128, 16, 2, 16, 4, 4]",down,128
140,1398,"[4, 0, 4, 0, 2, 64, 4, 0, 4, 64, 128, 16, 2, 16, 8, 0]",left,128
141,1406,"[8, 0, 0, 0, 2, 64, 4, 0, 4, 64, 128, 16, 2, 16, 8, 2]",left,128
142,1406,"[0, 0, 2, 8, 0, 2, 64, 4, 4, 64, 128, 16, 2, 16, 8, 2]",right,128
143,1406,"[4, 2, 2, 8, 2, 64, 64, 4, 0, 16, 128, 16, 2, 0, 8, 2]",up,128
144,1410,"[4, 2, 2, 8, 4, 64, 64, 4, 0, 16, 128, 16, 2, 0, 8, 2]",up,128
145,1542,"[4, 4, 8, 0, 4, 128, 4, 2, 16, 128, 16, 0, 2, 8, 2, 0]",left,128
146,1550,"[8, 8, 4, 0, 4, 128, 4, 2, 16, 128, 16, 0, 2, 8, 2, 0]",left,128
147,1682,"[8, 0, 0, 0, 4, 8, 8, 0, 16, 256, 16, 2, 2, 8, 2, 2]",down,256
148,1702,"[8, 4, 0, 0, 4, 16, 0, 0, 16, 256, 16, 2, 2, 8, 4, 0]",left,256
149,1702,"[8, 4, 16, 2, 4, 16, 4, 0, 16, 256, 0, 0, 2, 8, 0, 2]",up,256
150,1706,"[8, 4, 16, 4, 4, 16, 4, 0, 16, 256, 0, 0, 2, 8, 0, 2]",up,256
151,1706,"[8, 4, 16, 4, 0, 4, 16, 4, 0, 2, 16, 256, 0, 2, 8, 2]",right,256
152,1758,"[8, 8, 32, 8, 0, 4, 16, 256, 0, 4, 8, 2, 0, 0, 0, 0]",up,256
153,1766,"[8, 8, 32, 8, 0, 8, 16, 256, 0, 0, 8, 2, 0, 2, 0, 0]",up,256
154,1774,"[0, 0, 0, 2, 0, 0, 32, 8, 0, 16, 16, 256, 8, 2, 8, 2]",down,256
155,1774,"[8, 16, 32, 2, 2, 2, 16, 8, 0, 0, 8, 256, 0, 0, 0, 2]",up,256
156,1774,"[0, 0, 2, 2, 0, 0, 32, 8, 8, 16, 16, 256, 2, 2, 8, 2]",down,256
157,1774,"[8, 16, 2, 2, 2, 2, 32, 8, 2, 0, 16, 256, 0, 0, 8, 2]",up,256
158,1778,"[8, 16, 2, 2, 4, 2, 32, 8, 0, 0, 16, 256, 0, 2, 8, 2]",up,256
159,1782,"[8, 16, 2, 2, 4, 4, 32, 8, 2, 0, 16, 256, 0, 0, 8, 2]",up,256
160,1782,"[4, 0, 2, 2, 8, 0, 32, 8, 4, 16, 16, 256, 2, 4, 8, 2]",down,256
161,1818,"[0, 0, 4, 4, 0, 8, 32, 8, 2, 4, 32, 256, 2, 4, 8, 2]",right,256
162,1894,"[4, 8, 4, 4, 2, 8, 64, 8, 0, 0, 8, 256, 0, 0, 0, 2]",up,256
163,1910,"[4, 16, 4, 4, 2, 0, 64, 8, 2, 0, 8, 256, 0, 0, 0, 2]",up,256
164,1914,"[4, 16, 4, 4, 4, 0, 64, 8, 2, 0, 8, 256, 0, 0, 0, 2]",up,256
165,1922,"[8, 16, 4, 4, 2, 0, 64, 8, 0, 0, 8, 256, 2, 0, 0, 2]",up,256
166,1926,"[8, 16, 4, 4, 4, 0, 64, 8, 0, 0, 8, 256, 0, 2, 0, 2]",up,256
167,1926,"[8, 16, 4, 4, 4, 2, 64, 8, 0, 0, 8, 256, 0, 0, 2, 2]",up,256
168,1926,"[0, 0, 4, 4, 0, 2, 64, 8, 8, 16, 8, 256, 4, 2, 2, 2]",down,256
169,1926,"[8, 2, 4, 4, 4, 16, 64, 8, 2, 2, 8, 256, 0, 0, 2, 2]",up,256
170,1926,"[0, 2, 4, 4, 8, 2, 64, 8, 4, 16, 8, 256, 2, 2, 2, 2]",down,256
171,1942,"[2, 0, 2, 8, 8, 2, 64, 8, 4, 16, 8, 256, 0, 0, 4, 4]",right,256
172,1958,"[2, 2, 2, 16, 8, 16, 64, 256, 4, 0, 8, 4, 0, 4, 4, 0]",up,256
173,1958,"[2, 2, 2, 16, 8, 16, 64, 256, 4, 4, 8, 4, 0, 2, 4, 0]",up,256
174,1970,"[4, 2, 16, 0, 8, 16, 64, 256, 8, 8, 4, 0, 2, 4, 0, 2]",left,256
175,1978,"[0, 2, 0, 0, 4, 16, 16, 2, 16, 8, 64, 256, 2, 4, 4, 2]",down,256
176,2018,"[2, 2, 0, 0, 4, 32, 2, 0, 16, 8, 64, 256, 2, 8, 2, 0]",left,256
177,2034,"[2, 2, 2, 256, 4, 32, 64, 0, 16, 16, 2, 0, 2, 0, 0, 2]",up,256
178,2074,"[4, 2, 256, 2, 4, 32, 64, 0, 32, 2, 0, 0, 4, 0, 0, 0]",left,256
179,2082,"[8, 2, 256, 2, 32, 32, 64, 0, 4, 2, 4, 0, 0, 0, 0, 0]",up,256
180,2082,"[0, 0, 0, 0, 8, 2, 256, 2, 32, 32, 64, 0, 4, 2, 4, 2]",down,256
181,2086,"[8, 2, 256, 4, 32, 32, 64, 0, 4, 2, 4, 0, 0, 0, 0, 2]",up,256
182,2086,"[8, 2, 256, 4, 32, 32, 64, 2, 4, 2, 4, 0, 0, 2, 0, 0]",up,256
183,2090,"[8, 2, 256, 4, 32, 32, 64, 2, 4, 4, 4, 0, 0, 0, 0, 2]",up,256
184,2094,"[8, 2, 256, 4, 32, 32, 64, 4, 4, 4, 4, 0, 0, 2, 0, 0]",up,256
185,2166,"[8, 2, 256, 4, 0, 64, 64, 4, 2, 0, 4, 8, 0, 0, 0, 2]",right,256
186,2174,"[8, 2, 256, 8, 2, 64, 64, 8, 2, 0, 4, 2, 0, 0, 0, 0]",up,256
187,2194,"[8, 2, 256, 16, 4, 64, 64, 2, 2, 0, 4, 0, 0, 0, 0, 0]",up,256
188,2194,"[4, 0, 0, 0, 8, 0, 256, 0, 4, 2, 64, 16, 2, 64, 4, 2]",down,256
189,2194,"[4, 2, 256, 16, 8, 64, 64, 2, 4, 0, 4, 0, 2, 2, 0, 0]",up,256
190,2334,"[4, 2, 256, 16, 8, 128, 2, 0, 8, 0, 0, 2, 4, 0, 0, 0]",left,256
191,2350,"[4, 2, 256, 16, 16, 128, 2, 2, 4, 2, 0, 0, 0, 0, 0, 0]",up,256
192,2350,"[0, 2, 0, 0, 4, 2, 0, 0, 16, 128, 256, 16, 4, 2, 2, 2]",down,256
193,2354,"[2, 0, 0, 0, 4, 2, 0, 2, 16, 128, 256, 16, 4, 4, 2, 0]",left,256
194,2354,"[2, 2, 256, 2, 4, 128, 2, 16, 16, 4, 0, 2, 4, 0, 0, 0]",up,256
195,2354,"[2, 2, 0, 0, 4, 2, 0, 2, 16, 128, 256, 16, 4, 4, 2, 2]",down,256
196,2374,"[0, 0, 0, 4, 0, 4, 4, 4, 16, 128, 256, 16, 0, 0, 8, 4]",right,256
197,2382,"[16, 4, 4, 8, 0, 128, 256, 16, 0, 0, 8, 4, 0, 0, 0, 4]",up,256
198,2390,"[16, 4, 4, 8, 2, 128, 256, 16, 0, 0, 8, 8, 0, 0, 0, 0]",up,256
199,2390,"[0, 2, 0, 0, 0, 0, 4, 8, 16, 4, 256, 16, 2, 128, 8, 8]",down,256
200,2390,"[16, 2, 4, 8, 2, 4, 256, 16, 0, 128, 8, 8, 2, 0, 0, 0]",up,256
201,2406,"[16, 2, 4, 8, 2, 4, 256, 16, 128, 16, 2, 0, 2, 0, 0, 0]",left,256
202,2406,"[16, 2, 0, 0, 2, 2, 4, 0, 128, 4, 256, 8, 2, 16, 2, 16]",down,256
203,2410,"[16, 4, 4, 8, 2, 4, 256, 16, 128, 16, 2, 2, 2, 0, 0, 0]",up,256
204,2422,"[16, 8, 8, 0, 2, 4, 256, 16, 128, 16, 4, 0, 2, 2, 0, 0]",left,256
205,2422,"[16, 8, 8, 16, 2, 4, 256, 0, 128, 16, 4, 0, 2, 2, 0, 2]",up,256
206,2442,"[16, 16, 16, 0, 2, 4, 256, 2, 128, 16, 4, 0, 4, 2, 0, 0]",left,256
207,2442,"[16, 16, 0, 0, 2, 4, 16, 2, 128, 16, 256, 0, 4, 2, 4, 2]",down,256
208,2446,"[16, 16, 16, 4, 2, 4, 256, 0, 128, 16, 4, 2, 4, 2, 0, 0]",up,256
209,2478,"[32, 16, 4, 0, 2, 4, 256, 2, 128, 16, 4, 2, 4, 2, 0, 0]",left,256
210,2480,"[32, 16, 0, 0, 2, 4, 4, 2, 128, 16, 256, 0, 4, 2, 4, 4]",down,256
211,2480,"[32, 16, 2, 0, 2, 4, 4, 0, 128, 16, 256, 2, 4, 2, 4, 4]",down,256
212,2480,"[32, 16, 2, 2, 2, 4, 4, 4, 128, 16, 256, 0, 4, 2, 4, 2]",up,256
213,2480,"[32, 16, 2, 2, 2, 4, 4, 4, 128, 16, 256, 2, 4, 2, 4, 2]",up,256
214,2492,"[2, 32, 16, 4, 0, 2, 4, 8, 128, 16, 256, 2, 4, 2, 4, 2]",right,256
215,2496,"[2, 32, 16, 4, 128, 2, 4, 8, 4, 16, 256, 4, 2, 2, 4, 0]",up,256
216,2496,"[2, 32, 16, 2, 128, 2, 4, 4, 4, 16, 256, 8, 2, 2, 4, 4]",down,256
217,2516,"[2, 32, 16, 2, 128, 2, 8, 0, 4, 16, 256, 8, 4, 8, 0, 2]",left,256
218,2524,"[2, 32, 16, 2, 128, 2, 8, 8, 8, 16, 256, 2, 2, 8, 0, 0]",up,256
219,2524,"[2, 32, 0, 2, 128, 2, 16, 2, 8, 16, 8, 8, 2, 8, 256, 2]",down,256
220,2540,"[0, 2, 32, 2, 128, 2, 16, 2, 2, 8, 16, 16, 2, 8, 256, 2]",right,256
221,2600,"[128, 4, 32, 4, 4, 16, 32, 16, 0, 0, 256, 2, 0, 0, 2, 0]",up,256
222,2664,"[128, 4, 64, 4, 4, 16, 256, 16, 0, 0, 2, 2, 0, 0, 2, 0]",up,256
223,2668,"[128, 4, 64, 4, 4, 16, 256, 16, 4, 0, 0, 0, 2, 0, 2, 0]",left,256
224,2676,"[128, 4, 64, 4, 8, 16, 256, 16, 2, 2, 2, 0, 0, 0, 0, 0]",up,256
225,2676,"[0, 0, 2, 0, 128, 4, 64, 0, 8, 16, 256, 4, 2, 2, 2, 16]",down,256
226,2680,"[0, 0, 2, 2, 0, 128, 4, 64, 8, 16, 256, 4, 0, 2, 4, 16]",right,256
227,2680,"[8, 128, 2, 2, 2, 16, 4, 64, 0, 2, 256, 4, 0, 0, 4, 16]",up,256
228,2680,"[0, 0, 2, 2, 2, 128, 4, 64, 8, 16, 256, 4, 2, 2, 4, 16]",down,256
229,2680,"[2, 128, 2, 2, 8, 16, 4, 64, 2, 2, 256, 4, 2, 0, 4, 16]",up,256
230,2684,"[2, 128, 2, 2, 8, 16, 4, 64, 4, 2, 256, 4, 4, 0, 4, 16]",up,256
231,2696,"[2, 128, 4, 2, 8, 16, 4, 64, 4, 2, 256, 4, 8, 16, 0, 0]",left,256
232,2704,"[2, 128, 8, 2, 8, 16, 256, 64, 4, 2, 0, 4, 8, 16, 2, 0]",up,256
233,2704,"[2, 128, 8, 2, 8, 16, 256, 64, 4, 2, 2, 4, 8, 16, 0, 4]",up,256
234,2712,"[2, 128, 8, 2, 8, 16, 256, 64, 4, 2, 2, 8, 8, 16, 0, 2]",up,256
235,2716,"[2, 128, 8, 2, 8, 16, 256, 64, 4, 4, 8, 2, 8, 16, 2, 0]",left,256
236,2716,"[2, 128, 8, 2, 8, 16, 256, 2, 4, 4, 8, 64, 8, 16, 2, 2]",down,256
237,2728,"[2, 128, 8, 2, 8, 16, 256, 2, 8, 8, 64, 2, 8, 16, 4, 0]",left,256
238,2748,"[2, 128, 8, 4, 16, 16, 256, 2, 8, 8, 64, 0, 2, 16, 4, 0]",up,256
239,2748,"[2, 128, 8, 0, 16, 16, 256, 2, 8, 8, 64, 4, 2, 16, 4, 2]",down,256
240,2796,"[2, 2, 128, 8, 0, 32, 256, 2, 0, 16, 64, 4, 2, 16, 4, 2]",right,256
241,2832,"[4, 2, 128, 8, 0, 32, 256, 2, 0, 32, 64, 4, 0, 2, 4, 2]",up,256
242,2896,"[4, 2, 128, 8, 0, 64, 256, 2, 2, 2, 64, 4, 0, 0, 4, 2]",up,256
243,2900,"[4, 2, 128, 8, 64, 256, 2, 0, 4, 64, 4, 0, 4, 2, 2, 0]",left,256
244,2904,"[4, 2, 128, 8, 0, 64, 256, 2, 0, 4, 64, 4, 2, 0, 4, 4]",right,256
245,2912,"[4, 2, 128, 8, 2, 64, 256, 2, 2, 4, 64, 8, 0, 0, 4, 0]",up,256
246,2916,"[4, 2, 128, 8, 4, 64, 256, 2, 0, 4, 64, 8, 0, 2, 4, 0]",up,256
247,2916,"[4, 2, 128, 8, 4, 64, 256, 2, 4, 64, 8, 0, 2, 4, 0, 2]",left,256
248,3056,"[8, 2, 128, 8, 4, 128, 256, 4, 2, 4, 8, 0, 0, 2, 0, 0]",up,256
249,3056,"[0, 2, 0, 2, 8, 128, 128, 0, 4, 4, 256, 8, 2, 2, 8, 4]",down,256
250,3056,"[8, 2, 128, 2, 4, 128, 256, 8, 2, 4, 8, 4, 0, 2, 2, 0]",up,256
251,3056,"[0, 2, 128, 4, 8, 128, 256, 2, 4, 4, 8, 8, 2, 2, 2, 4]",down,256
252,3084,"[2, 128, 4, 2, 8, 128, 256, 2, 8, 16, 0, 0, 4, 2, 4, 0]",left,256
253,3360,"[2, 256, 4, 4, 16, 16, 256, 0, 4, 2, 4, 0, 0, 0, 2, 0]",up,256
254,3360,"[0, 0, 4, 0, 2, 256, 256, 0, 16, 16, 4, 2, 4, 2, 2, 4]",down,256
255,3908,"[4, 0, 2, 0, 2, 512, 0, 0, 32, 4, 2, 0, 4, 4, 4, 0]",left,512
256,3920,"[4, 512, 4, 0, 2, 8, 4, 0, 32, 0, 0, 2, 4, 0, 0, 0]",up,512
257,3928,"[4, 512, 8, 2, 2, 8, 0, 0, 32, 0, 4, 0, 4, 0, 0, 0]",up,512
258,3928,"[4, 512, 8, 2, 2, 8, 0, 0, 32, 4, 0, 0, 4, 0, 2, 0]",left,512
259,3928,"[4, 0, 0, 0, 2, 512, 2, 0, 32, 8, 8, 0, 4, 4, 2, 2]",down,512
260,3928,"[4, 512, 2, 2, 2, 8, 8, 0, 32, 4, 2, 0, 4, 2, 0, 0]",up,512
261,3948,"[4, 512, 4, 0, 2, 16, 0, 0, 32, 4, 2, 0, 4, 2, 2, 0]",left,512
262,3952,"[0, 4, 512, 4, 0, 0, 2, 16, 0, 32, 4, 2, 2, 0, 4, 4]",right,512
263,3960,"[2, 4, 512, 4, 0, 32, 2, 16, 0, 0, 8, 2, 0, 2, 0, 4]",up,512
264,3960,"[2, 4, 512, 4, 0, 32, 2, 16, 0, 2, 8, 2, 2, 0, 0, 4]",up,512
265,3964,"[4, 4, 512, 4, 0, 32, 2, 16, 0, 2, 8, 2, 2, 0, 0, 4]",up,512
266,3964,"[4, 4, 512, 4, 2, 32, 2, 16, 0, 2, 8, 2, 4, 0, 0, 4]",up,512
267,3964,"[4, 4, 512, 4, 2, 32, 2, 16, 4, 2, 8, 2, 0, 0, 2, 4]",up,512
268,3972,"[8, 512, 4, 0, 2, 32, 2, 16, 4, 2, 8, 2, 2, 4, 2, 0]",left,512
269,3972,"[8, 512, 4, 16, 2, 32, 2, 2, 4, 2, 8, 0, 2, 4, 2, 2]",up,512
270,3976,"[8, 512, 4, 16, 2, 32, 2, 4, 4, 2, 8, 0, 2, 4, 2, 2]",up,512
271,3980,"[8, 512, 4, 16, 2, 32, 2, 4, 0, 4, 2, 8, 2, 2, 4, 4]",right,512
272,3988,"[8, 512, 4, 16, 4, 32, 4, 4, 4, 4, 4, 8, 0, 2, 0, 4]",up,512
273,4004,"[8, 512, 8, 16, 8, 32, 4, 4, 0, 4, 0, 8, 0, 2, 2, 4]",up,512
274,4020,"[16, 512, 8, 16, 2, 32, 4, 4, 0, 4, 2, 8, 0, 2, 0, 4]",up,512
275,4020,"[0, 512, 0, 16, 2, 32, 8, 4, 16, 4, 4, 8, 2, 2, 2, 4]",down,512
276,4020,"[2, 512, 8, 16, 16, 32, 4, 4, 2, 4, 2, 8, 0, 2, 2, 4]",up,512
277,4024,"[2, 512, 8, 16, 16, 32, 4, 4, 2, 4, 4, 8, 0, 2, 2, 4]",up,512
278,4028,"[2, 512, 0, 16, 2, 32, 8, 4, 16, 4, 8, 8, 2, 2, 2, 4]",down,512
279,4048,"[4, 512, 16, 16, 16, 32, 2, 4, 2, 4, 0, 8, 0, 2, 2, 4]",up,512
280,4052,"[4, 512, 16, 16, 16, 32, 4, 4, 2, 4, 2, 8, 0, 2, 0, 4]",up,512
281,4092,"[4, 512, 32, 0, 16, 32, 8, 0, 2, 4, 2, 8, 2, 4, 0, 4]",left,512
282,4098,"[2, 0, 0, 0, 4, 512, 32, 0, 16, 32, 8, 8, 4, 8, 2, 4]",down,512
283,4098,"[2, 512, 32, 8, 4, 32, 8, 4, 16, 8, 2, 0, 4, 2, 0, 0]",up,512
284,4098,"[2, 512, 2, 0, 4, 32, 32, 0, 16, 8, 8, 8, 4, 2, 2, 4]",down,512
285,4182,"[2, 512, 2, 0, 4, 64, 0, 2, 16, 16, 8, 0, 4, 4, 4, 0]",left,512
286,4182,"[2, 512, 2, 2, 4, 64, 8, 0, 16, 16, 4, 2, 4, 4, 0, 0]",up,512
287,4186,"[2, 512, 2, 4, 4, 64, 8, 0, 16, 16, 4, 0, 4, 4, 4, 0]",up,512
288,4190,"[2, 512, 0, 0, 4, 64, 2, 2, 16, 16, 8, 0, 4, 4, 8, 4]",down,512
289,4234,"[2, 512, 0, 2, 4, 64, 4, 0, 32, 8, 0, 0, 8, 8, 4, 0]",left,512
290,4250,"[2, 512, 2, 0, 4, 64, 4, 0, 32, 8, 2, 0, 16, 4, 0, 0]",left,512
291,4250,"[2, 512, 0, 0, 4, 64, 2, 0, 32, 8, 4, 2, 16, 4, 2, 0]",down,512
292,4250,"[2, 512, 0, 4, 4, 64, 2, 0, 32, 8, 4, 0, 16, 4, 2, 2]",down,512
293,4250,"[2, 512, 0, 2, 4, 64, 2, 0, 32, 8, 4, 4, 16, 4, 2, 2]",down,512
294,4250,"[2, 512, 2, 2, 4, 64, 4, 4, 32, 8, 2, 2, 16, 4, 0, 2]",up,512
295,4254,"[2, 512, 2, 2, 4, 64, 4, 4, 32, 8, 2, 4, 16, 4, 2, 0]",up,512
296,4266,"[2, 512, 2, 2, 4, 64, 4, 8, 32, 8, 4, 0, 16, 4, 0, 2]",up,512
297,4270,"[0, 2, 512, 4, 4, 64, 4, 8, 0, 32, 8, 4, 2, 16, 4, 2]",right,512
298,4270,"[2, 512, 4, 2, 4, 64, 4, 8, 32, 8, 4, 0, 2, 16, 4, 2]",left,512
299,4286,"[2, 512, 8, 2, 4, 64, 8, 8, 32, 8, 0, 2, 2, 16, 0, 2]",up,512
300,4306,"[2, 512, 16, 2, 4, 64, 0, 8, 32, 8, 0, 4, 2, 16, 2, 0]",up,512
301,4306,"[2, 512, 16, 2, 4, 64, 8, 0, 32, 8, 4, 0, 2, 16, 2, 2]",left,512
302,4308,"[2, 512, 16, 0, 4, 64, 8, 0, 32, 8, 4, 2, 2, 16, 2, 4]",down,512
303,4308,"[2, 512, 16, 2, 4, 64, 8, 4, 32, 8, 4, 2, 2, 16, 2, 0]",up,512
304,4308,"[2, 512, 16, 2, 4, 64, 8, 2, 32, 8, 4, 4, 2, 16, 2, 2]",down,512
305,4320,"[2, 512, 16, 2, 4, 64, 8, 2, 32, 8, 8, 0, 2, 16, 4, 2]",left,512
306,4336,"[2, 512, 16, 2, 4, 64, 8, 2, 32, 16, 0, 2, 2, 16, 4, 2]",left,512
307,4376,"[2, 512, 16, 4, 4, 64, 8, 4, 32, 32, 4, 0, 2, 0, 0, 2]",up,512
308,4380,"[2, 0, 0, 0, 4, 512, 16, 2, 32, 64, 8, 8, 2, 32, 4, 2]",down,512
309,4380,"[2, 512, 16, 2, 4, 64, 8, 8, 32, 32, 4, 2, 2, 2, 0, 0]",up,512
310,4464,"[2, 512, 16, 2, 4, 64, 16, 2, 64, 4, 2, 0, 4, 0, 0, 0]",left,512
311,4500,"[2, 512, 32, 4, 4, 64, 2, 0, 64, 4, 0, 0, 4, 0, 0, 4]",up,512
312,4508,"[2, 512, 32, 4, 0, 4, 64, 2, 0, 0, 64, 4, 0, 0, 2, 8]",right,512
313,4508,"[2, 512, 32, 4, 4, 64, 2, 0, 64, 4, 2, 0, 2, 8, 0, 0]",left,512
314,4508,"[2, 512, 32, 4, 0, 4, 64, 2, 0, 64, 4, 2, 0, 2, 2, 8]",right,512
315,4512,"[2, 512, 32, 4, 0, 4, 64, 4, 2, 64, 4, 8, 0, 2, 2, 0]",up,512
316,4518,"[0, 512, 32, 0, 0, 4, 64, 0, 2, 64, 4, 8, 4, 2, 2, 8]",down,512
317,4522,"[512, 32, 0, 2, 4, 64, 0, 0, 2, 64, 4, 8, 4, 4, 8, 0]",left,512
318,4650,"[512, 32, 4, 2, 4, 128, 8, 8, 2, 4, 0, 0, 4, 0, 0, 2]",up,512
319,4650,"[512, 32, 4, 2, 4, 128, 8, 8, 2, 4, 0, 2, 4, 0, 0, 4]",up,512
320,4650,"[512, 0, 2, 2, 4, 32, 0, 8, 2, 128, 4, 2, 4, 4, 8, 4]",down,512
321,4662,"[512, 4, 0, 0, 4, 32, 8, 4, 2, 128, 4, 2, 8, 8, 4, 0]",left,512
322,4678,"[2, 0, 512, 4, 4, 32, 8, 4, 2, 128, 4, 2, 0, 0, 16, 4]",right,512
323,4678,"[0, 2, 512, 4, 4, 32, 8, 4, 2, 128, 4, 2, 0, 2, 16, 4]",right,512
324,4678,"[2, 512, 4, 0, 4, 32, 8, 4, 2, 128, 4, 2, 2, 16, 4, 2]",left,512
325,4694,"[2, 512, 4, 4, 4, 32, 8, 4, 4, 128, 8, 0, 0, 16, 0, 2]",up,512
326,4726,"[2, 512, 4, 8, 8, 32, 16, 2, 0, 128, 0, 0, 0, 16, 0, 2]",up,512
327,4730,"[2, 512, 4, 8, 8, 32, 16, 4, 0, 128, 0, 2, 0, 16, 0, 0]",up,512
328,4730,"[4, 512, 0, 0, 0, 32, 0, 8, 2, 128, 4, 4, 8, 16, 16, 2]",down,512
329,4730,"[4, 512, 4, 8, 2, 32, 16, 4, 8, 128, 2, 2, 0, 16, 0, 0]",up,512
330,4734,"[4, 512, 4, 8, 2, 32, 16, 4, 8, 128, 4, 0, 16, 0, 2, 0]",left,512
331,4734,"[4, 0, 4, 0, 2, 512, 16, 2, 8, 32, 4, 8, 16, 128, 2, 4]",down,512
332,4742,"[8, 0, 2, 0, 2, 512, 16, 2, 8, 32, 4, 8, 16, 128, 2, 4]",left,512
333,4742,"[8, 512, 2, 2, 2, 32, 16, 8, 8, 128, 4, 4, 16, 0, 2, 2]",up,512
334,4758,"[8, 512, 4, 0, 2, 32, 16, 8, 8, 128, 8, 0, 16, 4, 0, 2]",left,512
335,4758,"[8, 512, 4, 0, 2, 32, 16, 8, 8, 128, 8, 2, 16, 4, 2, 0]",left,512
336,4758,"[8, 512, 4, 8, 2, 32, 16, 2, 8, 128, 8, 2, 16, 4, 2, 0]",up,512
337,4762,"[8, 512, 4, 8, 2, 32, 16, 4, 8, 128, 8, 4, 16, 4, 2, 0]",up,512
338,4770,"[8, 512, 4, 8, 2, 32, 16, 8, 8, 128, 8, 0, 16, 4, 2, 2]",up,512
339,4786,"[8, 512, 4, 16, 2, 32, 16, 2, 8, 128, 8, 0, 16, 4, 2, 2]",up,512
340,4790,"[8, 512, 4, 16, 2, 32, 16, 2, 8, 128, 8, 0, 16, 4, 4, 2]",left,512
341,4794,"[8, 512, 4, 16, 2, 32, 16, 4, 8, 128, 8, 2, 16, 4, 4, 0]",up,512
342,4794,"[8, 512, 4, 2, 2, 32, 16, 16, 8, 128, 8, 4, 16, 4, 4, 2]",down,512
343,4834,"[8, 512, 4, 2, 2, 32, 32, 0, 8, 128, 8, 4, 16, 8, 2, 2]",left,512
344,4902,"[8, 512, 4, 2, 2, 64, 0, 0, 8, 128, 8, 4, 16, 8, 4, 2]",left,512
345,4902,"[8, 512, 4, 2, 2, 0, 2, 64, 8, 128, 8, 4, 16, 8, 4, 2]",right,512
346,4906,"[8, 512, 4, 2, 4, 64, 2, 0, 8, 128, 8, 4, 16, 8, 4, 2]",left,512
347,4906,"[8, 512, 4, 2, 4, 64, 2, 4, 8, 128, 8, 2, 16, 8, 4, 2]",up,512
348,4908,"[8, 512, 4, 2, 4, 64, 2, 2, 8, 128, 8, 4, 16, 8, 4, 4]",down,512
349,4920,"[8, 512, 4, 2, 0, 4, 64, 4, 8, 128, 8, 4, 2, 16, 8, 8]",right,512
350,4940,"[2, 512, 0, 0, 0, 4, 4, 2, 16, 128, 64, 8, 2, 16, 16, 8]",down,512
351,4948,"[0, 512, 0, 2, 2, 4, 4, 0, 16, 128, 64, 2, 2, 16, 16, 16]",down,512
352,4988,"[0, 0, 512, 2, 2, 0, 2, 8, 16, 128, 64, 2, 0, 2, 16, 32]",right,512
353,4988,"[2, 128, 512, 2, 16, 2, 2, 8, 0, 2, 64, 2, 0, 0, 16, 32]",up,512
354,4992,"[2, 128, 512, 2, 16, 4, 2, 8, 0, 0, 64, 2, 0, 2, 16, 32]",up,512
355,4992,"[0, 2, 512, 2, 0, 128, 2, 8, 2, 4, 64, 2, 16, 2, 16, 32]",down,512
356,4992,"[2, 2, 512, 2, 16, 128, 2, 8, 0, 4, 64, 2, 2, 2, 16, 32]",up,512
357,5000,"[4, 512, 2, 0, 16, 128, 2, 8, 4, 64, 2, 4, 4, 16, 32, 0]",left,512
358,5006,"[0, 512, 2, 0, 4, 128, 2, 0, 16, 64, 4, 8, 8, 16, 32, 4]",down,512
359,5008,"[0, 512, 0, 0, 4, 128, 4, 2, 16, 64, 4, 8, 8, 16, 32, 4]",down,512
360,5012,"[0, 512, 0, 0, 4, 128, 2, 2, 16, 64, 8, 8, 8, 16, 32, 4]",down,512
361,5032,"[512, 0, 0, 2, 4, 128, 4, 0, 16, 64, 16, 0, 8, 16, 32, 4]",left,512
362,5032,"[512, 2, 2, 0, 4, 128, 4, 0, 16, 64, 16, 0, 8, 16, 32, 4]",left,512
363,5036,"[512, 4, 0, 0, 4, 128, 4, 0, 16, 64, 16, 4, 8, 16, 32, 4]",left,512
364,5044,"[512, 4, 4, 8, 4, 128, 16, 0, 16, 64, 32, 4, 8, 16, 0, 0]",up,512
365,5052,"[512, 8, 8, 0, 4, 128, 16, 0, 16, 64, 32, 4, 8, 16, 2, 0]",left,512
366,5052,"[512, 8, 8, 4, 4, 128, 16, 0, 16, 64, 32, 0, 8, 16, 2, 2]",up,512
367,5052,"[512, 8, 8, 4, 4, 128, 16, 2, 16, 64, 32, 2, 8, 16, 2, 0]",up,512
368,5068,"[0, 512, 16, 4, 4, 128, 16, 2, 16, 64, 32, 2, 2, 8, 16, 2]",right,512
369,5104,"[4, 512, 32, 4, 16, 128, 32, 4, 2, 64, 16, 2, 0, 8, 2, 0]",up,512
370,5104,"[4, 512, 32, 4, 16, 128, 32, 4, 2, 64, 16, 2, 8, 2, 2, 0]",left,512
371,5108,"[4, 512, 32, 4, 16, 128, 32, 4, 2, 64, 16, 2, 8, 4, 2, 0]",left,512
372,5180,"[4, 512, 64, 8, 16, 128, 16, 2, 2, 64, 2, 2, 8, 4, 0, 0]",up,512
373,5184,"[4, 512, 64, 8, 16, 128, 16, 2, 2, 64, 4, 2, 8, 4, 0, 0]",left,512
374,5186,"[4, 512, 0, 2, 16, 128, 64, 0, 2, 64, 16, 8, 8, 4, 4, 4]",down,512
375,5186,"[4, 512, 64, 2, 16, 128, 16, 8, 2, 64, 4, 4, 8, 4, 2, 0]",up,512
376,5194,"[4, 512, 64, 2, 16, 128, 16, 8, 2, 2, 64, 8, 0, 8, 4, 2]",right,512
377,5210,"[4, 512, 64, 2, 16, 128, 16, 16, 2, 2, 64, 2, 2, 8, 4, 0]",up,512
378,5212,"[2, 512, 64, 0, 4, 128, 16, 2, 16, 2, 64, 16, 4, 8, 4, 2]",down,512
379,5212,"[2, 512, 64, 2, 4, 128, 16, 16, 16, 2, 64, 2, 4, 8, 4, 2]",up,512
380,5216,"[2, 512, 64, 2, 4, 128, 16, 16, 16, 2, 64, 4, 4, 8, 4, 2]",up,512
381,5248,"[2, 512, 64, 2, 2, 4, 128, 32, 16, 2, 64, 4, 4, 8, 4, 2]",right,512
382,5250,"[2, 512, 64, 2, 4, 4, 128, 32, 16, 2, 64, 4, 4, 8, 4, 2]",down,512
383,5258,"[2, 512, 64, 2, 2, 8, 128, 32, 16, 2, 64, 4, 4, 8, 4, 2]",right,512
384,5262,"[4, 512, 64, 2, 16, 8, 128, 32, 4, 2, 64, 4, 2, 8, 4, 2]",up,512
1,0,"[4, 0, 0, 0, 0, 0, 0, 0, 0, 0, 0, 0, 0, 0, 2, 0]",up,4
2,0,"[4, 0, 2, 0, 0, 0, 2, 0, 0, 0, 0, 0, 0, 0, 0, 0]",up,4
3,4,"[4, 0, 4, 0, 0, 0, 0, 0, 0, 2, 0, 0, 0, 0, 0, 0]",up,4
4,12,"[8, 0, 0, 0, 0, 0, 0, 0, 2, 2, 0, 0, 0, 0, 0, 0]",left,8
5,12,"[8, 2, 0, 0, 2, 0, 0, 0, 0, 0, 0, 0, 0, 0, 0, 2]",up,8
6,12,"[8, 2, 0, 2, 2, 2, 0, 0, 0, 0, 0, 0, 0, 0, 0, 0]",up,8
7,16,"[8, 4, 2, 2, 2, 0, 0, 0, 0, 0, 0, 0, 0, 0, 0, 0]",up,8
8,16,"[0, 0, 0, 0, 0, 0, 4, 0, 8, 0, 0, 0, 2, 4, 2, 2]",down,8
9,16,"[8, 4, 4, 2, 2, 2, 2, 0, 0, 0, 0, 0, 0, 0, 0, 0]",up,8
10,16,"[0, 0, 0, 0, 2, 0, 0, 0, 8, 4, 4, 0, 2, 2, 2, 2]",down,8
11,16,"[2, 4, 4, 2, 8, 2, 2, 0, 2, 2, 0, 0, 0, 0, 0, 0]",up,8
12,20,"[2, 4, 4, 2, 8, 4, 2, 2, 2, 0, 0, 0, 0, 0, 0, 0]",up,8
13,32,"[2, 8, 4, 4, 8, 2, 2, 0, 2, 0, 0, 0, 0, 0, 0, 0]",up,8
14,44,"[2, 8, 8, 2, 8, 4, 0, 0, 2, 0, 0, 0, 0, 0, 0, 0]",left,8
15,44,"[0, 0, 0, 2, 2, 0, 0, 0, 8, 8, 0, 0, 2, 4, 8, 2]",down,8
16,48,"[2, 8, 8, 4, 8, 4, 2, 0, 2, 0, 0, 0, 0, 0, 0, 0]",up,8
17,64,"[2, 16, 4, 0, 8, 4, 2, 0, 2, 0, 2, 0, 0, 0, 0, 0]",left,16
18,68,"[0, 2, 16, 4, 0, 8, 4, 2, 0, 0, 0, 4, 0, 0, 2, 0]",right,16
19,68,"[0, 2, 16, 4, 0, 8, 4, 2, 0, 2, 2, 4, 0, 0, 0, 0]",up,16
20,68,"[0, 2, 0, 0, 0, 2, 16, 4, 0, 8, 4, 2, 0, 2, 2, 4]",down,16
21,72,"[0, 4, 16, 4, 0, 8, 4, 2, 0, 2, 2, 4, 0, 0, 0, 2]",up,16
22,72,"[0, 0, 2, 4, 0, 4, 16, 2, 0, 8, 4, 4, 0, 2, 2, 2]",down,16
23,84,"[2, 4, 0, 0, 4, 16, 2, 0, 8, 8, 2, 0, 4, 2, 0, 0]",left,16
24,100,"[2, 4, 0, 0, 4, 16, 2, 0, 16, 2, 0, 0, 4, 2, 2, 0]",left,16
25,108,"[2, 4, 4, 0, 4, 16, 0, 2, 16, 4, 0, 0, 4, 0, 0, 0]",up,16
26,116,"[2, 8, 0, 2, 4, 16, 2, 0, 16, 4, 0, 0, 4, 0, 0, 0]",left,16
27,116,"[2, 8, 2, 2, 4, 16, 0, 0, 16, 4, 0, 0, 4, 0, 2, 0]",up,16
28,120,"[2, 8, 4, 2, 4, 16, 0, 0, 16, 4, 0, 2, 4, 0, 0, 0]",up,16
29,124,"[2, 8, 4, 4, 4, 16, 0, 0, 16, 4, 0, 0, 4, 0, 0, 2]",up,16
30,124,"[2, 8, 4, 4, 4, 16, 0, 2, 16, 4, 0, 2, 4, 0, 0, 0]",up,16
31,126,"[2, 0, 0, 0, 4, 8, 0, 2, 16, 16, 0, 4, 4, 4, 4, 4]",down,16
32,174,"[2, 0, 0, 0, 4, 8, 2, 0, 32, 4, 0, 0, 8, 8, 4, 0]",left,32
33,190,"[2, 2, 0, 0, 4, 8, 2, 0, 32, 4, 0, 0, 16, 4, 0, 0]",left,32
34,198,"[2, 2, 2, 0, 4, 8, 0, 0, 32, 8, 2, 0, 16, 0, 0, 0]",up,32
35,218,"[2, 2, 4, 0, 4, 16, 0, 0, 32, 0, 0, 0, 16, 2, 0, 0]",up,32
36,222,"[4, 4, 0, 0, 4, 16, 0, 0, 32, 0, 2, 0, 16, 2, 0, 0]",left,32
37,230,"[8, 0, 0, 0, 4, 16, 0, 0, 32, 2, 2, 0, 16, 2, 0, 0]",left,32
38,234,"[8, 16, 2, 0, 4, 4, 0, 0, 32, 0, 0, 0, 16, 0, 2, 0]",up,32
39,238,"[8, 16, 4, 0, 4, 4, 2, 0, 32, 0, 0, 0, 16, 0, 0, 0]",up,32
40,238,"[8, 0, 0, 0, 4, 0, 0, 0, 32, 16, 4, 2, 16, 4, 2, 0]",down,32
41,238,"[8, 16, 4, 2, 4, 4, 2, 0, 32, 0, 0, 2, 16, 0, 0, 0]",up,32
42,242,"[8, 16, 4, 4, 4, 4, 2, 0, 32, 0, 0, 2, 16, 0, 0, 0]",up,32
43,242,"[8, 16, 4, 4, 4, 4, 2, 2, 32, 0, 0, 4, 16, 0, 0, 0]",up,32
44,242,"[8, 0, 0, 0, 4, 0, 4, 4, 32, 16, 4, 2, 16, 4, 2, 4]",down,32
45,250,"[8, 16, 8, 4, 4, 4, 2, 2, 32, 0, 0, 4, 16, 0, 2, 0]",up,32
46,254,"[8, 16, 8, 4, 4, 4, 4, 2, 32, 0, 2, 4, 16, 0, 0, 0]",up,32
47,262,"[8, 16, 8, 4, 8, 4, 2, 0, 32, 2, 4, 2, 16, 0, 0, 0]",left,32
48,278,"[16, 16, 8, 4, 32, 4, 2, 2, 16, 2, 4, 0, 2, 0, 0, 0]",up,32
49,278,"[16, 0, 2, 0, 32, 16, 8, 0, 16, 4, 2, 4, 2, 2, 4, 2]",down,32
50,278,"[16, 16, 2, 4, 32, 4, 8, 2, 16, 2, 2, 0, 2, 0, 4, 2]",up,32
51,282,"[16, 16, 2, 4, 32, 4, 8, 4, 16, 2, 2, 0, 2, 0, 4, 2]",up,32
52,290,"[16, 16, 2, 8, 32, 4, 8, 2, 16, 2, 2, 0, 2, 2, 4, 0]",up,32
53,294,"[16, 16, 2, 8, 32, 4, 8, 2, 16, 4, 2, 0, 2, 0, 4, 2]",up,32
54,306,"[16, 16, 2, 8, 32, 8, 8, 4, 16, 2, 2, 0, 2, 0, 4, 0]",up,32
55,306,"[16, 0, 2, 0, 32, 16, 8, 2, 16, 8, 2, 8, 2, 2, 4, 4]",down,32
56,306,"[16, 16, 2, 2, 32, 8, 8, 8, 16, 2, 2, 4, 2, 2, 4, 0]",up,32
57,310,"[16, 16, 2, 2, 32, 8, 8, 8, 16, 4, 2, 4, 2, 2, 4, 0]",up,32
58,310,"[16, 16, 2, 2, 32, 8, 8, 2, 16, 4, 2, 8, 2, 2, 4, 4]",down,32
59,374,"[32, 4, 0, 0, 32, 16, 2, 4, 16, 4, 2, 8, 4, 8, 0, 0]",left,32
60,442,"[64, 4, 4, 4, 16, 16, 0, 8, 4, 4, 0, 0, 0, 8, 2, 0]",up,64
61,442,"[64, 4, 4, 4, 16, 16, 2, 8, 4, 4, 0, 0, 0, 8, 0, 2]",up,64
62,442,"[0, 4, 0, 0, 64, 16, 2, 4, 16, 4, 4, 8, 4, 8, 2, 2]",down,64
63,442,"[64, 4, 2, 4, 16, 16, 4, 8, 4, 4, 2, 2, 0, 8, 2, 0]",up,64
64,486,"[64, 4, 2, 4, 2, 32, 4, 8, 0, 0, 8, 4, 0, 0, 8, 2]",right,64
65,494,"[0, 0, 0, 4, 0, 4, 2, 8, 64, 4, 4, 4, 2, 32, 16, 2]",down,64
66,498,"[0, 0, 0, 4, 0, 2, 2, 8, 64, 8, 4, 4, 2, 32, 16, 2]",down,64
67,510,"[4, 0, 0, 0, 4, 8, 4, 0, 64, 8, 8, 0, 2, 32, 16, 2]",left,64
68,534,"[8, 16, 4, 2, 64, 32, 8, 2, 2, 0, 16, 0, 0, 0, 0, 0]",up,64
69,538,"[8, 16, 4, 4, 64, 32, 8, 0, 2, 0, 16, 0, 0, 0, 2, 0]",up,64
70,538,"[0, 0, 4, 0, 8, 0, 8, 4, 64, 16, 16, 0, 2, 32, 2, 4]",down,64
71,546,"[8, 16, 4, 8, 64, 32, 8, 0, 2, 2, 16, 0, 0, 0, 2, 0]",up,64
72,550,"[8, 16, 4, 8, 0, 64, 32, 8, 0, 0, 4, 16, 0, 2, 0, 2]",right,64
73,566,"[8, 16, 4, 16, 2, 64, 32, 16, 0, 2, 4, 2, 0, 0, 0, 0]",up,64
74,598,"[8, 16, 4, 32, 2, 64, 32, 2, 2, 2, 4, 0, 0, 0, 0, 0]",up,64
75,600,"[0, 0, 0, 2, 0, 16, 4, 0, 8, 64, 32, 32, 4, 2, 4, 2]",down,64
76,600,"[0, 0, 2, 0, 0, 16, 4, 2, 8, 64, 32, 32, 4, 2, 4, 2]",down,64
77,664,"[2, 0, 0, 2, 16, 4, 2, 0, 8, 64, 64, 0, 4, 2, 4, 2]",left,64
78,668,"[2, 4, 2, 4, 16, 64, 64, 0, 8, 2, 4, 0, 4, 0, 0, 2]",up,64
79,796,"[2, 4, 2, 4, 16, 128, 0, 0, 8, 2, 4, 2, 4, 2, 0, 0]",left,128
80,798,"[2, 2, 0, 0, 16, 4, 0, 0, 8, 128, 2, 4, 4, 4, 4, 2]",down,128
81,798,"[2, 2, 2, 4, 16, 4, 4, 2, 8, 128, 0, 2, 4, 4, 0, 0]",up,128
82,802,"[2, 2, 2, 4, 16, 4, 4, 4, 8, 128, 0, 2, 4, 4, 0, 0]",up,128
83,810,"[2, 2, 2, 8, 16, 4, 4, 2, 8, 128, 0, 0, 4, 4, 2, 0]",up,128
84,810,"[2, 2, 2, 8, 16, 4, 4, 2, 8, 128, 2, 0, 4, 4, 0, 2]",up,128
85,814,"[2, 2, 2, 8, 16, 4, 4, 4, 8, 128, 2, 0, 4, 4, 2, 0]",up,128
86,818,"[2, 2, 2, 8, 16, 4, 4, 4, 8, 128, 4, 2, 4, 4, 0, 0]",up,128
87,822,"[2, 2, 0, 2, 16, 4, 0, 8, 8, 128, 2, 4, 4, 4, 8, 2]",down,128
88,834,"[4, 2, 0, 0, 16, 4, 8, 2, 8, 128, 2, 4, 8, 8, 2, 0]",left,128
89,844,"[0, 2, 2, 0, 4, 4, 0, 0, 16, 128, 8, 2, 16, 8, 4, 4]",down,128
90,864,"[4, 2, 0, 0, 8, 0, 0, 0, 16, 128, 8, 2, 16, 8, 8, 0]",left,128
91,880,"[0, 0, 4, 2, 0, 0, 0, 8, 16, 128, 8, 2, 2, 0, 16, 16]",right,128
92,880,"[0, 4, 0, 2, 0, 0, 4, 8, 16, 0, 8, 2, 2, 128, 16, 16]",down,128
93,912,"[4, 2, 0, 0, 4, 8, 0, 2, 16, 8, 2, 0, 2, 128, 32, 0]",left,128
94,936,"[8, 2, 2, 2, 16, 16, 32, 0, 2, 128, 2, 0, 0, 0, 0, 0]",up,128
95,936,"[0, 0, 0, 2, 8, 2, 2, 0, 16, 16, 32, 0, 2, 128, 2, 2]",down,128
96,940,"[8, 2, 2, 4, 16, 16, 32, 2, 2, 128, 2, 0, 0, 0, 0, 0]",up,128
97,940,"[0, 0, 0, 2, 8, 2, 2, 0, 16, 16, 32, 4, 2, 128, 2, 2]",down,128
98,940,"[8, 2, 2, 2, 16, 16, 32, 4, 2, 128, 2, 2, 0, 0, 0, 2]",up,128
99,944,"[8, 2, 2, 2, 16, 16, 32, 4, 2, 128, 2, 4, 0, 2, 0, 0]",up,128
100,952,"[8, 2, 2, 2, 16, 16, 32, 8, 2, 128, 2, 0, 0, 2, 0, 2]",up,128
101,952,"[8, 2, 2, 2, 16, 16, 32, 8, 2, 128, 2, 2, 0, 2, 0, 2]",up,128
102,996,"[0, 8, 2, 4, 0, 32, 32, 8, 0, 2, 128, 4, 4, 0, 0, 4]",right,128
103,1068,"[8, 2, 4, 0, 64, 8, 0, 0, 2, 128, 4, 0, 8, 0, 0, 2]",left,128
104,1068,"[8, 2, 4, 0, 64, 8, 0, 0, 2, 128, 4, 0, 8, 2, 0, 2]",left,128
105,1072,"[2, 8, 2, 4, 0, 0, 64, 8, 0, 2, 128, 4, 0, 0, 8, 4]",right,128
106,1080,"[2, 8, 2, 4, 0, 2, 64, 8, 2, 0, 128, 8, 0, 0, 8, 0]",up,128
107,1100,"[4, 8, 2, 4, 2, 2, 64, 16, 0, 0, 128, 0, 0, 0, 8, 0]",up,128
108,1100,"[2, 0, 2, 0, 0, 0, 64, 0, 4, 8, 128, 4, 2, 2, 8, 16]",down,128
109,1100,"[2, 8, 2, 4, 4, 2, 64, 16, 2, 0, 128, 0, 2, 0, 8, 0]",up,128
110,1104,"[2, 8, 2, 4, 4, 2, 64, 16, 4, 0, 128, 2, 0, 0, 8, 0]",up,128
111,1108,"[0, 0, 2, 0, 0, 2, 64, 4, 2, 8, 128, 16, 8, 2, 8, 2]",down,128
112,1108,"[2, 2, 2, 4, 8, 8, 64, 16, 0, 2, 128, 2, 2, 0, 8, 0]",up,128
113,1108,"[2, 2, 2, 4, 8, 8, 64, 16, 2, 2, 128, 2, 0, 0, 8, 2]",up,128
114,1110,"[0, 0, 2, 2, 2, 2, 64, 4, 8, 8, 128, 16, 2, 2, 8, 4]",down,128
115,1110,"[2, 2, 2, 2, 8, 8, 64, 4, 2, 2, 128, 16, 0, 2, 8, 4]",up,128
116,1138,"[0, 0, 4, 4, 0, 16, 64, 4, 0, 4, 128, 16, 2, 2, 8, 4]",right,128
117,1150,"[8, 2, 0, 0, 16, 64, 4, 0, 4, 128, 16, 0, 4, 8, 4, 0]",left,128
118,1158,"[8, 2, 4, 0, 16, 64, 16, 2, 8, 128, 4, 0, 0, 8, 0, 0]",up,128
119,1158,"[2, 8, 2, 4, 16, 64, 16, 2, 0, 8, 128, 4, 0, 0, 0, 8]",right,128
120,1158,"[0, 0, 0, 4, 4, 8, 2, 2, 2, 64, 16, 4, 16, 8, 128, 8]",down,128
121,1162,"[0, 2, 0, 4, 0, 4, 8, 4, 2, 64, 16, 4, 16, 8, 128, 8]",right,128
122,1170,"[2, 2, 8, 8, 16, 4, 16, 4, 2, 64, 128, 8, 0, 8, 0, 0]",up,128
123,1190,"[4, 16, 0, 0, 16, 4, 16, 4, 2, 64, 128, 8, 8, 2, 0, 0]",left,128
124,1190,"[4, 16, 0, 0, 16, 4, 0, 2, 2, 64, 16, 4, 8, 2, 128, 8]",down,128
125,1190,"[4, 16, 16, 2, 16, 4, 128, 4, 2, 64, 0, 8, 8, 2, 4, 0]",up,128
126,1190,"[4, 16, 16, 2, 16, 4, 128, 4, 2, 64, 4, 8, 8, 2, 0, 2]",up,128
127,1190,"[4, 16, 2, 2, 16, 4, 16, 4, 2, 64, 128, 8, 8, 2, 4, 2]",down,128
128,1194,"[4, 16, 4, 2, 16, 4, 16, 4, 2, 64, 128, 8, 8, 2, 4, 2]",left,128
1,0,"[4, 0, 0, 0, 0, 0, 0, 0, 0, 0, 0, 0, 0, 0, 2, 0]",up,4
2,0,"[4, 0, 2, 0, 0, 0, 2, 0, 0, 0, 0, 0, 0, 0, 0, 0]",up,4
3,4,"[4, 0, 4, 0, 0, 0, 0, 0, 0, 2, 0, 0, 0, 0, 0, 0]",up,4
4,12,"[8, 0, 0, 0, 0, 0, 0, 0, 2, 2, 0, 0, 0, 0, 0, 0]",left,8
5,12,"[8, 2, 0, 0, 2, 0, 0, 0, 0, 0, 0, 0, 0, 0, 0, 2]",up,8
6,12,"[8, 2, 0, 2, 2, 2, 0, 0, 0, 0, 0, 0, 0, 0, 0, 0]",up,8
7,16,"[8, 4, 2, 2, 2, 0, 0, 0, 0, 0, 0, 0, 0, 0, 0, 0]",up,8
8,16,"[0, 0, 0, 0, 0, 0, 4, 0, 8, 0, 0, 0, 2, 4, 2, 2]",down,8
9,16,"[8, 4, 4, 2, 2, 2, 2, 0, 0, 0, 0, 0, 0, 0, 0, 0]",up,8
10,16,"[0, 0, 0, 0, 2, 0, 0, 0, 8, 4, 4, 0, 2, 2, 2, 2]",down,8
11,16,"[2, 4, 4, 2, 8, 2, 2, 0, 2, 2, 0, 0, 0, 0, 0, 0]",up,8
12,20,"[2, 4, 4, 2, 8, 4, 2, 2, 2, 0, 0, 0, 0, 0, 0, 0]",up,8
13,32,"[2, 8, 4, 4, 8, 2, 2, 0, 2, 0, 0, 0, 0, 0, 0, 0]",up,8
14,32,"[2, 0, 0, 0, 2, 0, 0, 0, 8, 8, 4, 0, 2, 2, 2, 4]",down,8
15,34,"[0, 0, 0, 2, 4, 0, 0, 0, 8, 8, 4, 0, 2, 2, 2, 4]",down,8
16,54,"[2, 0, 0, 2, 0, 0, 0, 4, 0, 0, 16, 4, 0, 2, 4, 4]",right,16
17,62,"[2, 2, 16, 2, 0, 0, 4, 8, 0, 2, 0, 4, 0, 0, 0, 0]",up,16
18,66,"[4, 16, 2, 0, 4, 8, 0, 0, 2, 4, 0, 0, 0, 0, 2, 0]",left,16
19,78,"[8, 16, 4, 0, 2, 8, 0, 0, 2, 4, 0, 0, 0, 0, 0, 0]",up,16
20,82,"[8, 16, 4, 0, 4, 8, 0, 0, 2, 4, 0, 0, 0, 0, 0, 0]",up,16
21,82,"[0, 0, 0, 0, 8, 16, 0, 0, 4, 8, 0, 2, 2, 4, 4, 0]",down,16
22,90,"[2, 0, 0, 0, 8, 16, 0, 0, 4, 8, 2, 0, 2, 8, 0, 0]",left,16
23,90,"[0, 2, 0, 2, 0, 0, 8, 16, 0, 4, 8, 2, 0, 0, 2, 8]",right,16
24,94,"[4, 0, 0, 0, 8, 16, 0, 2, 4, 8, 2, 0, 2, 8, 0, 0]",left,16
25,110,"[4, 16, 2, 2, 8, 16, 0, 0, 4, 0, 0, 0, 2, 2, 0, 0]",up,16
26,126,"[4, 0, 0, 0, 8, 0, 0, 0, 4, 32, 2, 0, 2, 2, 2, 2]",down,32
27,130,"[4, 32, 4, 2, 8, 2, 0, 0, 4, 0, 2, 0, 2, 0, 0, 0]",up,32
28,130,"[4, 32, 4, 2, 8, 2, 2, 0, 4, 0, 4, 0, 2, 0, 0, 0]",up,32
29,130,"[4, 0, 0, 0, 8, 2, 4, 0, 4, 32, 2, 0, 2, 2, 4, 2]",down,32
30,134,"[0, 0, 0, 4, 4, 8, 2, 4, 0, 4, 32, 2, 0, 4, 4, 2]",right,32
31,144,"[2, 0, 0, 0, 0, 0, 2, 0, 0, 8, 32, 8, 4, 8, 4, 4]",down,32
32,160,"[2, 16, 2, 8, 4, 0, 32, 4, 0, 0, 4, 2, 0, 0, 0, 0]",up,32
33,160,"[0, 0, 0, 2, 0, 0, 2, 8, 2, 0, 32, 4, 4, 16, 4, 2]",down,32
34,160,"[2, 16, 2, 2, 4, 0, 32, 8, 0, 2, 4, 4, 0, 0, 0, 2]",up,32
35,172,"[0, 2, 16, 4, 0, 4, 32, 8, 0, 0, 2, 8, 0, 2, 0, 2]",right,32
36,188,"[2, 2, 16, 4, 0, 4, 32, 16, 0, 2, 2, 2, 0, 0, 0, 0]",up,32
37,196,"[0, 4, 16, 4, 2, 4, 32, 16, 0, 0, 2, 4, 0, 0, 0, 0]",right,32
38,196,"[4, 16, 4, 0, 2, 4, 32, 16, 2, 4, 0, 0, 0, 2, 0, 0]",left,32
39,196,"[4, 16, 4, 0, 2, 4, 32, 16, 2, 4, 0, 2, 2, 0, 0, 0]",left,32
40,208,"[4, 16, 4, 16, 4, 8, 32, 2, 2, 0, 0, 0, 0, 0, 2, 0]",up,32
41,208,"[4, 16, 4, 16, 4, 8, 32, 2, 0, 0, 0, 2, 2, 0, 0, 2]",right,32
42,212,"[4, 16, 4, 16, 4, 8, 32, 2, 2, 0, 0, 4, 4, 0, 0, 0]",left,32
43,212,"[4, 16, 4, 16, 4, 8, 32, 2, 0, 0, 2, 4, 0, 0, 4, 4]",right,32
44,228,"[8, 16, 4, 16, 0, 8, 32, 2, 0, 0, 2, 8, 2, 0, 4, 0]",up,32
45,228,"[0, 2, 4, 0, 0, 0, 32, 16, 8, 16, 2, 2, 2, 8, 4, 8]",down,32
46,228,"[0, 2, 4, 0, 0, 2, 32, 16, 8, 16, 2, 2, 2, 8, 4, 8]",down,32
47,232,"[8, 4, 4, 16, 2, 16, 32, 2, 0, 8, 2, 8, 2, 0, 4, 0]",up,32
48,236,"[8, 4, 4, 16, 4, 16, 32, 2, 0, 8, 2, 8, 2, 0, 4, 0]",up,32
49,236,"[0, 0, 4, 2, 8, 4, 32, 16, 4, 16, 2, 2, 2, 8, 4, 8]",down,32
50,240,"[4, 2, 0, 0, 8, 4, 32, 16, 4, 16, 4, 2, 2, 8, 4, 8]",left,32
51,240,"[0, 2, 4, 2, 8, 4, 32, 16, 4, 16, 4, 2, 2, 8, 4, 8]",right,32
52,248,"[8, 2, 4, 2, 4, 4, 32, 16, 2, 16, 8, 2, 2, 8, 0, 8]",up,32
53,252,"[8, 2, 4, 2, 4, 4, 32, 16, 4, 16, 8, 2, 2, 8, 0, 8]",up,32
54,256,"[2, 2, 0, 2, 8, 4, 4, 16, 8, 16, 32, 2, 2, 8, 8, 8]",down,32
55,264,"[2, 2, 0, 2, 2, 4, 4, 16, 16, 16, 32, 2, 2, 8, 8, 8]",down,32
56,324,"[0, 0, 2, 4, 4, 2, 8, 16, 0, 32, 32, 2, 0, 2, 8, 16]",right,32
57,324,"[4, 2, 2, 4, 0, 32, 8, 16, 2, 2, 32, 2, 0, 0, 8, 16]",up,32
58,324,"[4, 2, 2, 4, 2, 32, 8, 16, 0, 2, 32, 2, 2, 0, 8, 16]",up,32
59,328,"[4, 2, 2, 4, 4, 32, 8, 16, 0, 2, 32, 2, 2, 0, 8, 16]",up,32
60,332,"[4, 4, 4, 0, 4, 32, 8, 16, 2, 32, 2, 2, 2, 8, 16, 0]",left,32
61,408,"[8, 4, 4, 16, 4, 64, 8, 2, 0, 8, 2, 0, 0, 0, 16, 2]",up,64
62,416,"[0, 8, 8, 16, 4, 64, 8, 2, 0, 0, 8, 2, 0, 4, 16, 2]",right,64
63,426,"[0, 0, 2, 0, 0, 8, 8, 16, 0, 64, 16, 2, 4, 4, 16, 4]",down,64
64,450,"[2, 0, 0, 0, 16, 16, 0, 2, 64, 16, 2, 0, 8, 16, 4, 0]",left,64
65,482,"[2, 32, 2, 2, 16, 16, 4, 0, 64, 0, 0, 0, 8, 0, 0, 2]",up,64
66,518,"[2, 32, 4, 0, 32, 4, 0, 2, 64, 0, 0, 0, 8, 2, 0, 0]",left,64
67,518,"[2, 32, 4, 0, 32, 4, 2, 0, 64, 0, 0, 2, 8, 2, 0, 0]",left,64
68,518,"[2, 2, 32, 4, 0, 32, 4, 2, 0, 0, 64, 2, 0, 0, 8, 2]",right,64
69,522,"[2, 2, 32, 4, 0, 32, 4, 4, 0, 2, 64, 2, 0, 0, 8, 0]",up,64
70,534,"[4, 32, 4, 0, 32, 8, 0, 0, 2, 64, 2, 0, 8, 0, 0, 2]",left,64
71,534,"[4, 32, 4, 2, 32, 8, 2, 2, 2, 64, 0, 0, 8, 0, 0, 0]",up,64
72,536,"[4, 0, 0, 0, 32, 32, 2, 0, 2, 8, 4, 0, 8, 64, 2, 4]",down,64
73,600,"[0, 0, 2, 4, 0, 0, 64, 2, 0, 2, 8, 4, 8, 64, 2, 4]",right,64
74,608,"[8, 2, 2, 4, 0, 64, 64, 2, 0, 2, 8, 8, 0, 0, 2, 0]",up,64
75,608,"[0, 0, 2, 0, 0, 2, 64, 4, 2, 64, 8, 2, 8, 2, 2, 8]",down,64
76,612,"[2, 0, 0, 2, 2, 64, 4, 0, 2, 64, 8, 2, 8, 4, 8, 0]",left,64
77,616,"[4, 2, 0, 0, 2, 64, 4, 0, 2, 64, 8, 2, 8, 4, 8, 0]",left,64
78,764,"[4, 2, 4, 2, 4, 128, 16, 0, 8, 4, 2, 0, 0, 0, 0, 0]",up,128
79,772,"[8, 2, 4, 2, 8, 128, 16, 0, 0, 4, 2, 0, 0, 2, 0, 0]",up,128
80,780,"[0, 2, 0, 0, 0, 128, 4, 0, 2, 4, 16, 0, 16, 2, 2, 2]",down,128
81,784,"[0, 0, 0, 2, 0, 0, 128, 4, 2, 2, 4, 16, 0, 16, 2, 4]",right,128
82,788,"[2, 0, 0, 0, 128, 4, 2, 0, 4, 4, 16, 0, 16, 2, 4, 0]",left,128
83,796,"[2, 8, 2, 0, 128, 2, 16, 0, 4, 0, 4, 2, 16, 0, 0, 0]",up,128
84,796,"[2, 8, 2, 2, 128, 2, 16, 2, 4, 0, 4, 0, 16, 0, 0, 0]",up,128
85,800,"[2, 8, 2, 4, 128, 2, 16, 0, 4, 0, 4, 2, 16, 0, 0, 0]",up,128
86,808,"[2, 8, 2, 4, 128, 2, 16, 0, 8, 2, 0, 2, 16, 0, 0, 0]",left,128
87,812,"[2, 8, 2, 4, 128, 4, 16, 2, 8, 0, 2, 0, 16, 0, 0, 0]",up,128
88,812,"[2, 2, 0, 0, 128, 0, 2, 0, 8, 8, 16, 4, 16, 4, 2, 2]",down,128
89,812,"[2, 0, 4, 0, 128, 2, 2, 0, 8, 8, 16, 4, 16, 4, 2, 2]",down,128
90,812,"[2, 2, 4, 4, 128, 8, 2, 2, 8, 4, 16, 0, 16, 2, 2, 0]",up,128
91,832,"[4, 8, 0, 2, 128, 8, 4, 0, 8, 4, 16, 0, 16, 4, 0, 0]",left,128
92,832,"[4, 8, 2, 0, 128, 8, 4, 0, 8, 4, 16, 0, 16, 4, 2, 0]",left,128
93,856,"[4, 16, 2, 2, 128, 8, 4, 0, 8, 0, 16, 0, 16, 0, 2, 0]",up,128
94,856,"[4, 0, 2, 0, 128, 0, 4, 2, 8, 16, 16, 0, 16, 8, 2, 2]",down,128
95,892,"[4, 2, 0, 0, 128, 4, 2, 0, 8, 32, 0, 0, 16, 8, 4, 2]",left,128
96,892,"[4, 2, 2, 2, 128, 4, 4, 0, 8, 32, 0, 0, 16, 8, 0, 2]",up,128
97,894,"[4, 2, 0, 0, 128, 4, 0, 0, 8, 32, 2, 2, 16, 8, 4, 4]",down,128
98,906,"[4, 2, 0, 2, 128, 4, 0, 0, 8, 32, 4, 0, 16, 8, 8, 0]",left,128
99,926,"[4, 4, 0, 0, 128, 4, 0, 0, 8, 32, 4, 0, 16, 16, 2, 0]",left,128
100,966,"[8, 0, 0, 0, 128, 4, 0, 0, 8, 32, 4, 0, 32, 2, 4, 0]",left,128
101,966,"[0, 0, 0, 8, 0, 0, 128, 4, 0, 8, 32, 4, 2, 32, 2, 4]",right,128
102,970,"[0, 0, 0, 0, 0, 2, 128, 8, 0, 8, 32, 4, 2, 32, 2, 8]",down,128
103,970,"[2, 2, 128, 8, 2, 8, 32, 4, 0, 32, 2, 8, 0, 0, 0, 0]",up,128
104,974,"[0, 4, 128, 8, 2, 8, 32, 4, 2, 32, 2, 8, 0, 0, 0, 0]",right,128
105,978,"[4, 4, 128, 8, 2, 8, 32, 4, 0, 32, 2, 8, 0, 0, 0, 0]",up,128
106,986,"[2, 8, 128, 8, 2, 8, 32, 4, 0, 32, 2, 8, 0, 0, 0, 0]",right,128
107,1006,"[4, 16, 128, 8, 0, 32, 32, 4, 0, 2, 2, 8, 0, 0, 0, 0]",up,128
108,1006,"[0, 0, 0, 0, 0, 16, 128, 8, 2, 32, 32, 4, 4, 2, 2, 8]",down,128
109,1006,"[2, 16, 128, 8, 4, 32, 32, 4, 0, 2, 2, 8, 0, 0, 4, 0]",up,128
110,1006,"[0, 0, 128, 2, 0, 16, 32, 8, 2, 32, 2, 4, 4, 2, 4, 8]",down,128
111,1006,"[2, 16, 128, 2, 4, 32, 32, 8, 2, 2, 2, 4, 0, 0, 4, 8]",up,128
112,1074,"[2, 16, 128, 2, 4, 4, 64, 8, 0, 2, 4, 4, 0, 0, 4, 8]",right,128
113,1078,"[0, 4, 0, 2, 0, 16, 128, 8, 2, 4, 64, 4, 4, 2, 8, 8]",down,128
114,1078,"[2, 4, 128, 2, 4, 16, 64, 8, 0, 4, 8, 4, 2, 2, 0, 8]",up,128
115,1082,"[2, 4, 128, 2, 4, 16, 64, 8, 4, 8, 4, 0, 4, 8, 0, 4]",left,128
116,1106,"[2, 4, 128, 2, 8, 16, 64, 8, 4, 16, 4, 4, 2, 0, 0, 0]",up,128
117,1138,"[2, 4, 128, 2, 8, 32, 64, 8, 4, 0, 4, 4, 2, 2, 0, 0]",up,128
118,1138,"[2, 2, 0, 0, 8, 4, 128, 2, 4, 32, 64, 8, 2, 2, 4, 4]",down,128
119,1154,"[4, 0, 0, 0, 8, 4, 128, 2, 4, 32, 64, 8, 4, 8, 0, 2]",left,128
120,1158,"[0, 0, 0, 0, 4, 4, 2, 2, 8, 32, 128, 8, 8, 8, 64, 2]",down,128
121,1186,"[0, 0, 0, 2, 8, 4, 0, 0, 8, 32, 128, 8, 16, 64, 2, 0]",left,128
122,1194,"[0, 0, 0, 0, 0, 4, 2, 0, 16, 32, 128, 2, 16, 64, 2, 8]",down,128
123,1226,"[32, 4, 2, 2, 0, 32, 128, 8, 0, 64, 2, 2, 0, 0, 0, 0]",up,128
124,1226,"[0, 0, 0, 2, 0, 4, 2, 2, 0, 32, 128, 8, 32, 64, 2, 2]",down,128
125,1234,"[2, 0, 0, 4, 4, 4, 0, 0, 32, 128, 8, 0, 32, 64, 4, 0]",left,128
126,1298,"[2, 4, 8, 4, 4, 128, 4, 0, 64, 64, 0, 0, 0, 0, 0, 2]",up,128
127,1298,"[2, 4, 8, 4, 4, 128, 4, 2, 64, 64, 0, 0, 2, 0, 0, 0]",up,128
128,1426,"[2, 4, 8, 4, 4, 128, 4, 2, 128, 0, 2, 0, 2, 0, 0, 0]",left,128
129,1426,"[2, 0, 0, 4, 4, 0, 8, 0, 128, 4, 4, 4, 2, 128, 2, 2]",down,128
130,1438,"[2, 4, 0, 2, 4, 8, 0, 0, 128, 8, 4, 0, 2, 128, 4, 0]",left,128
131,1438,"[2, 4, 2, 0, 4, 8, 0, 0, 128, 8, 4, 2, 2, 128, 4, 0]",left,128
132,1462,"[2, 4, 2, 2, 4, 16, 8, 0, 128, 128, 0, 2, 2, 0, 0, 0]",up,128
133,1722,"[2, 4, 4, 0, 4, 16, 8, 0, 256, 2, 0, 0, 2, 0, 0, 2]",left,256
134,1734,"[0, 0, 2, 8, 0, 4, 16, 8, 0, 0, 256, 2, 2, 0, 0, 4]",right,256
135,1734,"[2, 8, 0, 0, 4, 16, 8, 0, 256, 2, 2, 0, 2, 4, 0, 0]",left,256
136,1734,"[2, 8, 8, 0, 4, 16, 2, 2, 256, 2, 0, 0, 2, 4, 0, 0]",up,256
137,1734,"[2, 8, 8, 2, 4, 16, 2, 2, 256, 2, 0, 0, 2, 4, 0, 0]",up,256
138,1754,"[2, 16, 2, 0, 4, 16, 4, 2, 256, 2, 0, 0, 2, 4, 0, 0]",left,256
139,1786,"[2, 32, 2, 2, 4, 2, 4, 0, 256, 4, 2, 0, 2, 0, 0, 0]",up,256
140,1786,"[2, 0, 2, 0, 4, 32, 2, 0, 256, 2, 4, 0, 2, 4, 2, 2]",down,256
141,1790,"[2, 32, 4, 2, 4, 2, 4, 0, 256, 4, 2, 0, 2, 4, 0, 0]",up,256
142,1806,"[2, 32, 8, 2, 4, 2, 2, 0, 256, 8, 0, 0, 2, 0, 2, 0]",up,256
143,1814,"[2, 32, 8, 2, 4, 4, 0, 0, 256, 8, 2, 0, 4, 0, 0, 0]",left,256
144,1822,"[2, 32, 8, 2, 8, 0, 0, 2, 256, 8, 2, 0, 4, 0, 0, 0]",left,256
145,1826,"[2, 32, 8, 4, 8, 8, 2, 0, 256, 0, 2, 0, 4, 0, 0, 0]",up,256
146,1828,"[2, 0, 0, 0, 8, 0, 0, 0, 256, 32, 8, 4, 4, 8, 4, 4]",down,256
147,1836,"[2, 32, 8, 8, 8, 8, 4, 0, 256, 0, 0, 0, 4, 0, 0, 2]",up,256
148,1836,"[2, 32, 8, 8, 8, 8, 4, 2, 256, 0, 4, 0, 4, 0, 0, 0]",up,256
149,1844,"[2, 32, 8, 8, 8, 8, 8, 2, 256, 0, 0, 0, 4, 0, 2, 0]",up,256
150,1852,"[2, 0, 0, 2, 8, 0, 0, 0, 256, 32, 16, 8, 4, 8, 2, 2]",down,256
151,1860,"[4, 0, 0, 0, 8, 2, 0, 0, 256, 32, 16, 8, 4, 8, 4, 0]",left,256
152,1860,"[0, 0, 0, 4, 2, 0, 8, 2, 256, 32, 16, 8, 0, 4, 8, 4]",right,256
153,1860,"[0, 2, 0, 4, 0, 2, 8, 2, 256, 32, 16, 8, 0, 4, 8, 4]",right,256
154,1862,"[4, 0, 0, 4, 0, 4, 8, 2, 0, 32, 16, 8, 256, 4, 8, 4]",down,256
155,1862,"[4, 4, 8, 4, 256, 32, 16, 2, 0, 4, 8, 8, 0, 0, 2, 4]",up,256
156,1862,"[0, 0, 8, 4, 2, 4, 16, 2, 4, 32, 8, 8, 256, 4, 2, 4]",down,256
157,1878,"[8, 4, 4, 0, 2, 4, 16, 2, 4, 32, 16, 0, 256, 4, 2, 4]",left,256
158,1898,"[8, 2, 0, 0, 2, 8, 4, 0, 4, 32, 32, 2, 256, 4, 2, 4]",down,256
159,1962,"[8, 2, 0, 0, 2, 8, 4, 2, 4, 64, 2, 0, 256, 4, 2, 4]",left,256
160,1962,"[0, 0, 8, 2, 2, 8, 4, 2, 2, 4, 64, 2, 256, 4, 2, 4]",right,256
161,1970,"[2, 0, 8, 0, 0, 0, 4, 2, 4, 8, 64, 4, 256, 8, 2, 4]",down,256
162,1994,"[2, 16, 8, 2, 4, 0, 4, 8, 256, 0, 64, 2, 0, 0, 2, 0]",up,256
163,2002,"[2, 16, 8, 2, 2, 0, 8, 8, 0, 256, 64, 2, 0, 0, 0, 2]",right,256
164,2026,"[4, 16, 16, 2, 4, 256, 64, 8, 0, 0, 0, 4, 0, 0, 0, 0]",up,256
165,2034,"[8, 16, 16, 2, 2, 256, 64, 8, 0, 0, 0, 4, 0, 0, 0, 0]",up,256
166,2066,"[0, 8, 32, 2, 2, 256, 64, 8, 0, 0, 0, 4, 0, 0, 2, 0]",right,256
167,2066,"[8, 32, 2, 0, 2, 256, 64, 8, 4, 0, 0, 0, 2, 0, 0, 2]",left,256
168,2070,"[8, 32, 2, 0, 2, 256, 64, 8, 4, 2, 0, 0, 4, 0, 0, 0]",left,256
169,2074,"[0, 0, 0, 0, 8, 32, 0, 0, 2, 256, 2, 4, 8, 2, 64, 8]",down,256
170,2074,"[0, 0, 0, 2, 0, 0, 8, 32, 2, 256, 2, 4, 8, 2, 64, 8]",right,256
171,2074,"[2, 256, 8, 2, 8, 2, 2, 32, 2, 0, 64, 4, 0, 0, 0, 8]",up,256
172,2074,"[0, 2, 0, 2, 2, 0, 8, 32, 8, 256, 2, 4, 2, 2, 64, 8]",down,256
173,2074,"[2, 2, 8, 2, 8, 256, 2, 32, 2, 2, 64, 4, 2, 0, 0, 8]",up,256
174,2082,"[4, 8, 2, 0, 8, 256, 2, 32, 4, 64, 4, 0, 2, 8, 0, 2]",left,256
175,2086,"[4, 8, 4, 32, 8, 256, 4, 2, 4, 64, 0, 0, 2, 8, 2, 0]",up,256
176,2094,"[4, 8, 8, 32, 8, 256, 2, 2, 4, 64, 0, 0, 2, 8, 2, 0]",up,256
177,2114,"[0, 4, 16, 32, 0, 8, 256, 4, 2, 0, 4, 64, 0, 2, 8, 2]",right,256
178,2114,"[2, 4, 16, 32, 0, 8, 256, 4, 2, 2, 4, 64, 0, 0, 8, 2]",up,256
179,2118,"[4, 4, 16, 32, 2, 8, 256, 4, 0, 2, 4, 64, 0, 0, 8, 2]",up,256
180,2126,"[8, 16, 32, 2, 2, 8, 256, 4, 2, 4, 64, 0, 8, 2, 0, 0]",left,256
181,2130,"[8, 16, 32, 2, 4, 8, 256, 4, 8, 4, 64, 0, 0, 2, 2, 0]",up,256
182,2130,"[0, 16, 32, 2, 8, 8, 256, 0, 4, 4, 64, 2, 8, 2, 2, 4]",down,256
183,2132,"[0, 16, 32, 2, 8, 8, 256, 0, 4, 4, 64, 4, 8, 2, 2, 4]",down,256
184,2140,"[8, 16, 32, 2, 4, 8, 256, 8, 8, 4, 64, 2, 0, 2, 2, 0]",up,256
185,2140,"[0, 16, 32, 2, 8, 8, 256, 2, 4, 4, 64, 8, 8, 2, 2, 2]",down,256
186,2142,"[0, 16, 32, 2, 8, 8, 256, 4, 4, 4, 64, 8, 8, 2, 2, 2]",down,256
187,2170,"[0, 16, 32, 2, 0, 16, 256, 4, 0, 8, 64, 8, 2, 8, 2, 4]",right,256
188,2170,"[16, 32, 2, 0, 16, 256, 4, 2, 8, 64, 8, 0, 2, 8, 2, 4]",left,256
189,2186,"[0, 32, 2, 0, 32, 256, 4, 2, 8, 64, 8, 2, 2, 8, 2, 4]",down,256
190,2186,"[32, 2, 0, 2, 32, 256, 4, 2, 8, 64, 8, 2, 2, 8, 2, 4]",left,256
191,2190,"[32, 4, 2, 0, 32, 256, 4, 2, 8, 64, 8, 2, 2, 8, 2, 4]",left,256
192,2224,"[2, 4, 2, 0, 64, 256, 4, 0, 8, 64, 8, 4, 2, 8, 2, 4]",down,256
193,2232,"[2, 4, 2, 8, 64, 256, 4, 2, 8, 64, 8, 0, 2, 8, 2, 0]",up,256
194,2232,"[2, 4, 2, 8, 64, 256, 4, 2, 4, 8, 64, 8, 0, 2, 8, 2]",right,256
195,2232,"[2, 4, 2, 8, 64, 256, 4, 2, 4, 8, 64, 8, 2, 8, 2, 2]",left,256
196,2240,"[2, 2, 2, 8, 64, 4, 4, 2, 4, 256, 64, 8, 2, 16, 2, 2]",down,256
197,2256,"[4, 2, 8, 2, 64, 8, 2, 0, 4, 256, 64, 8, 2, 16, 4, 0]",left,256
198,2256,"[4, 2, 8, 2, 2, 64, 8, 2, 4, 256, 64, 8, 0, 2, 16, 4]",right,256
199,2276,"[4, 2, 16, 4, 2, 64, 64, 8, 4, 256, 16, 4, 0, 2, 0, 2]",up,256
200,2408,"[4, 2, 16, 4, 2, 128, 8, 0, 4, 256, 16, 4, 4, 2, 0, 0]",left,256
201,2416,"[2, 2, 0, 0, 4, 128, 16, 0, 2, 256, 8, 0, 8, 2, 16, 8]",down,256
202,2420,"[0, 0, 0, 4, 0, 4, 128, 16, 4, 2, 256, 8, 8, 2, 16, 8]",right,256
203,2440,"[4, 4, 128, 4, 8, 4, 256, 16, 0, 0, 16, 16, 0, 0, 2, 0]",up,256
204,2480,"[4, 8, 128, 4, 8, 0, 256, 32, 2, 0, 16, 0, 0, 0, 2, 0]",up,256
205,2480,"[4, 8, 128, 4, 8, 256, 32, 2, 2, 16, 0, 0, 2, 0, 0, 0]",left,256
206,2480,"[4, 8, 128, 4, 8, 256, 32, 2, 0, 0, 2, 16, 0, 2, 0, 2]",right,256
207,2484,"[4, 8, 128, 4, 8, 256, 32, 2, 2, 16, 0, 0, 4, 2, 0, 0]",left,256
208,2484,"[4, 8, 128, 4, 8, 256, 32, 2, 2, 0, 2, 16, 0, 0, 4, 2]",right,256
209,2488,"[4, 8, 128, 4, 8, 256, 32, 2, 4, 16, 2, 0, 4, 2, 0, 0]",left,256
210,2496,"[4, 8, 128, 4, 8, 256, 32, 2, 8, 16, 2, 0, 0, 2, 2, 0]",up,256
211,2500,"[4, 8, 128, 4, 8, 256, 32, 2, 8, 16, 2, 0, 4, 0, 0, 2]",left,256
212,2500,"[4, 8, 128, 4, 8, 256, 32, 2, 8, 16, 2, 2, 4, 2, 0, 0]",left,256
213,2520,"[4, 8, 128, 4, 16, 256, 32, 4, 4, 16, 2, 0, 0, 2, 2, 0]",up,256
214,2526,"[0, 8, 0, 0, 4, 256, 128, 0, 16, 16, 32, 2, 4, 2, 4, 8]",down,256
215,2558,"[8, 0, 2, 0, 4, 256, 128, 0, 32, 32, 2, 0, 4, 2, 4, 8]",left,256
216,2558,"[8, 256, 2, 8, 4, 32, 128, 0, 32, 2, 2, 2, 4, 0, 4, 0]",up,256
217,2558,"[8, 0, 2, 2, 4, 256, 128, 0, 32, 32, 2, 8, 4, 2, 4, 2]",down,256
218,2626,"[8, 4, 0, 0, 4, 256, 128, 2, 64, 2, 8, 0, 4, 2, 4, 2]",left,256
219,2630,"[8, 0, 2, 0, 4, 4, 128, 0, 64, 256, 8, 0, 4, 4, 4, 4]",down,256
220,2654,"[8, 2, 0, 0, 8, 128, 0, 0, 64, 256, 8, 2, 8, 8, 0, 0]",left,256
221,2670,"[16, 2, 8, 2, 64, 128, 0, 0, 8, 256, 0, 0, 0, 8, 0, 2]",up,256
222,2674,"[16, 2, 8, 4, 64, 128, 0, 0, 8, 256, 0, 0, 0, 8, 0, 4]",up,256
223,2682,"[16, 2, 8, 8, 64, 128, 0, 0, 8, 256, 0, 0, 0, 8, 0, 2]",up,256
224,2682,"[0, 2, 0, 0, 16, 128, 0, 0, 64, 256, 2, 8, 8, 8, 8, 2]",down,256
225,2698,"[2, 0, 2, 0, 16, 128, 0, 0, 64, 256, 2, 8, 16, 8, 2, 0]",left,256
226,2702,"[4, 0, 0, 0, 16, 128, 2, 0, 64, 256, 2, 8, 16, 8, 2, 0]",left,256
227,2702,"[0, 2, 0, 4, 0, 16, 128, 2, 64, 256, 2, 8, 0, 16, 8, 2]",right,256
228,2702,"[64, 2, 128, 4, 0, 16, 2, 2, 2, 256, 8, 8, 0, 16, 0, 2]",up,256
229,2702,"[64, 2, 128, 4, 2, 16, 2, 2, 2, 256, 8, 8, 0, 16, 0, 2]",up,256
230,2722,"[64, 2, 128, 4, 2, 16, 4, 0, 2, 256, 16, 0, 16, 2, 0, 2]",left,256
231,2726,"[64, 2, 128, 4, 2, 16, 4, 0, 2, 256, 16, 0, 16, 4, 2, 0]",left,256
232,2726,"[64, 2, 128, 4, 0, 2, 16, 4, 2, 2, 256, 16, 0, 16, 4, 2]",right,256
233,2738,"[64, 4, 128, 8, 2, 2, 16, 16, 0, 16, 256, 2, 0, 0, 4, 2]",up,256
234,2774,"[64, 4, 128, 8, 4, 32, 0, 0, 16, 256, 2, 0, 4, 2, 2, 0]",left,256
235,2778,"[64, 4, 128, 8, 4, 32, 0, 2, 16, 256, 2, 0, 4, 4, 0, 0]",left,256
236,2786,"[64, 4, 128, 8, 0, 4, 32, 2, 0, 16, 256, 2, 0, 2, 0, 8]",right,256
237,2798,"[64, 8, 128, 8, 0, 16, 32, 4, 0, 2, 256, 8, 0, 0, 0, 2]",up,256
238,2798,"[0, 0, 0, 8, 0, 8, 128, 4, 2, 16, 32, 8, 64, 2, 256, 2]",down,256
239,2798,"[8, 2, 0, 0, 8, 128, 4, 0, 2, 16, 32, 8, 64, 2, 256, 2]",left,256
240,2798,"[0, 0, 8, 2, 2, 8, 128, 4, 2, 16, 32, 8, 64, 2, 256, 2]",right,256
241,2802,"[4, 8, 8, 2, 64, 16, 128, 4, 0, 2, 32, 8, 0, 2, 256, 2]",up,256
242,2806,"[4, 8, 8, 2, 64, 16, 128, 4, 2, 4, 32, 8, 0, 0, 256, 2]",up,256
243,2822,"[0, 4, 16, 2, 64, 16, 128, 4, 2, 4, 32, 8, 2, 0, 256, 2]",right,256
244,2822,"[4, 16, 2, 0, 64, 16, 128, 4, 2, 4, 32, 8, 2, 256, 2, 2]",left,256
245,2840,"[0, 0, 2, 2, 4, 32, 128, 4, 64, 4, 32, 8, 4, 256, 2, 2]",down,256
246,2848,"[4, 0, 2, 0, 4, 32, 128, 4, 64, 4, 32, 8, 4, 256, 4, 0]",left,256
247,2848,"[4, 2, 2, 0, 4, 32, 128, 4, 64, 4, 32, 8, 4, 256, 4, 0]",left,256
248,2856,"[8, 2, 2, 4, 64, 32, 128, 8, 4, 4, 32, 0, 0, 256, 4, 2]",up,256
249,2868,"[8, 4, 4, 0, 64, 32, 128, 8, 8, 32, 0, 0, 256, 4, 2, 2]",left,256
250,2932,"[8, 4, 4, 8, 64, 64, 128, 2, 8, 4, 2, 0, 256, 2, 0, 0]",up,256
251,3068,"[8, 8, 8, 0, 128, 128, 2, 0, 8, 4, 2, 0, 256, 2, 2, 0]",left,256
252,3072,"[8, 8, 8, 0, 128, 128, 4, 2, 8, 4, 2, 0, 256, 2, 0, 0]",up,256
253,3072,"[8, 8, 8, 2, 128, 128, 4, 0, 8, 4, 2, 0, 256, 2, 2, 0]",up,256
254,3348,"[16, 8, 2, 0, 256, 4, 0, 0, 8, 4, 2, 0, 256, 4, 2, 0]",left,256
255,3354,"[16, 0, 0, 0, 256, 8, 0, 0, 8, 4, 2, 2, 256, 8, 4, 0]",down,256
256,3354,"[16, 8, 2, 2, 256, 4, 4, 2, 8, 8, 0, 0, 256, 0, 0, 0]",up,256
257,3382,"[16, 8, 4, 0, 256, 8, 2, 0, 16, 0, 0, 0, 256, 2, 0, 0]",left,256
258,3398,"[16, 16, 4, 0, 256, 2, 2, 0, 16, 0, 2, 0, 256, 0, 0, 0]",up,256
259,3402,"[16, 16, 4, 0, 256, 2, 4, 0, 16, 0, 0, 2, 256, 0, 0, 0]",up,256
260,3410,"[16, 16, 8, 2, 256, 2, 0, 0, 16, 0, 0, 0, 256, 2, 0, 0]",up,256
261,3414,"[16, 16, 8, 2, 256, 4, 0, 0, 16, 0, 0, 0, 256, 0, 0, 4]",up,256
262,3414,"[16, 16, 8, 2, 256, 4, 2, 4, 16, 0, 0, 0, 256, 0, 0, 0]",up,256
263,3446,"[32, 8, 2, 0, 256, 4, 2, 4, 16, 0, 0, 0, 256, 2, 0, 0]",left,256
264,3450,"[32, 8, 4, 4, 256, 4, 0, 0, 16, 2, 0, 0, 256, 2, 0, 0]",up,256
265,3454,"[32, 8, 4, 4, 256, 4, 0, 2, 16, 4, 0, 0, 256, 0, 0, 0]",up,256
266,3462,"[32, 8, 4, 4, 256, 8, 0, 2, 16, 0, 2, 0, 256, 0, 0, 0]",up,256
267,3478,"[32, 16, 4, 4, 256, 0, 2, 2, 16, 4, 0, 0, 256, 0, 0, 0]",up,256
268,3478,"[32, 16, 4, 4, 256, 4, 2, 2, 16, 0, 0, 0, 256, 0, 0, 2]",up,256
269,3490,"[32, 16, 8, 0, 256, 4, 4, 0, 16, 0, 2, 0, 256, 2, 0, 0]",left,256
270,3490,"[32, 16, 8, 0, 256, 4, 4, 0, 16, 2, 2, 0, 256, 0, 0, 2]",up,256
271,3490,"[32, 16, 8, 2, 256, 4, 4, 0, 16, 2, 2, 0, 256, 0, 2, 0]",up,256
272,3492,"[32, 0, 2, 0, 256, 16, 8, 0, 16, 4, 4, 0, 256, 2, 4, 2]",down,256
273,3500,"[2, 0, 32, 2, 0, 256, 16, 8, 0, 0, 16, 8, 256, 2, 4, 2]",right,256
274,3548,"[2, 256, 32, 2, 256, 2, 32, 16, 2, 0, 4, 2, 0, 0, 0, 0]",up,256
275,3612,"[2, 256, 64, 2, 256, 2, 4, 16, 2, 0, 0, 2, 0, 0, 0, 2]",up,256
276,3616,"[2, 256, 64, 2, 256, 2, 4, 16, 2, 0, 0, 4, 2, 0, 0, 0]",up,256
277,3620,"[2, 256, 64, 2, 256, 2, 4, 16, 4, 0, 4, 4, 0, 0, 0, 0]",up,256
278,3628,"[2, 256, 64, 2, 256, 2, 4, 16, 0, 0, 4, 8, 0, 0, 0, 2]",right,256
279,3628,"[2, 256, 64, 2, 256, 2, 4, 16, 4, 8, 0, 0, 2, 0, 2, 0]",left,256
280,3632,"[2, 256, 64, 2, 256, 2, 4, 16, 4, 8, 0, 0, 4, 0, 2, 0]",left,256
281,3640,"[2, 256, 64, 2, 256, 2, 4, 16, 8, 8, 2, 0, 0, 0, 2, 0]",up,256
282,3656,"[2, 256, 64, 2, 256, 2, 4, 16, 16, 2, 0, 0, 2, 2, 0, 0]",left,256
283,3660,"[2, 256, 64, 2, 256, 4, 4, 16, 16, 2, 0, 4, 2, 0, 0, 0]",up,256
284,3660,"[2, 0, 0, 0, 256, 256, 2, 2, 16, 4, 64, 16, 2, 2, 4, 4]",down,256
285,3660,"[2, 256, 2, 2, 256, 4, 64, 16, 16, 2, 4, 4, 2, 2, 0, 0]",up,256
286,3664,"[2, 256, 2, 2, 256, 4, 64, 16, 16, 4, 4, 4, 2, 0, 0, 2]",up,256
287,3680,"[2, 256, 4, 0, 256, 4, 64, 16, 16, 8, 4, 0, 4, 0, 2, 0]",left,256
288,3680,"[2, 256, 4, 16, 256, 4, 64, 0, 16, 8, 4, 0, 4, 2, 2, 0]",up,256
289,3680,"[2, 256, 4, 2, 256, 4, 64, 0, 16, 8, 4, 0, 4, 2, 2, 16]",down,256
290,3680,"[2, 256, 4, 2, 256, 4, 64, 16, 16, 8, 4, 2, 4, 2, 2, 0]",up,256
291,3684,"[2, 256, 4, 2, 256, 4, 64, 16, 16, 8, 4, 2, 4, 4, 0, 4]",left,256
292,3684,"[2, 256, 2, 2, 256, 4, 4, 16, 16, 8, 64, 2, 4, 4, 4, 4]",down,256
293,3712,"[2, 256, 4, 0, 256, 8, 16, 2, 16, 8, 64, 2, 8, 8, 0, 0]",left,256
294,3728,"[2, 256, 4, 0, 256, 8, 16, 2, 16, 8, 64, 2, 16, 2, 0, 0]",left,256
295,3780,"[2, 256, 4, 4, 256, 16, 16, 0, 32, 2, 64, 0, 2, 0, 0, 0]",up,256
296,3780,"[2, 0, 0, 0, 256, 256, 4, 0, 32, 16, 16, 2, 2, 2, 64, 4]",down,256
297,3780,"[2, 256, 4, 2, 256, 16, 16, 4, 32, 2, 64, 0, 2, 0, 2, 0]",up,256
298,3780,"[2, 0, 4, 0, 256, 256, 16, 2, 32, 16, 64, 2, 2, 2, 2, 4]",down,256
299,4296,"[0, 0, 2, 4, 0, 512, 16, 2, 32, 16, 64, 2, 2, 2, 4, 4]",right,512
300,4298,"[0, 0, 2, 2, 0, 512, 16, 4, 32, 16, 64, 4, 2, 2, 4, 4]",down,512
301,4306,"[32, 512, 2, 2, 2, 16, 16, 8, 0, 2, 64, 4, 0, 0, 4, 2]",up,512
302,4342,"[32, 512, 4, 0, 2, 32, 8, 4, 2, 64, 4, 0, 4, 2, 0, 0]",left,512
303,4346,"[32, 512, 4, 4, 4, 32, 8, 0, 4, 64, 4, 0, 0, 2, 2, 0]",up,512
304,4354,"[32, 512, 4, 4, 8, 32, 8, 0, 0, 64, 4, 2, 0, 2, 2, 0]",up,512
305,4354,"[32, 512, 4, 4, 8, 32, 8, 2, 2, 64, 4, 0, 0, 2, 2, 0]",up,512
306,4354,"[0, 512, 4, 0, 32, 32, 8, 2, 8, 64, 4, 4, 2, 2, 2, 2]",down,512
307,4434,"[512, 4, 0, 0, 64, 8, 2, 0, 8, 64, 8, 0, 4, 4, 2, 0]",left,512
308,4442,"[512, 4, 0, 0, 64, 8, 2, 0, 8, 64, 8, 0, 8, 2, 0, 2]",left,512
309,4458,"[512, 4, 2, 2, 64, 8, 8, 2, 16, 64, 0, 0, 0, 2, 0, 0]",up,512
310,4478,"[512, 4, 4, 0, 64, 16, 2, 0, 16, 64, 4, 0, 2, 0, 0, 0]",left,512
311,4478,"[512, 0, 0, 2, 64, 4, 4, 0, 16, 16, 2, 0, 2, 64, 4, 0]",down,512
312,4478,"[512, 4, 4, 2, 64, 16, 2, 0, 16, 64, 4, 0, 2, 0, 0, 2]",up,512
313,4490,"[512, 8, 2, 0, 64, 16, 2, 0, 16, 64, 4, 0, 4, 0, 2, 0]",left,512
314,4494,"[512, 8, 4, 2, 64, 16, 4, 0, 16, 64, 2, 0, 4, 0, 0, 0]",up,512
315,4502,"[512, 8, 8, 2, 64, 16, 2, 0, 16, 64, 0, 0, 4, 2, 0, 0]",up,512
316,4502,"[512, 8, 0, 0, 64, 16, 2, 0, 16, 64, 8, 0, 4, 2, 2, 2]",down,512
317,4502,"[512, 8, 2, 2, 64, 16, 8, 0, 16, 64, 2, 0, 4, 2, 0, 2]",up,512
318,4506,"[512, 8, 2, 4, 64, 16, 8, 0, 16, 64, 2, 0, 4, 2, 0, 2]",up,512
319,4510,"[512, 8, 2, 4, 64, 16, 8, 0, 16, 64, 2, 0, 4, 4, 0, 2]",left,512
320,4510,"[512, 8, 2, 4, 64, 16, 8, 2, 16, 64, 2, 2, 4, 4, 0, 0]",up,512
321,4514,"[512, 8, 2, 4, 64, 16, 8, 4, 16, 64, 2, 2, 4, 4, 0, 0]",up,512
322,4526,"[512, 8, 2, 4, 64, 16, 8, 4, 0, 16, 64, 4, 2, 0, 0, 8]",right,512
323,4526,"[512, 8, 2, 4, 64, 16, 8, 4, 0, 16, 64, 4, 0, 2, 2, 8]",right,512
324,4546,"[0, 0, 2, 0, 2, 8, 8, 4, 512, 32, 64, 8, 64, 2, 2, 8]",down,512
325,4554,"[0, 2, 2, 0, 2, 8, 8, 0, 512, 32, 64, 4, 64, 2, 2, 16]",down,512
326,4554,"[2, 2, 2, 4, 512, 8, 8, 16, 64, 32, 64, 0, 0, 2, 2, 2]",up,512
327,4578,"[0, 2, 4, 4, 2, 512, 16, 16, 0, 64, 32, 64, 0, 0, 2, 4]",right,512
328,4618,"[2, 8, 0, 0, 2, 512, 32, 0, 64, 32, 64, 0, 2, 4, 2, 0]",left,512
329,4620,"[0, 8, 0, 0, 4, 512, 32, 0, 64, 32, 64, 0, 2, 4, 2, 2]",down,512
330,4624,"[8, 0, 0, 0, 4, 512, 32, 0, 64, 32, 64, 2, 2, 4, 4, 0]",left,512
331,4624,"[8, 0, 0, 0, 4, 512, 32, 2, 64, 32, 64, 0, 2, 4, 4, 2]",down,512
332,4628,"[8, 512, 32, 4, 4, 32, 64, 0, 64, 4, 4, 0, 2, 0, 0, 4]",up,512
333,4636,"[8, 512, 32, 8, 4, 32, 64, 2, 64, 4, 4, 0, 2, 0, 0, 0]",up,512
334,4644,"[8, 512, 32, 8, 4, 32, 64, 2, 64, 8, 0, 2, 2, 0, 0, 0]",left,512
335,4648,"[8, 512, 32, 8, 4, 32, 64, 4, 64, 8, 2, 0, 2, 0, 0, 0]",up,512
336,4648,"[8, 512, 32, 8, 4, 32, 64, 4, 0, 64, 8, 2, 2, 0, 0, 2]",right,512
337,4652,"[8, 512, 32, 8, 4, 32, 64, 4, 2, 64, 8, 4, 0, 0, 2, 0]",up,512
338,4660,"[8, 512, 32, 8, 4, 32, 64, 8, 2, 64, 8, 4, 0, 0, 2, 0]",up,512
339,4676,"[8, 512, 32, 16, 4, 32, 64, 4, 2, 64, 8, 2, 0, 0, 2, 0]",up,512
340,4676,"[8, 512, 32, 16, 4, 32, 64, 4, 2, 64, 8, 2, 0, 2, 0, 2]",right,512
341,4680,"[8, 512, 32, 16, 4, 32, 64, 4, 2, 64, 8, 4, 0, 2, 0, 2]",up,512
342,4688,"[8, 512, 32, 16, 4, 32, 64, 8, 2, 64, 8, 2, 0, 2, 2, 0]",up,512
343,4688,"[0, 512, 32, 2, 8, 32, 64, 16, 4, 64, 8, 8, 2, 2, 2, 2]",down,512
344,4688,"[8, 512, 32, 2, 4, 32, 64, 16, 2, 64, 8, 8, 2, 2, 2, 2]",up,512
345,4692,"[8, 512, 32, 2, 4, 32, 64, 16, 4, 64, 8, 8, 2, 2, 2, 2]",up,512
346,4700,"[8, 512, 32, 2, 8, 32, 64, 16, 2, 64, 8, 8, 2, 2, 2, 2]",up,512
347,4720,"[16, 512, 32, 2, 4, 32, 64, 16, 4, 64, 8, 8, 0, 2, 2, 2]",up,512
348,4740,"[16, 512, 32, 2, 4, 32, 64, 16, 4, 64, 16, 0, 4, 2, 2, 0]",left,512
349,4744,"[16, 512, 32, 2, 4, 32, 64, 16, 4, 64, 16, 0, 4, 4, 2, 0]",left,512
350,4752,"[16, 512, 32, 2, 4, 32, 64, 16, 4, 64, 16, 0, 8, 2, 0, 2]",left,512
351,4756,"[16, 512, 32, 2, 4, 32, 64, 16, 4, 64, 16, 2, 8, 4, 0, 0]",left,512
352,4764,"[16, 512, 32, 2, 8, 32, 64, 16, 8, 64, 16, 2, 0, 4, 0, 2]",up,512
353,4784,"[16, 512, 32, 2, 16, 32, 64, 16, 2, 64, 16, 4, 0, 4, 0, 0]",up,512
354,4800,"[0, 512, 0, 4, 0, 32, 32, 2, 32, 64, 64, 16, 2, 4, 16, 4]",down,512
355,4992,"[512, 4, 0, 0, 64, 2, 2, 0, 32, 128, 16, 0, 2, 4, 16, 4]",left,512
356,5024,"[512, 4, 2, 4, 64, 2, 32, 0, 32, 128, 0, 0, 2, 4, 0, 2]",up,512
357,5024,"[512, 4, 2, 4, 0, 64, 2, 32, 2, 0, 32, 128, 0, 2, 4, 2]",right,512
358,5028,"[512, 4, 4, 4, 2, 64, 32, 32, 0, 2, 4, 128, 0, 2, 0, 2]",up,512
359,5104,"[512, 8, 4, 2, 2, 64, 64, 0, 2, 4, 128, 0, 4, 0, 0, 0]",left,512
360,5108,"[512, 8, 4, 2, 4, 64, 64, 0, 4, 4, 128, 0, 0, 0, 0, 2]",up,512
361,5120,"[512, 8, 4, 4, 8, 64, 64, 0, 0, 4, 128, 0, 2, 0, 0, 0]",up,512
362,5120,"[512, 8, 4, 4, 8, 64, 64, 0, 2, 4, 128, 0, 0, 0, 2, 0]",up,512
363,5120,"[0, 2, 4, 0, 512, 8, 64, 0, 8, 64, 128, 0, 2, 4, 2, 4]",down,512
364,5120,"[512, 2, 4, 4, 8, 8, 64, 0, 2, 64, 128, 0, 2, 4, 2, 0]",up,512
365,5124,"[512, 2, 4, 4, 8, 8, 64, 0, 4, 64, 128, 2, 0, 4, 2, 0]",up,512
366,5124,"[512, 2, 4, 4, 8, 8, 64, 2, 4, 64, 128, 0, 0, 4, 2, 2]",up,512
367,5152,"[512, 2, 8, 0, 16, 64, 2, 2, 4, 64, 128, 0, 4, 4, 0, 0]",left,512
368,5220,"[0, 0, 4, 0, 512, 2, 8, 0, 16, 128, 2, 0, 8, 4, 128, 2]",down,512
369,5220,"[512, 2, 4, 2, 16, 128, 8, 0, 8, 4, 2, 0, 2, 0, 128, 0]",up,512
370,5220,"[512, 0, 4, 0, 16, 2, 8, 4, 8, 128, 2, 0, 2, 4, 128, 2]",down,512
371,5220,"[0, 0, 512, 4, 16, 2, 8, 4, 2, 8, 128, 2, 2, 4, 128, 2]",right,512
372,5492,"[16, 2, 512, 8, 4, 8, 8, 4, 0, 4, 256, 0, 0, 0, 0, 2]",up,512
373,5492,"[16, 2, 512, 8, 4, 8, 8, 4, 0, 4, 256, 2, 0, 0, 0, 2]",up,512
374,5496,"[16, 2, 512, 8, 4, 8, 8, 4, 0, 4, 256, 4, 0, 2, 0, 0]",up,512
375,5512,"[16, 2, 512, 8, 4, 16, 4, 0, 4, 256, 4, 2, 2, 0, 0, 0]",left,512
376,5512,"[16, 2, 512, 8, 0, 4, 16, 4, 4, 256, 4, 2, 2, 0, 0, 2]",right,512
377,5516,"[16, 2, 512, 8, 4, 4, 16, 4, 2, 256, 4, 4, 0, 4, 0, 0]",up,512
378,5524,"[16, 2, 512, 8, 4, 4, 16, 8, 2, 256, 4, 0, 0, 4, 0, 4]",up,512
379,5532,"[0, 2, 4, 0, 16, 4, 512, 0, 4, 256, 16, 16, 2, 4, 4, 4]",down,512
380,5572,"[0, 0, 2, 4, 2, 16, 4, 512, 0, 4, 256, 32, 0, 2, 4, 8]",right,512
381,5572,"[2, 4, 0, 2, 2, 16, 4, 512, 4, 256, 32, 0, 2, 4, 8, 0]",left,512
382,5576,"[4, 4, 4, 2, 4, 16, 32, 512, 2, 256, 8, 0, 2, 4, 0, 0]",up,512
383,5588,"[8, 4, 4, 2, 4, 16, 32, 512, 0, 256, 8, 0, 2, 4, 0, 0]",up,512
384,5588,"[8, 4, 4, 2, 4, 16, 32, 512, 2, 256, 8, 0, 0, 4, 0, 2]",up,512
385,5588,"[8, 4, 4, 2, 4, 16, 32, 512, 2, 256, 8, 2, 2, 4, 0, 0]",up,512
386,5596,"[8, 8, 2, 0, 4, 16, 32, 512, 2, 256, 8, 2, 2, 4, 0, 2]",left,512
387,5612,"[2, 0, 16, 2, 4, 16, 32, 512, 2, 256, 8, 2, 0, 2, 4, 2]",right,512
388,5616,"[2, 16, 16, 2, 4, 256, 32, 512, 2, 2, 8, 4, 2, 0, 4, 0]",up,512
389,5620,"[2, 16, 16, 2, 4, 256, 32, 512, 4, 2, 8, 4, 0, 2, 4, 0]",up,512
390,5632,"[2, 16, 16, 2, 8, 256, 32, 512, 2, 4, 8, 4, 0, 0, 4, 0]",up,512
391,5632,"[2, 0, 16, 0, 2, 16, 32, 2, 8, 256, 8, 512, 2, 4, 4, 4]",down,512
392,5636,"[4, 16, 16, 2, 8, 256, 32, 512, 2, 4, 8, 4, 0, 0, 4, 2]",up,512
393,5668,"[2, 4, 32, 2, 8, 256, 32, 512, 2, 4, 8, 4, 0, 0, 4, 2]",right,512
394,5700,"[0, 2, 0, 2, 2, 4, 64, 512, 8, 256, 8, 4, 2, 4, 4, 2]",down,512
395,5712,"[4, 0, 0, 0, 2, 4, 64, 512, 8, 256, 8, 4, 2, 8, 2, 2]",left,512
396,5712,"[4, 4, 64, 512, 2, 256, 8, 4, 8, 8, 2, 2, 2, 0, 0, 2]",up,512
397,5716,"[4, 4, 64, 512, 2, 256, 8, 4, 8, 8, 2, 4, 2, 4, 0, 0]",up,512
398,5724,"[4, 4, 64, 512, 2, 256, 8, 8, 8, 8, 2, 0, 2, 4, 0, 2]",up,512
399,5724,"[4, 4, 64, 512, 2, 256, 8, 8, 8, 8, 2, 2, 2, 4, 2, 0]",up,512
400,5768,"[8, 64, 512, 0, 2, 256, 16, 0, 16, 4, 0, 2, 2, 4, 2, 0]",left,512
401,5776,"[8, 64, 512, 2, 2, 256, 16, 0, 16, 8, 2, 0, 2, 0, 2, 0]",up,512
402,5780,"[8, 64, 512, 2, 0, 2, 256, 16, 0, 16, 8, 2, 0, 2, 0, 4]",right,512
403,5780,"[8, 64, 512, 2, 2, 256, 16, 0, 16, 8, 2, 2, 2, 4, 0, 0]",left,512
404,5784,"[8, 64, 512, 2, 2, 256, 16, 0, 16, 8, 4, 0, 2, 4, 2, 0]",left,512
405,5784,"[8, 64, 512, 0, 2, 256, 16, 0, 16, 8, 4, 4, 2, 4, 2, 2]",down,512
406,5796,"[8, 64, 512, 0, 2, 256, 16, 0, 16, 8, 8, 0, 2, 4, 4, 2]",left,512
407,5820,"[8, 64, 512, 0, 2, 256, 16, 0, 16, 16, 0, 2, 2, 8, 2, 0]",left,512
408,5852,"[8, 64, 512, 0, 2, 256, 16, 0, 32, 2, 2, 0, 2, 8, 2, 0]",left,512
409,5856,"[8, 64, 512, 0, 2, 256, 16, 0, 32, 2, 4, 0, 2, 8, 0, 2]",up,512
410,5856,"[8, 64, 512, 2, 2, 256, 16, 0, 32, 2, 4, 2, 2, 8, 0, 0]",up,512
411,5860,"[8, 64, 512, 4, 2, 256, 16, 2, 32, 2, 4, 0, 2, 8, 0, 0]",up,512
412,5860,"[8, 64, 512, 4, 2, 256, 16, 2, 2, 32, 2, 4, 0, 0, 2, 8]",right,512
413,5868,"[8, 64, 512, 4, 4, 256, 16, 2, 0, 32, 4, 4, 0, 2, 0, 8]",up,512
414,5876,"[8, 64, 512, 4, 4, 256, 16, 2, 32, 8, 0, 0, 2, 8, 2, 0]",left,512
415,5892,"[8, 64, 512, 4, 4, 256, 16, 2, 32, 16, 2, 0, 2, 0, 0, 2]",up,512
416,5896,"[8, 64, 512, 4, 4, 256, 16, 4, 32, 16, 2, 0, 2, 2, 0, 0]",up,512
417,5904,"[8, 64, 512, 8, 4, 256, 16, 2, 32, 16, 2, 0, 2, 2, 0, 0]",up,512
418,5908,"[8, 64, 512, 8, 4, 256, 16, 2, 0, 32, 16, 2, 2, 0, 0, 4]",right,512
419,5944,"[8, 64, 512, 8, 4, 256, 32, 4, 2, 32, 4, 4, 0, 0, 0, 0]",up,512
420,5948,"[0, 0, 0, 2, 8, 64, 512, 0, 4, 256, 32, 8, 2, 32, 4, 8]",down,512
421,5964,"[8, 64, 512, 2, 4, 256, 32, 16, 2, 32, 4, 0, 2, 0, 0, 0]",up,512
422,5968,"[8, 64, 512, 2, 4, 256, 32, 16, 4, 32, 4, 0, 0, 0, 2, 0]",up,512
423,5976,"[8, 64, 512, 2, 8, 256, 32, 16, 2, 32, 4, 0, 0, 0, 2, 0]",up,512
424,5976,"[8, 64, 512, 2, 8, 256, 32, 16, 2, 32, 4, 2, 2, 0, 0, 0]",left,512
425,5976,"[8, 64, 512, 2, 8, 256, 32, 16, 2, 32, 4, 2, 2, 0, 0, 2]",right,512
426,6000,"[16, 64, 512, 2, 4, 256, 32, 16, 0, 32, 4, 4, 0, 2, 0, 0]",up,512
427,6000,"[0, 64, 0, 0, 2, 256, 512, 2, 16, 32, 32, 16, 4, 2, 4, 4]",down,512
428,6000,"[2, 64, 512, 2, 16, 256, 32, 16, 4, 32, 4, 4, 2, 2, 0, 0]",up,512
429,6012,"[2, 64, 512, 2, 16, 256, 32, 16, 0, 4, 32, 8, 0, 0, 2, 4]",right,512
430,6076,"[2, 64, 512, 2, 16, 256, 64, 16, 0, 4, 2, 8, 0, 2, 0, 4]",up,512
431,6076,"[2, 64, 512, 2, 16, 256, 64, 16, 0, 4, 2, 8, 0, 2, 2, 4]",right,512
432,6080,"[2, 64, 512, 2, 16, 256, 64, 16, 0, 4, 2, 8, 2, 0, 4, 4]",right,512
433,6080,"[0, 2, 512, 2, 2, 64, 64, 16, 16, 256, 2, 8, 2, 4, 4, 4]",down,512
434,6216,"[0, 2, 512, 2, 0, 2, 128, 16, 16, 256, 2, 8, 2, 2, 4, 8]",right,512
435,6226,"[0, 2, 512, 0, 0, 4, 128, 2, 16, 256, 2, 16, 2, 2, 4, 16]",down,512
436,6230,"[0, 2, 2, 512, 0, 4, 128, 2, 16, 256, 2, 16, 0, 4, 4, 16]",right,512
437,6262,"[16, 2, 2, 512, 0, 4, 128, 2, 0, 256, 2, 32, 0, 4, 4, 4]",up,512
438,6274,"[16, 4, 512, 0, 4, 128, 2, 0, 256, 2, 32, 0, 8, 4, 0, 2]",left,512
439,6274,"[16, 4, 512, 2, 4, 128, 2, 2, 256, 2, 32, 0, 8, 4, 0, 0]",up,512
440,6278,"[16, 4, 512, 4, 4, 128, 2, 0, 256, 2, 32, 0, 8, 4, 0, 2]",up,512
441,6278,"[16, 4, 2, 0, 4, 128, 512, 0, 256, 2, 2, 4, 8, 4, 32, 2]",down,512
442,6282,"[16, 4, 2, 0, 4, 128, 512, 2, 256, 4, 4, 0, 8, 4, 32, 2]",left,512
443,6288,"[16, 0, 2, 0, 4, 4, 512, 4, 256, 128, 4, 0, 8, 8, 32, 4]",down,512
444,6312,"[16, 2, 2, 0, 8, 512, 4, 0, 256, 128, 4, 0, 16, 32, 4, 0]",left,512
445,6316,"[16, 4, 0, 2, 8, 512, 4, 0, 256, 128, 4, 0, 16, 32, 4, 0]",left,512
446,6320,"[16, 4, 0, 2, 8, 512, 0, 0, 256, 128, 4, 0, 16, 32, 8, 2]",down,512
447,6324,"[16, 4, 4, 4, 8, 512, 8, 0, 256, 128, 2, 0, 16, 32, 0, 0]",up,512
448,6324,"[16, 4, 2, 0, 8, 512, 4, 0, 256, 128, 8, 0, 16, 32, 2, 4]",down,512
449,6324,"[16, 4, 2, 4, 8, 512, 4, 0, 256, 128, 8, 0, 16, 32, 2, 2]",up,512
450,6324,"[16, 4, 2, 0, 8, 512, 4, 2, 256, 128, 8, 4, 16, 32, 2, 2]",down,512
451,6328,"[16, 4, 2, 0, 8, 512, 4, 2, 256, 128, 8, 4, 16, 32, 4, 2]",left,512
452,6328,"[16, 4, 2, 2, 8, 512, 4, 4, 256, 128, 8, 2, 16, 32, 4, 2]",up,512
453,6332,"[16, 4, 2, 2, 8, 512, 4, 4, 256, 128, 8, 4, 16, 32, 4, 2]",up,512
454,6340,"[16, 4, 2, 2, 8, 512, 4, 8, 256, 128, 8, 2, 16, 32, 4, 2]",up,512
455,6344,"[16, 4, 2, 2, 8, 512, 4, 8, 256, 128, 8, 4, 16, 32, 4, 2]",up,512
456,6348,"[16, 4, 4, 2, 8, 512, 4, 8, 256, 128, 8, 4, 16, 32, 4, 2]",left,512
457,6356,"[16, 4, 8, 2, 8, 512, 8, 8, 256, 128, 4, 4, 16, 32, 2, 2]",up,512
458,6384,"[16, 4, 8, 2, 8, 512, 16, 0, 256, 128, 8, 2, 16, 32, 4, 0]",left,512
459,6388,"[16, 4, 8, 4, 8, 512, 16, 2, 256, 128, 8, 0, 16, 32, 4, 0]",up,512
460,6388,"[16, 4, 8, 2, 8, 512, 16, 0, 256, 128, 8, 4, 16, 32, 4, 2]",down,512
461,6388,"[16, 4, 8, 2, 2, 8, 512, 16, 256, 128, 8, 4, 16, 32, 4, 2]",right,512
1,0,"[4, 0, 0, 0, 0, 0, 0, 0, 0, 0, 0, 0, 0, 0, 2, 0]",up,4
2,0,"[4, 0, 2, 0, 0, 0, 2, 0, 0, 0, 0, 0, 0, 0, 0, 0]",up,4
3,4,"[4, 0, 4, 0, 0, 0, 0, 0, 0, 2, 0, 0, 0, 0, 0, 0]",up,4
4,12,"[8, 0, 0, 0, 0, 0, 0, 0, 2, 2, 0, 0, 0, 0, 0, 0]",left,8
5,16,"[8, 0, 0, 0, 0, 0, 0, 0, 4, 0, 0, 0, 0, 0, 2, 0]",left,8
6,16,"[8, 0, 2, 2, 4, 0, 0, 0, 0, 0, 0, 0, 0, 0, 0, 0]",up,8
7,20,"[8, 4, 2, 0, 4, 0, 0, 0, 0, 0, 0, 0, 0, 0, 0, 0]",left,8
8,20,"[0, 0, 0, 0, 0, 0, 4, 0, 8, 0, 0, 0, 4, 4, 2, 0]",down,8
9,28,"[2, 0, 0, 0, 4, 0, 0, 0, 8, 0, 0, 0, 8, 2, 0, 0]",left,8
10,44,"[2, 2, 0, 0, 4, 0, 0, 2, 16, 0, 0, 0, 0, 0, 0, 0]",up,16
11,48,"[4, 0, 0, 0, 4, 2, 0, 0, 16, 0, 0, 0, 0, 2, 0, 0]",left,16
12,60,"[8, 4, 0, 0, 16, 0, 0, 0, 2, 0, 0, 0, 0, 0, 0, 0]",up,16
13,60,"[2, 0, 0, 0, 8, 0, 0, 0, 16, 0, 0, 0, 2, 4, 0, 0]",down,16
14,60,"[2, 4, 0, 0, 8, 0, 0, 0, 16, 0, 0, 0, 2, 0, 0, 2]",up,16
15,64,"[2, 4, 2, 0, 8, 0, 0, 0, 16, 0, 0, 0, 4, 0, 0, 0]",left,16
16,64,"[2, 0, 0, 0, 8, 2, 0, 0, 16, 0, 0, 0, 4, 4, 2, 0]",down,16
17,72,"[2, 2, 0, 0, 8, 2, 0, 0, 16, 0, 0, 0, 8, 2, 0, 0]",left,16
18,76,"[2, 4, 0, 0, 8, 2, 0, 2, 16, 0, 0, 0, 8, 0, 0, 0]",up,16
19,80,"[2, 4, 0, 0, 8, 4, 0, 0, 16, 0, 0, 0, 8, 2, 0, 0]",left,16
20,88,"[2, 8, 0, 0, 8, 2, 0, 2, 16, 0, 0, 0, 8, 0, 0, 0]",up,16
21,92,"[2, 8, 0, 0, 8, 4, 0, 2, 16, 0, 0, 0, 8, 0, 0, 0]",left,16
22,92,"[2, 8, 0, 2, 8, 4, 0, 0, 16, 0, 0, 0, 8, 0, 2, 0]",up,16
23,92,"[2, 8, 2, 2, 8, 4, 2, 0, 16, 0, 0, 0, 8, 0, 0, 0]",up,16
24,96,"[2, 8, 4, 2, 8, 4, 0, 2, 16, 0, 0, 0, 8, 0, 0, 0]",up,16
25,100,"[2, 8, 4, 4, 8, 4, 0, 0, 16, 0, 0, 2, 8, 0, 0, 0]",up,16
26,108,"[2, 8, 8, 0, 8, 4, 0, 0, 16, 2, 0, 0, 8, 2, 0, 0]",left,16
27,124,"[2, 16, 0, 0, 8, 4, 0, 0, 16, 2, 0, 0, 8, 2, 2, 0]",left,16
28,128,"[2, 16, 2, 0, 8, 4, 0, 0, 16, 4, 2, 0, 8, 0, 0, 0]",up,16
29,140,"[2, 16, 4, 0, 8, 8, 0, 0, 16, 0, 4, 0, 8, 0, 0, 0]",up,16
30,156,"[2, 16, 4, 0, 16, 0, 0, 0, 16, 4, 0, 0, 8, 0, 2, 0]",left,16
31,188,"[2, 16, 4, 0, 32, 4, 2, 0, 8, 0, 0, 0, 0, 4, 0, 0]",up,32
32,196,"[2, 16, 4, 2, 32, 8, 2, 0, 8, 0, 0, 0, 0, 0, 0, 0]",up,32
33,196,"[0, 0, 0, 2, 2, 0, 0, 0, 32, 16, 4, 0, 8, 8, 2, 2]",down,32
34,216,"[2, 0, 0, 0, 2, 0, 0, 0, 32, 16, 4, 2, 16, 4, 0, 0]",left,32
35,220,"[4, 16, 4, 2, 32, 4, 0, 0, 16, 0, 0, 0, 2, 0, 0, 0]",up,32
36,220,"[4, 0, 0, 0, 32, 0, 0, 2, 16, 16, 0, 0, 2, 4, 4, 2]",down,32
37,260,"[4, 0, 0, 0, 32, 2, 0, 0, 32, 0, 0, 2, 2, 8, 2, 0]",left,32
38,324,"[4, 2, 2, 2, 64, 8, 0, 2, 2, 0, 0, 0, 0, 0, 0, 0]",up,64
39,328,"[4, 2, 2, 4, 64, 8, 0, 0, 2, 0, 0, 0, 0, 0, 0, 2]",up,64
40,332,"[4, 4, 4, 0, 64, 8, 0, 0, 2, 0, 0, 2, 2, 0, 0, 0]",left,64
41,344,"[8, 4, 2, 0, 64, 8, 0, 0, 4, 0, 0, 0, 2, 0, 0, 0]",left,64
42,344,"[8, 2, 0, 0, 64, 0, 0, 0, 4, 4, 0, 0, 2, 8, 2, 0]",down,64
43,352,"[8, 2, 0, 0, 64, 0, 0, 0, 8, 0, 2, 0, 2, 8, 2, 0]",left,64
44,356,"[8, 2, 4, 0, 64, 8, 0, 2, 8, 0, 0, 0, 2, 0, 0, 0]",up,64
45,356,"[8, 2, 4, 2, 64, 8, 0, 0, 8, 0, 2, 0, 2, 0, 0, 0]",up,64
46,356,"[8, 2, 4, 2, 64, 8, 2, 0, 8, 0, 0, 0, 2, 0, 0, 2]",up,64
47,360,"[8, 2, 4, 4, 64, 8, 2, 0, 8, 0, 0, 0, 2, 2, 0, 0]",up,64
48,372,"[8, 2, 8, 0, 64, 8, 2, 0, 8, 0, 2, 0, 4, 0, 0, 0]",left,64
49,376,"[8, 2, 8, 0, 64, 8, 4, 0, 8, 0, 0, 0, 4, 4, 0, 0]",up,64
50,384,"[8, 2, 8, 0, 64, 8, 4, 0, 8, 0, 0, 0, 8, 2, 0, 0]",left,64
51,400,"[8, 2, 8, 0, 64, 8, 4, 0, 16, 2, 0, 0, 2, 0, 0, 0]",up,64
52,400,"[8, 0, 0, 0, 64, 2, 0, 2, 16, 8, 8, 0, 2, 2, 4, 0]",down,64
53,424,"[8, 0, 0, 0, 64, 4, 0, 0, 16, 16, 0, 2, 4, 4, 0, 0]",left,64
54,464,"[8, 0, 0, 2, 64, 4, 0, 0, 32, 2, 0, 0, 8, 0, 0, 0]",left,64
55,464,"[8, 4, 0, 2, 64, 2, 0, 0, 32, 0, 0, 0, 8, 0, 0, 2]",up,64
56,468,"[8, 4, 0, 4, 64, 2, 0, 0, 32, 0, 0, 0, 8, 2, 0, 0]",up,64
57,476,"[8, 8, 0, 0, 64, 2, 0, 0, 32, 0, 0, 0, 8, 2, 2, 0]",left,64
58,496,"[16, 0, 0, 0, 64, 2, 0, 0, 32, 0, 0, 0, 8, 4, 0, 2]",left,64
59,496,"[16, 2, 0, 2, 64, 4, 0, 0, 32, 2, 0, 0, 8, 0, 0, 0]",up,64
60,500,"[16, 4, 0, 0, 64, 4, 0, 0, 32, 2, 0, 0, 8, 2, 0, 0]",left,64
61,512,"[16, 8, 0, 0, 64, 4, 0, 0, 32, 0, 2, 0, 8, 0, 0, 0]",up,64
62,512,"[16, 8, 2, 0, 64, 4, 0, 0, 32, 0, 0, 2, 8, 0, 0, 0]",up,64
63,512,"[16, 8, 2, 2, 64, 4, 0, 0, 32, 0, 0, 0, 8, 2, 0, 0]",up,64
64,516,"[16, 8, 4, 2, 64, 4, 0, 0, 32, 0, 0, 0, 8, 2, 0, 0]",left,64
65,516,"[16, 8, 4, 2, 64, 4, 0, 0, 32, 2, 0, 0, 8, 0, 2, 0]",up,64
66,516,"[16, 8, 4, 2, 64, 4, 2, 0, 32, 2, 0, 0, 8, 0, 4, 0]",up,64
67,516,"[16, 8, 4, 2, 64, 4, 2, 0, 32, 2, 4, 2, 8, 0, 0, 0]",up,64
68,520,"[16, 8, 4, 4, 64, 4, 2, 0, 32, 2, 4, 0, 8, 0, 0, 2]",up,64
69,528,"[16, 8, 8, 2, 64, 4, 2, 0, 32, 2, 4, 0, 8, 2, 0, 0]",left,64
70,544,"[16, 16, 2, 2, 64, 4, 2, 0, 32, 2, 4, 0, 8, 2, 0, 0]",left,64
71,580,"[32, 4, 0, 0, 64, 4, 2, 0, 32, 2, 4, 2, 8, 2, 0, 0]",left,64
72,592,"[32, 8, 2, 2, 64, 4, 4, 0, 32, 0, 0, 0, 8, 0, 0, 2]",up,64
73,604,"[32, 8, 4, 0, 64, 8, 0, 0, 32, 2, 0, 0, 8, 2, 0, 0]",left,64
74,624,"[32, 16, 4, 0, 64, 4, 4, 0, 32, 0, 0, 0, 8, 0, 0, 0]",up,64
75,632,"[32, 16, 8, 0, 64, 4, 0, 2, 32, 0, 0, 0, 8, 0, 0, 0]",up,64
76,632,"[32, 16, 8, 2, 64, 4, 0, 0, 32, 0, 0, 2, 8, 0, 0, 0]",up,64
77,636,"[32, 16, 8, 4, 64, 4, 0, 0, 32, 2, 0, 0, 8, 0, 0, 0]",up,64
78,636,"[32, 0, 0, 2, 64, 16, 0, 0, 32, 4, 0, 0, 8, 2, 8, 4]",down,64
79,636,"[32, 16, 8, 2, 64, 4, 0, 4, 32, 2, 2, 0, 8, 0, 0, 0]",up,64
80,648,"[32, 16, 8, 2, 64, 8, 0, 0, 32, 4, 0, 0, 8, 0, 2, 0]",left,64
81,648,"[32, 16, 8, 2, 64, 8, 2, 0, 32, 4, 0, 0, 8, 2, 0, 0]",up,64
82,648,"[32, 16, 0, 0, 64, 8, 0, 2, 32, 4, 8, 0, 8, 2, 2, 2]",down,64
83,652,"[32, 16, 8, 4, 64, 8, 2, 2, 32, 4, 0, 0, 8, 2, 0, 0]",up,64
84,656,"[32, 16, 8, 4, 64, 8, 4, 0, 32, 4, 0, 2, 8, 2, 0, 0]",left,64
85,656,"[32, 16, 8, 4, 64, 8, 4, 2, 32, 4, 0, 0, 8, 2, 2, 0]",up,64
86,660,"[32, 16, 8, 4, 64, 8, 4, 2, 32, 4, 0, 2, 8, 4, 0, 0]",left,64
87,672,"[32, 16, 8, 4, 64, 8, 4, 4, 32, 8, 2, 0, 8, 0, 0, 0]",up,64
88,696,"[32, 16, 8, 8, 64, 16, 4, 0, 32, 0, 2, 0, 8, 0, 0, 2]",up,64
89,728,"[32, 32, 8, 8, 64, 0, 4, 2, 32, 4, 2, 0, 8, 0, 0, 0]",up,64
90,808,"[64, 16, 0, 0, 64, 4, 2, 0, 32, 4, 2, 2, 8, 0, 0, 0]",left,64
91,948,"[128, 16, 4, 2, 32, 8, 0, 0, 8, 0, 2, 0, 0, 0, 0, 0]",up,128
92,948,"[128, 16, 4, 2, 32, 8, 2, 0, 8, 0, 0, 0, 0, 0, 2, 0]",up,128
93,952,"[128, 16, 4, 2, 32, 8, 4, 2, 8, 0, 0, 0, 0, 0, 0, 0]",up,128
94,964,"[128, 16, 8, 4, 32, 8, 0, 0, 8, 0, 0, 0, 0, 0, 2, 0]",up,128
95,964,"[128, 16, 8, 4, 32, 8, 2, 0, 8, 0, 0, 0, 0, 0, 2, 0]",up,128
96,968,"[128, 16, 8, 4, 32, 8, 4, 0, 8, 0, 0, 2, 0, 0, 0, 0]",up,128
97,968,"[128, 16, 8, 4, 32, 8, 4, 2, 8, 0, 0, 0, 2, 0, 0, 0]",up,128
98,968,"[128, 0, 0, 0, 32, 0, 2, 0, 8, 16, 8, 4, 2, 8, 4, 2]",down,128
99,968,"[128, 16, 2, 4, 32, 8, 8, 2, 8, 0, 4, 0, 2, 0, 4, 0]",up,128
100,984,"[128, 16, 2, 4, 32, 16, 2, 0, 8, 4, 0, 2, 2, 4, 0, 0]",left,128
101,1028,"[128, 32, 4, 4, 32, 8, 2, 2, 8, 0, 0, 0, 2, 0, 0, 0]",up,128
102,1040,"[128, 32, 8, 0, 32, 8, 4, 0, 8, 2, 0, 0, 2, 0, 0, 0]",left,128
103,1040,"[128, 2, 0, 0, 32, 32, 0, 0, 8, 8, 8, 0, 2, 2, 4, 0]",down,128
104,1124,"[128, 2, 0, 2, 64, 0, 0, 0, 16, 8, 0, 0, 4, 4, 0, 0]",left,128
105,1136,"[128, 4, 0, 0, 64, 0, 0, 2, 16, 8, 0, 0, 8, 0, 0, 0]",left,128
106,1136,"[128, 4, 0, 2, 64, 8, 0, 2, 16, 0, 0, 0, 8, 0, 0, 0]",up,128
107,1140,"[128, 4, 0, 4, 64, 8, 0, 0, 16, 0, 2, 0, 8, 0, 0, 0]",up,128
108,1148,"[128, 8, 2, 0, 64, 8, 0, 0, 16, 2, 0, 0, 8, 0, 0, 0]",left,128
109,1164,"[128, 16, 2, 4, 64, 2, 0, 0, 16, 0, 0, 0, 8, 0, 0, 0]",up,128
110,1164,"[128, 0, 0, 0, 64, 4, 0, 0, 16, 16, 0, 0, 8, 2, 2, 4]",down,128
111,1200,"[128, 0, 0, 0, 64, 4, 0, 0, 32, 0, 0, 2, 8, 4, 4, 0]",left,128
112,1208,"[128, 8, 4, 2, 64, 0, 0, 0, 32, 0, 0, 0, 8, 0, 0, 2]",up,128
113,1212,"[128, 8, 4, 4, 64, 0, 0, 0, 32, 0, 0, 0, 8, 2, 0, 0]",up,128
114,1220,"[128, 8, 8, 0, 64, 0, 0, 0, 32, 0, 2, 0, 8, 2, 0, 0]",left,128
115,1236,"[128, 16, 0, 0, 64, 0, 4, 0, 32, 2, 0, 0, 8, 2, 0, 0]",left,128
116,1240,"[128, 16, 4, 0, 64, 4, 0, 0, 32, 0, 0, 0, 8, 4, 0, 0]",up,128
117,1248,"[128, 16, 4, 0, 64, 8, 0, 0, 32, 2, 0, 0, 8, 0, 0, 0]",up,128
118,1248,"[128, 0, 2, 0, 64, 16, 0, 0, 32, 8, 0, 0, 8, 2, 4, 0]",down,128
119,1248,"[128, 16, 2, 0, 64, 8, 4, 0, 32, 2, 2, 0, 8, 0, 0, 0]",up,128
120,1252,"[128, 16, 2, 0, 64, 8, 4, 0, 32, 4, 0, 2, 8, 0, 0, 0]",left,128
121,1252,"[128, 16, 2, 2, 64, 8, 4, 0, 32, 4, 0, 4, 8, 0, 0, 0]",up,128
122,1264,"[128, 16, 4, 0, 64, 8, 4, 0, 32, 8, 0, 0, 8, 0, 0, 2]",left,128
123,1288,"[128, 16, 8, 2, 64, 16, 0, 0, 32, 0, 0, 2, 8, 0, 0, 0]",up,128
124,1324,"[128, 32, 8, 4, 64, 0, 0, 2, 32, 0, 0, 0, 8, 0, 0, 0]",up,128
125,1324,"[128, 0, 0, 0, 64, 0, 0, 4, 32, 0, 0, 4, 8, 32, 8, 2]",down,128
126,1332,"[128, 32, 8, 8, 64, 0, 0, 2, 32, 2, 0, 0, 8, 0, 0, 0]",up,128
127,1348,"[128, 32, 16, 0, 64, 2, 0, 0, 32, 2, 0, 0, 8, 0, 2, 0]",left,128
128,1352,"[128, 32, 16, 0, 64, 4, 2, 0, 32, 0, 0, 2, 8, 0, 0, 0]",up,128
129,1352,"[128, 32, 16, 2, 64, 4, 2, 0, 32, 0, 0, 0, 8, 0, 0, 2]",up,128
130,1356,"[128, 32, 16, 4, 64, 4, 2, 0, 32, 0, 0, 0, 8, 2, 0, 0]",up,128
131,1356,"[128, 32, 16, 4, 64, 4, 2, 0, 32, 2, 0, 0, 8, 0, 0, 2]",up,128
132,1356,"[128, 32, 16, 4, 64, 4, 2, 2, 32, 2, 0, 0, 8, 0, 2, 0]",up,128
133,1360,"[128, 32, 16, 4, 64, 4, 4, 2, 32, 2, 0, 2, 8, 0, 0, 0]",up,128
134,1372,"[128, 32, 16, 4, 64, 8, 2, 0, 32, 4, 0, 0, 8, 0, 0, 2]",left,128
135,1372,"[128, 32, 16, 4, 64, 8, 2, 2, 32, 4, 2, 0, 8, 0, 0, 0]",up,128
136,1376,"[128, 32, 16, 4, 64, 8, 4, 2, 32, 4, 0, 2, 8, 0, 0, 0]",up,128
137,1380,"[128, 32, 16, 4, 64, 8, 4, 4, 32, 4, 0, 0, 8, 0, 0, 2]",up,128
138,1388,"[128, 32, 16, 8, 64, 8, 4, 2, 32, 4, 0, 0, 8, 2, 0, 0]",up,128
139,1388,"[128, 32, 0, 0, 64, 8, 2, 0, 32, 4, 16, 8, 8, 2, 4, 2]",down,128
140,1388,"[128, 32, 2, 8, 64, 8, 16, 2, 32, 4, 4, 0, 8, 2, 2, 0]",up,128
141,1400,"[128, 32, 2, 8, 64, 8, 16, 2, 32, 8, 2, 0, 8, 4, 0, 0]",left,128
142,1416,"[128, 32, 2, 8, 64, 16, 16, 2, 32, 4, 2, 0, 8, 4, 0, 0]",up,128
143,1448,"[128, 32, 2, 8, 64, 32, 2, 0, 32, 4, 2, 0, 8, 4, 0, 2]",left,128
144,1524,"[128, 64, 4, 8, 64, 8, 2, 2, 32, 0, 0, 0, 8, 0, 2, 0]",up,128
145,1528,"[128, 64, 4, 8, 64, 8, 4, 2, 32, 2, 0, 0, 8, 0, 0, 0]",up,128
146,1536,"[128, 64, 8, 8, 64, 8, 2, 2, 32, 2, 0, 0, 8, 0, 0, 0]",up,128
147,1556,"[128, 64, 16, 2, 64, 8, 4, 0, 32, 2, 0, 0, 8, 0, 0, 0]",left,128
148,1556,"[128, 0, 2, 0, 64, 64, 0, 0, 32, 8, 16, 0, 8, 2, 4, 2]",down,128
149,1684,"[128, 2, 0, 0, 128, 2, 0, 0, 32, 8, 16, 0, 8, 2, 4, 2]",left,128
150,1944,"[256, 4, 16, 2, 32, 8, 4, 0, 8, 2, 0, 0, 0, 4, 0, 0]",up,256
151,1944,"[0, 4, 0, 0, 256, 8, 2, 0, 32, 2, 16, 0, 8, 4, 4, 2]",down,256
152,1952,"[4, 0, 0, 0, 256, 8, 2, 0, 32, 2, 16, 2, 8, 8, 2, 0]",left,256
153,1968,"[4, 0, 4, 0, 256, 8, 2, 0, 32, 2, 16, 2, 16, 2, 0, 0]",left,256
154,1976,"[8, 2, 0, 0, 256, 8, 2, 0, 32, 2, 16, 2, 16, 2, 0, 0]",left,256
155,1980,"[8, 2, 2, 2, 256, 8, 16, 0, 32, 4, 0, 2, 16, 0, 0, 0]",up,256
156,1984,"[8, 2, 2, 4, 256, 8, 16, 0, 32, 4, 0, 0, 16, 0, 2, 0]",up,256
157,1988,"[8, 4, 4, 2, 256, 8, 16, 0, 32, 4, 0, 0, 16, 2, 0, 0]",left,256
158,1996,"[8, 8, 2, 0, 256, 8, 16, 0, 32, 4, 2, 0, 16, 2, 0, 0]",left,256
159,2012,"[8, 16, 2, 2, 256, 4, 16, 0, 32, 2, 2, 0, 16, 0, 0, 0]",up,256
160,2020,"[8, 16, 4, 4, 256, 4, 16, 0, 32, 4, 0, 0, 16, 0, 0, 0]",left,256
161,2028,"[8, 16, 4, 4, 256, 8, 16, 0, 32, 0, 0, 0, 16, 0, 2, 0]",up,256
162,2036,"[8, 16, 8, 2, 256, 8, 16, 0, 32, 0, 0, 0, 16, 2, 0, 0]",left,256
163,2036,"[8, 16, 8, 2, 256, 8, 16, 2, 32, 2, 0, 0, 16, 0, 0, 0]",up,256
164,2040,"[8, 16, 8, 4, 256, 8, 16, 0, 32, 2, 2, 0, 16, 0, 0, 0]",up,256
165,2044,"[8, 16, 8, 4, 256, 8, 16, 0, 32, 4, 0, 0, 16, 0, 2, 0]",left,256
166,2044,"[8, 16, 8, 4, 256, 8, 16, 0, 32, 4, 2, 2, 16, 0, 0, 0]",up,256
167,2048,"[8, 16, 8, 4, 256, 8, 16, 0, 32, 4, 4, 0, 16, 0, 2, 0]",left,256
168,2056,"[8, 16, 8, 4, 256, 8, 16, 0, 32, 8, 2, 0, 16, 2, 0, 0]",left,256
169,2072,"[8, 16, 8, 4, 256, 16, 16, 2, 32, 2, 2, 0, 16, 0, 0, 0]",up,256
170,2108,"[8, 16, 8, 4, 256, 32, 2, 0, 32, 4, 0, 0, 16, 2, 0, 0]",left,256
171,2108,"[8, 16, 0, 0, 256, 32, 2, 0, 32, 4, 8, 0, 16, 2, 2, 4]",down,256
172,2112,"[8, 16, 0, 0, 256, 32, 2, 2, 32, 4, 8, 0, 16, 4, 4, 0]",left,256
173,2124,"[8, 16, 0, 0, 256, 32, 4, 2, 32, 4, 8, 0, 16, 8, 0, 0]",left,256
174,2124,"[8, 16, 4, 2, 256, 32, 8, 0, 32, 4, 2, 0, 16, 8, 0, 0]",up,256
175,2124,"[8, 16, 2, 0, 256, 32, 4, 0, 32, 4, 8, 0, 16, 8, 2, 2]",down,256
176,2128,"[8, 16, 2, 2, 256, 32, 4, 0, 32, 4, 8, 0, 16, 8, 4, 0]",left,256
177,2132,"[8, 16, 4, 0, 256, 32, 4, 0, 32, 4, 8, 2, 16, 8, 4, 0]",left,256
178,2136,"[8, 16, 0, 0, 256, 32, 8, 0, 32, 4, 8, 2, 16, 8, 4, 2]",down,256
179,2156,"[8, 16, 16, 4, 256, 32, 4, 0, 32, 4, 0, 0, 16, 8, 2, 0]",up,256
180,2188,"[8, 32, 4, 2, 256, 32, 4, 0, 32, 4, 0, 0, 16, 8, 2, 0]",left,256
181,2260,"[8, 64, 8, 2, 256, 4, 2, 0, 32, 8, 0, 0, 16, 0, 2, 0]",up,256
182,2264,"[8, 64, 8, 2, 256, 4, 4, 2, 32, 8, 0, 0, 16, 0, 0, 0]",up,256
183,2272,"[8, 64, 8, 2, 256, 8, 2, 0, 32, 8, 4, 0, 16, 0, 0, 0]",left,256
184,2288,"[8, 64, 8, 2, 256, 16, 2, 0, 32, 0, 4, 0, 16, 0, 2, 0]",up,256
185,2288,"[8, 0, 8, 0, 256, 2, 2, 0, 32, 64, 4, 0, 16, 16, 2, 2]",down,256
186,2344,"[16, 0, 0, 2, 256, 4, 0, 0, 32, 64, 4, 0, 32, 4, 0, 0]",left,256
187,2408,"[16, 4, 4, 2, 256, 64, 0, 0, 64, 4, 0, 2, 0, 0, 0, 0]",up,256
188,2416,"[16, 8, 2, 0, 256, 64, 0, 0, 64, 4, 2, 2, 0, 0, 0, 0]",left,256
189,2420,"[16, 8, 4, 2, 256, 64, 0, 0, 64, 4, 0, 0, 0, 2, 0, 0]",up,256
190,2420,"[0, 8, 0, 0, 16, 64, 0, 0, 256, 4, 0, 2, 64, 2, 4, 2]",down,256
191,2424,"[16, 8, 4, 4, 256, 64, 2, 0, 64, 4, 0, 0, 0, 2, 0, 0]",up,256
192,2432,"[16, 8, 8, 4, 256, 64, 2, 0, 64, 4, 0, 0, 2, 0, 0, 0]",left,256
193,2448,"[16, 16, 4, 0, 256, 64, 2, 0, 64, 4, 0, 0, 2, 0, 2, 0]",left,256
194,2484,"[32, 4, 0, 0, 256, 64, 2, 0, 64, 4, 2, 0, 4, 0, 0, 0]",left,256
195,2488,"[32, 4, 4, 0, 256, 64, 0, 0, 64, 4, 0, 2, 4, 0, 0, 0]",up,256
196,2496,"[32, 8, 0, 0, 256, 64, 0, 0, 64, 4, 2, 0, 4, 2, 0, 0]",left,256
197,2496,"[32, 8, 2, 0, 256, 64, 0, 4, 64, 4, 0, 0, 4, 2, 0, 0]",up,256
198,2496,"[32, 8, 2, 4, 256, 64, 0, 0, 64, 4, 2, 0, 4, 2, 0, 0]",up,256
199,2500,"[32, 8, 4, 4, 256, 64, 0, 0, 64, 4, 2, 0, 4, 2, 0, 0]",up,256
200,2508,"[32, 8, 8, 0, 256, 64, 0, 0, 64, 4, 2, 0, 4, 2, 4, 0]",left,256
201,2524,"[32, 16, 0, 0, 256, 64, 0, 0, 64, 4, 2, 4, 4, 2, 4, 0]",left,256
202,2524,"[32, 16, 2, 4, 256, 64, 4, 2, 64, 4, 0, 0, 4, 2, 0, 0]",up,256
203,2524,"[32, 16, 0, 2, 256, 64, 0, 0, 64, 4, 2, 4, 4, 2, 4, 2]",down,256
204,2524,"[32, 16, 2, 2, 256, 64, 4, 4, 64, 4, 2, 2, 4, 2, 0, 0]",up,256
205,2540,"[32, 16, 4, 2, 256, 64, 8, 0, 64, 4, 4, 0, 4, 2, 0, 0]",left,256
206,2548,"[32, 16, 4, 2, 256, 64, 8, 0, 64, 8, 0, 0, 4, 2, 0, 2]",left,256
207,2552,"[32, 16, 4, 4, 256, 64, 8, 2, 64, 8, 0, 0, 4, 2, 0, 0]",up,256
208,2560,"[32, 16, 8, 2, 256, 64, 8, 2, 64, 8, 0, 0, 4, 2, 0, 0]",left,256
209,2580,"[32, 16, 16, 4, 256, 64, 0, 0, 64, 8, 2, 0, 4, 2, 0, 0]",up,256
210,2612,"[32, 32, 4, 0, 256, 64, 0, 0, 64, 8, 2, 2, 4, 2, 0, 0]",left,256
211,2680,"[64, 4, 2, 0, 256, 64, 0, 0, 64, 8, 4, 0, 4, 2, 0, 0]",left,256
212,2680,"[64, 4, 2, 0, 256, 64, 4, 0, 64, 8, 2, 0, 4, 2, 0, 0]",up,256
213,2680,"[64, 4, 0, 0, 256, 64, 2, 0, 64, 8, 4, 0, 4, 2, 2, 2]",down,256
214,2684,"[64, 4, 0, 2, 256, 64, 2, 0, 64, 8, 4, 0, 4, 4, 2, 0]",left,256
215,2692,"[64, 4, 2, 0, 256, 64, 2, 2, 64, 8, 4, 0, 8, 2, 0, 0]",left,256
216,2694,"[64, 4, 0, 0, 256, 64, 2, 0, 64, 8, 4, 0, 8, 2, 4, 2]",down,256
217,2702,"[64, 4, 2, 2, 256, 64, 8, 0, 64, 8, 0, 0, 8, 2, 0, 4]",up,256
218,2706,"[64, 4, 4, 0, 256, 64, 8, 0, 64, 8, 2, 0, 8, 2, 4, 0]",left,256
219,2714,"[64, 8, 0, 2, 256, 64, 8, 0, 64, 8, 2, 0, 8, 2, 4, 0]",left,256
220,2714,"[64, 8, 8, 2, 256, 64, 2, 2, 64, 8, 4, 0, 8, 2, 0, 0]",up,256
221,2734,"[64, 16, 2, 0, 256, 64, 4, 0, 64, 8, 4, 0, 8, 2, 0, 2]",left,256
222,2742,"[64, 16, 2, 2, 256, 64, 8, 0, 64, 8, 2, 0, 8, 2, 0, 0]",up,256
223,2746,"[64, 16, 4, 0, 256, 64, 8, 0, 64, 8, 2, 2, 8, 2, 0, 0]",left,256
224,2750,"[64, 16, 4, 0, 256, 64, 8, 0, 64, 8, 4, 0, 8, 2, 0, 2]",left,256
225,2754,"[64, 16, 4, 2, 256, 64, 8, 0, 64, 8, 4, 0, 8, 4, 0, 0]",left,256
226,2754,"[64, 16, 0, 0, 256, 64, 4, 2, 64, 8, 8, 0, 8, 4, 4, 2]",down,256
227,2778,"[64, 16, 0, 0, 256, 64, 4, 2, 64, 16, 0, 2, 8, 8, 2, 0]",left,256
228,2794,"[64, 16, 0, 0, 256, 64, 4, 2, 64, 16, 2, 0, 16, 2, 0, 2]",left,256
229,2798,"[64, 16, 4, 4, 256, 64, 2, 0, 64, 16, 0, 0, 16, 2, 0, 2]",up,256
230,2810,"[64, 16, 8, 0, 256, 64, 2, 0, 64, 16, 0, 0, 16, 4, 2, 0]",left,256
231,2814,"[64, 16, 8, 2, 256, 64, 4, 0, 64, 16, 0, 0, 16, 4, 0, 0]",up,256
232,2814,"[64, 16, 0, 0, 256, 64, 2, 0, 64, 16, 8, 0, 16, 4, 4, 2]",down,256
233,2822,"[64, 16, 0, 0, 256, 64, 2, 2, 64, 16, 8, 0, 16, 8, 2, 0]",left,256
234,2826,"[64, 16, 2, 0, 256, 64, 4, 0, 64, 16, 8, 0, 16, 8, 2, 0]",left,256
235,2826,"[2, 64, 16, 2, 0, 256, 64, 4, 0, 64, 16, 8, 0, 16, 8, 2]",right,256
236,2826,"[0, 64, 16, 2, 0, 256, 64, 4, 2, 64, 16, 8, 2, 16, 8, 2]",down,256
237,2830,"[4, 64, 16, 2, 0, 256, 64, 4, 0, 64, 16, 8, 2, 16, 8, 2]",up,256
238,2830,"[4, 64, 16, 2, 2, 256, 64, 4, 2, 64, 16, 8, 0, 16, 8, 2]",up,256
239,2834,"[4, 64, 16, 2, 4, 256, 64, 4, 0, 64, 16, 8, 2, 16, 8, 2]",up,256
240,2842,"[8, 64, 16, 2, 2, 256, 64, 4, 0, 64, 16, 8, 4, 16, 8, 2]",up,256
241,2842,"[8, 64, 16, 2, 2, 256, 64, 4, 4, 64, 16, 8, 2, 16, 8, 2]",up,256
1,0,"[4, 0, 0, 0, 0, 0, 0, 0, 0, 0, 0, 0, 0, 0, 2, 0]",up,4
2,0,"[4, 0, 2, 0, 0, 0, 2, 0, 0, 0, 0, 0, 0, 0, 0, 0]",up,4
3,4,"[4, 0, 4, 0, 0, 0, 0, 0, 0, 2, 0, 0, 0, 0, 0, 0]",up,4
4,12,"[8, 0, 0, 0, 0, 0, 0, 0, 2, 2, 0, 0, 0, 0, 0, 0]",left,8
5,12,"[0, 0, 0, 0, 0, 0, 0, 0, 8, 0, 0, 0, 2, 2, 0, 2]",down,8
6,12,"[8, 2, 0, 2, 2, 2, 0, 0, 0, 0, 0, 0, 0, 0, 0, 0]",up,8
7,20,"[2, 0, 8, 4, 0, 0, 0, 4, 0, 0, 0, 0, 0, 0, 0, 0]",right,8
8,28,"[2, 0, 8, 8, 0, 0, 0, 0, 0, 4, 0, 0, 0, 0, 0, 0]",up,8
9,28,"[2, 4, 8, 8, 2, 0, 0, 0, 0, 0, 0, 0, 0, 0, 0, 0]",up,8
10,32,"[4, 4, 8, 8, 0, 0, 0, 0, 2, 0, 0, 0, 0, 0, 0, 0]",up,8
11,32,"[4, 4, 8, 8, 2, 0, 0, 0, 0, 0, 0, 0, 0, 0, 2, 0]",up,8
12,32,"[4, 4, 8, 8, 2, 0, 2, 0, 0, 0, 0, 2, 0, 0, 0, 0]",up,8
13,32,"[4, 4, 8, 8, 2, 2, 2, 2, 0, 0, 0, 0, 0, 0, 0, 0]",up,8
14,64,"[8, 16, 0, 0, 4, 4, 0, 0, 0, 0, 0, 0, 0, 0, 2, 0]",left,16
15,72,"[8, 16, 2, 0, 8, 0, 0, 0, 0, 0, 0, 0, 2, 0, 0, 0]",left,16
16,88,"[16, 16, 2, 0, 2, 0, 0, 0, 0, 0, 0, 0, 0, 0, 2, 0]",up,16
17,92,"[16, 16, 4, 0, 2, 0, 0, 0, 0, 0, 2, 0, 0, 0, 0, 0]",up,16
18,92,"[16, 16, 4, 0, 2, 0, 2, 0, 0, 0, 0, 0, 0, 2, 0, 0]",up,16
19,128,"[0, 0, 32, 4, 0, 0, 0, 4, 0, 0, 2, 0, 0, 0, 0, 2]",right,32
20,136,"[0, 0, 32, 8, 0, 0, 2, 2, 0, 0, 0, 0, 2, 0, 0, 0]",up,32
21,136,"[2, 0, 32, 8, 0, 0, 2, 2, 0, 0, 2, 0, 0, 0, 0, 0]",up,32
22,140,"[2, 0, 32, 8, 0, 0, 4, 2, 0, 0, 0, 0, 0, 0, 0, 2]",up,32
23,144,"[2, 0, 32, 8, 0, 0, 4, 4, 0, 0, 0, 0, 2, 0, 0, 0]",up,32
24,152,"[2, 2, 32, 8, 0, 0, 0, 8, 0, 0, 0, 0, 0, 0, 0, 2]",right,32
25,168,"[2, 2, 32, 16, 0, 0, 0, 2, 0, 0, 0, 0, 0, 2, 0, 0]",up,32
26,172,"[4, 32, 16, 0, 2, 0, 2, 0, 0, 0, 0, 0, 2, 0, 0, 0]",left,32
27,176,"[4, 32, 16, 0, 4, 2, 2, 0, 0, 0, 0, 0, 0, 0, 0, 0]",up,32
28,184,"[8, 32, 16, 0, 0, 2, 2, 0, 0, 0, 0, 0, 0, 2, 0, 0]",up,32
29,188,"[8, 32, 16, 0, 0, 4, 2, 0, 0, 0, 0, 0, 0, 2, 0, 0]",up,32
30,188,"[0, 0, 0, 0, 2, 32, 0, 0, 0, 4, 16, 0, 8, 2, 2, 0]",down,32
31,188,"[0, 0, 0, 0, 0, 32, 0, 0, 2, 4, 16, 2, 8, 2, 2, 0]",down,32
32,192,"[0, 0, 0, 0, 32, 0, 0, 4, 2, 4, 16, 2, 8, 4, 0, 0]",left,32
33,196,"[2, 0, 0, 0, 32, 0, 0, 0, 2, 0, 0, 4, 8, 8, 16, 2]",down,32
34,212,"[2, 0, 0, 0, 32, 2, 0, 0, 2, 4, 0, 0, 16, 16, 2, 0]",left,32
35,244,"[0, 0, 0, 2, 0, 0, 32, 2, 0, 2, 2, 4, 0, 0, 32, 2]",right,32
36,248,"[0, 0, 0, 2, 0, 0, 32, 2, 2, 0, 4, 4, 0, 0, 32, 2]",right,32
37,252,"[2, 0, 32, 4, 0, 0, 4, 4, 0, 0, 32, 2, 2, 0, 0, 0]",up,32
38,260,"[0, 2, 32, 4, 0, 0, 0, 8, 0, 0, 32, 2, 0, 2, 0, 2]",right,32
39,332,"[0, 4, 64, 4, 2, 0, 0, 8, 0, 0, 0, 4, 0, 0, 0, 0]",up,64
40,332,"[2, 4, 64, 4, 0, 0, 0, 8, 0, 0, 0, 4, 0, 0, 2, 0]",up,64
41,332,"[2, 4, 64, 4, 0, 0, 2, 8, 0, 0, 0, 4, 2, 0, 0, 0]",up,64
42,336,"[4, 4, 64, 4, 2, 0, 2, 8, 0, 0, 0, 4, 0, 0, 0, 0]",up,64
43,348,"[8, 64, 4, 2, 4, 8, 0, 0, 4, 0, 0, 0, 0, 0, 0, 0]",left,64
44,356,"[8, 64, 4, 2, 8, 8, 0, 0, 0, 0, 0, 0, 0, 0, 0, 4]",up,64
45,364,"[0, 0, 0, 0, 0, 0, 0, 0, 0, 64, 2, 2, 16, 8, 4, 4]",down,64
46,376,"[0, 0, 0, 0, 0, 0, 0, 0, 64, 4, 0, 0, 16, 8, 8, 2]",left,64
47,392,"[0, 0, 2, 0, 0, 0, 0, 0, 64, 4, 0, 0, 16, 16, 2, 0]",left,64
48,396,"[64, 4, 4, 0, 16, 16, 0, 0, 2, 0, 0, 0, 0, 0, 0, 0]",up,64
49,436,"[64, 8, 0, 0, 32, 0, 2, 0, 2, 0, 0, 0, 0, 0, 0, 0]",left,64
50,436,"[0, 0, 64, 8, 0, 0, 32, 2, 0, 0, 0, 2, 0, 2, 0, 0]",right,64
51,440,"[0, 2, 64, 8, 0, 0, 32, 4, 0, 0, 0, 2, 0, 0, 0, 0]",up,64
52,440,"[0, 0, 0, 0, 0, 4, 0, 8, 0, 0, 64, 4, 0, 2, 32, 2]",down,64
53,440,"[0, 4, 64, 8, 0, 2, 32, 4, 0, 0, 0, 2, 2, 0, 0, 0]",up,64
54,440,"[0, 0, 0, 0, 2, 0, 0, 8, 0, 4, 64, 4, 2, 2, 32, 2]",down,64
55,444,"[4, 4, 64, 8, 2, 2, 32, 4, 0, 0, 0, 2, 0, 0, 0, 0]",up,64
56,444,"[0, 0, 0, 0, 0, 0, 2, 8, 4, 4, 64, 4, 2, 2, 32, 2]",down,64
57,444,"[4, 4, 2, 8, 2, 2, 64, 4, 0, 2, 32, 2, 0, 0, 0, 0]",up,64
58,448,"[4, 4, 2, 8, 2, 4, 64, 4, 0, 0, 32, 2, 0, 0, 2, 0]",up,64
59,452,"[0, 0, 2, 0, 2, 0, 64, 8, 4, 0, 32, 4, 2, 8, 2, 2]",down,64
60,456,"[2, 0, 0, 0, 2, 64, 8, 2, 4, 32, 4, 0, 2, 8, 4, 0]",left,64
61,468,"[4, 64, 8, 2, 4, 32, 8, 0, 2, 8, 0, 0, 0, 2, 0, 0]",up,64
62,480,"[0, 64, 0, 0, 2, 32, 0, 0, 8, 8, 0, 0, 2, 2, 16, 2]",down,64
63,500,"[64, 0, 0, 0, 2, 32, 0, 0, 16, 0, 2, 0, 4, 16, 2, 0]",left,64
64,500,"[0, 0, 0, 64, 0, 0, 2, 32, 2, 0, 16, 2, 0, 4, 16, 2]",right,64
65,536,"[2, 4, 2, 64, 0, 0, 32, 32, 0, 0, 0, 4, 2, 0, 0, 0]",up,64
66,600,"[2, 4, 2, 64, 0, 0, 0, 64, 0, 0, 0, 4, 0, 0, 2, 2]",right,64
67,732,"[2, 4, 4, 128, 0, 0, 0, 4, 0, 0, 0, 2, 0, 0, 0, 4]",up,128
68,732,"[0, 0, 0, 128, 0, 0, 2, 4, 0, 0, 0, 2, 2, 4, 4, 4]",down,128
69,732,"[2, 0, 0, 128, 0, 0, 0, 4, 0, 0, 2, 2, 2, 4, 4, 4]",down,128
70,744,"[0, 0, 2, 128, 2, 0, 0, 4, 0, 0, 0, 4, 0, 2, 4, 8]",right,128
71,744,"[0, 0, 2, 128, 2, 0, 2, 4, 0, 0, 0, 4, 0, 2, 4, 8]",right,128
72,750,"[0, 0, 0, 0, 0, 0, 0, 128, 0, 2, 4, 8, 2, 2, 4, 8]",down,128
73,778,"[2, 4, 8, 128, 2, 0, 0, 16, 0, 0, 0, 0, 0, 0, 0, 0]",up,128
74,782,"[4, 4, 8, 128, 0, 2, 0, 16, 0, 0, 0, 0, 0, 0, 0, 0]",up,128
75,790,"[8, 8, 128, 0, 2, 16, 0, 0, 0, 0, 0, 0, 2, 0, 0, 0]",left,128
76,794,"[8, 8, 128, 0, 4, 16, 0, 0, 0, 2, 0, 0, 0, 0, 0, 0]",up,128
77,810,"[16, 128, 0, 0, 4, 16, 0, 0, 2, 2, 0, 0, 0, 0, 0, 0]",left,128
78,814,"[16, 128, 0, 0, 4, 16, 0, 0, 4, 0, 0, 0, 0, 0, 2, 0]",left,128
79,822,"[16, 128, 2, 0, 8, 16, 0, 0, 0, 0, 2, 0, 0, 0, 0, 0]",up,128
80,826,"[16, 128, 4, 0, 8, 16, 2, 0, 0, 0, 0, 0, 0, 0, 0, 0]",up,128
81,826,"[0, 0, 2, 0, 0, 0, 0, 0, 16, 128, 4, 0, 8, 16, 2, 0]",down,128
82,826,"[16, 128, 2, 0, 8, 16, 4, 0, 0, 0, 2, 0, 0, 0, 0, 2]",up,128
83,826,"[16, 128, 2, 2, 8, 16, 4, 0, 0, 0, 2, 0, 2, 0, 0, 0]",up,128
84,830,"[16, 128, 4, 0, 8, 16, 4, 0, 2, 0, 0, 0, 2, 0, 0, 2]",left,128
85,842,"[16, 128, 8, 2, 8, 16, 0, 0, 4, 0, 0, 0, 0, 0, 2, 0]",up,128
86,842,"[16, 128, 8, 2, 0, 2, 8, 16, 0, 0, 0, 4, 0, 0, 0, 2]",right,128
87,858,"[16, 128, 16, 2, 0, 2, 0, 16, 0, 0, 2, 4, 0, 0, 0, 2]",up,128
88,858,"[16, 128, 16, 2, 0, 2, 2, 16, 0, 2, 0, 4, 0, 0, 0, 2]",up,128
89,860,"[0, 0, 0, 2, 0, 0, 0, 16, 2, 128, 16, 4, 16, 4, 2, 2]",down,128
90,864,"[2, 0, 0, 2, 16, 0, 0, 0, 2, 128, 16, 4, 16, 4, 4, 0]",left,128
91,876,"[0, 0, 0, 4, 0, 2, 0, 16, 2, 128, 16, 4, 0, 0, 16, 8]",right,128
92,908,"[2, 2, 32, 4, 0, 128, 0, 16, 0, 4, 0, 4, 0, 0, 0, 8]",up,128
93,920,"[4, 32, 4, 0, 128, 16, 0, 0, 8, 0, 0, 0, 8, 2, 0, 0]",left,128
94,936,"[4, 32, 4, 0, 128, 16, 0, 0, 16, 2, 2, 0, 0, 0, 0, 0]",up,128
95,936,"[0, 0, 0, 0, 4, 32, 0, 0, 128, 16, 4, 2, 16, 2, 2, 0]",down,128
96,940,"[2, 0, 0, 0, 0, 0, 4, 32, 128, 16, 4, 2, 0, 0, 16, 4]",right,128
97,944,"[0, 0, 0, 0, 0, 0, 0, 32, 2, 2, 8, 2, 128, 16, 16, 4]",down,128
98,944,"[2, 2, 8, 32, 128, 16, 16, 2, 0, 0, 0, 4, 0, 0, 2, 0]",up,128
99,944,"[2, 2, 8, 32, 128, 16, 16, 2, 0, 0, 2, 4, 0, 0, 2, 0]",up,128
100,948,"[2, 2, 8, 32, 128, 16, 16, 2, 0, 0, 4, 4, 0, 0, 0, 2]",up,128
101,992,"[4, 8, 32, 0, 128, 32, 2, 0, 8, 0, 0, 0, 2, 0, 0, 2]",left,128
102,992,"[4, 0, 0, 0, 128, 0, 2, 0, 8, 8, 32, 0, 2, 32, 2, 2]",down,128
103,1012,"[4, 0, 0, 0, 128, 2, 0, 0, 16, 32, 0, 4, 2, 32, 4, 0]",left,128
104,1076,"[4, 2, 4, 4, 128, 64, 0, 0, 16, 0, 0, 0, 2, 2, 0, 0]",up,128
105,1076,"[4, 2, 0, 0, 128, 2, 0, 0, 16, 64, 0, 0, 2, 2, 4, 4]",down,128
106,1080,"[4, 4, 4, 4, 128, 64, 0, 2, 16, 2, 0, 0, 2, 0, 0, 0]",up,128
107,1096,"[8, 8, 2, 0, 128, 64, 2, 0, 16, 2, 0, 0, 2, 0, 0, 0]",left,128
108,1112,"[0, 2, 16, 2, 0, 128, 64, 2, 0, 0, 16, 2, 0, 0, 0, 2]",right,128
109,1120,"[0, 2, 16, 4, 0, 128, 64, 4, 0, 0, 16, 2, 0, 0, 0, 0]",up,128
110,1128,"[0, 2, 16, 8, 0, 128, 64, 2, 2, 0, 16, 0, 0, 0, 0, 0]",up,128
111,1128,"[2, 2, 16, 8, 0, 128, 64, 2, 0, 0, 16, 0, 2, 0, 0, 0]",up,128
112,1132,"[4, 2, 16, 8, 2, 128, 64, 2, 0, 0, 16, 0, 0, 0, 0, 0]",up,128
113,1132,"[0, 0, 0, 0, 0, 0, 16, 2, 4, 2, 64, 8, 2, 128, 16, 2]",down,128
114,1132,"[0, 0, 0, 0, 16, 2, 2, 0, 4, 2, 64, 8, 2, 128, 16, 2]",left,128
115,1134,"[0, 0, 0, 0, 16, 2, 2, 0, 4, 4, 64, 8, 2, 128, 16, 2]",down,128
116,1134,"[16, 2, 2, 8, 4, 4, 64, 2, 2, 128, 16, 0, 4, 0, 0, 0]",up,128
117,1146,"[16, 4, 8, 0, 8, 64, 2, 0, 2, 128, 16, 0, 4, 0, 2, 0]",left,128
118,1146,"[16, 0, 8, 0, 8, 4, 2, 0, 2, 64, 16, 2, 4, 128, 2, 0]",down,128
119,1146,"[16, 0, 8, 0, 8, 4, 2, 2, 2, 64, 16, 0, 4, 128, 2, 2]",down,128
120,1154,"[16, 8, 0, 4, 8, 4, 4, 0, 2, 64, 16, 0, 4, 128, 4, 0]",left,128
121,1162,"[16, 8, 4, 0, 8, 8, 0, 0, 2, 64, 16, 4, 4, 128, 4, 0]",left,128
122,1178,"[16, 16, 4, 4, 8, 64, 16, 0, 2, 128, 4, 2, 4, 0, 0, 0]",up,128
123,1178,"[16, 16, 4, 4, 8, 64, 16, 2, 2, 128, 4, 2, 4, 0, 0, 0]",up,128
124,1218,"[0, 0, 32, 8, 8, 64, 16, 2, 2, 128, 4, 2, 2, 0, 0, 4]",right,128
125,1222,"[0, 0, 0, 2, 0, 0, 32, 8, 8, 64, 16, 4, 4, 128, 4, 4]",down,128
126,1230,"[8, 64, 32, 2, 4, 128, 16, 8, 0, 0, 4, 8, 4, 0, 0, 0]",up,128
127,1254,"[8, 64, 32, 2, 8, 128, 16, 16, 0, 0, 4, 0, 0, 0, 0, 2]",up,128
128,1286,"[8, 64, 32, 2, 8, 128, 32, 0, 4, 0, 2, 0, 2, 0, 0, 0]",left,128
129,1326,"[0, 0, 2, 0, 16, 0, 0, 0, 4, 64, 64, 0, 2, 128, 2, 2]",down,128
130,1458,"[2, 0, 0, 0, 16, 0, 0, 4, 4, 128, 0, 0, 2, 128, 4, 0]",left,128
131,1714,"[2, 256, 4, 4, 16, 0, 0, 2, 4, 0, 0, 0, 2, 0, 0, 0]",up,256
132,1714,"[2, 0, 0, 0, 16, 0, 0, 0, 4, 2, 0, 4, 2, 256, 4, 2]",down,256
133,1714,"[2, 2, 4, 4, 16, 256, 0, 2, 4, 0, 2, 0, 2, 0, 0, 0]",up,256
134,1714,"[2, 2, 4, 4, 16, 256, 2, 2, 4, 0, 0, 0, 2, 2, 0, 0]",up,256
135,1734,"[4, 8, 0, 0, 16, 256, 4, 0, 4, 0, 0, 2, 4, 0, 0, 0]",left,256
136,1742,"[4, 8, 4, 2, 16, 256, 0, 0, 8, 0, 0, 0, 0, 0, 2, 0]",up,256
137,1742,"[0, 0, 0, 2, 4, 0, 0, 0, 16, 8, 4, 0, 8, 256, 2, 2]",down,256
138,1746,"[4, 8, 4, 4, 16, 256, 2, 2, 8, 0, 0, 0, 0, 0, 0, 0]",up,256
139,1758,"[4, 8, 8, 0, 16, 256, 4, 0, 8, 2, 0, 0, 0, 0, 0, 0]",left,256
140,1774,"[4, 16, 0, 0, 16, 256, 4, 2, 8, 2, 0, 0, 0, 0, 0, 0]",left,256
141,1774,"[0, 0, 4, 16, 16, 256, 4, 2, 0, 2, 8, 2, 0, 0, 0, 0]",right,256
142,1786,"[16, 256, 8, 16, 0, 2, 8, 4, 0, 0, 0, 0, 4, 0, 0, 0]",up,256
143,1802,"[16, 256, 16, 16, 4, 2, 0, 4, 0, 0, 0, 0, 0, 0, 0, 2]",up,256
144,1802,"[16, 256, 16, 16, 4, 2, 0, 4, 0, 0, 0, 2, 0, 2, 0, 0]",up,256
145,1806,"[16, 256, 16, 16, 4, 4, 0, 4, 0, 0, 0, 2, 0, 2, 0, 0]",up,256
146,1806,"[16, 256, 16, 16, 4, 4, 0, 4, 0, 2, 2, 2, 0, 0, 0, 0]",up,256
147,1806,"[16, 256, 16, 16, 4, 4, 2, 4, 0, 2, 0, 2, 0, 0, 2, 0]",up,256
148,1810,"[16, 256, 16, 16, 4, 4, 4, 4, 0, 2, 4, 2, 0, 0, 0, 0]",up,256
149,1858,"[16, 256, 32, 0, 8, 8, 2, 0, 2, 4, 2, 0, 0, 0, 0, 0]",left,256
150,1874,"[16, 256, 32, 2, 16, 2, 0, 0, 2, 4, 2, 0, 0, 0, 0, 0]",left,256
151,1906,"[32, 256, 32, 2, 2, 2, 2, 0, 2, 4, 0, 0, 0, 0, 0, 0]",up,256
152,1908,"[0, 0, 2, 0, 0, 256, 0, 0, 32, 2, 32, 0, 4, 4, 2, 2]",down,256
153,1908,"[0, 0, 2, 0, 0, 256, 2, 0, 32, 2, 32, 0, 4, 4, 2, 2]",down,256
154,1920,"[2, 0, 0, 0, 256, 2, 0, 0, 32, 2, 32, 0, 8, 4, 2, 0]",left,256
155,1922,"[2, 0, 0, 0, 256, 4, 0, 0, 32, 4, 32, 0, 8, 4, 2, 0]",down,256
156,1930,"[2, 8, 32, 0, 256, 4, 2, 2, 32, 0, 0, 0, 8, 0, 0, 0]",up,256
157,1934,"[2, 8, 32, 0, 256, 4, 4, 0, 32, 0, 0, 0, 8, 2, 0, 0]",left,256
158,1942,"[2, 8, 32, 0, 256, 8, 2, 0, 32, 0, 0, 0, 8, 2, 0, 0]",left,256
159,1958,"[2, 16, 32, 0, 256, 2, 2, 0, 32, 0, 0, 2, 8, 0, 0, 0]",up,256
160,1958,"[2, 16, 32, 2, 256, 2, 2, 0, 32, 0, 0, 0, 8, 0, 0, 2]",up,256
161,1962,"[2, 16, 32, 4, 256, 2, 2, 0, 32, 0, 0, 0, 8, 0, 0, 2]",up,256
162,1966,"[2, 16, 32, 4, 4, 0, 256, 4, 0, 0, 0, 32, 0, 0, 8, 2]",right,256
163,1974,"[2, 16, 32, 8, 4, 0, 256, 32, 0, 0, 8, 2, 0, 0, 2, 0]",up,256
164,1974,"[2, 16, 32, 8, 4, 256, 32, 2, 8, 2, 0, 0, 2, 0, 0, 0]",left,256
165,2006,"[2, 2, 0, 0, 4, 16, 0, 0, 8, 256, 0, 8, 2, 2, 64, 2]",down,256
166,2014,"[4, 0, 2, 0, 4, 16, 0, 0, 8, 256, 8, 0, 4, 64, 2, 0]",left,256
167,2022,"[8, 16, 2, 0, 8, 256, 8, 0, 4, 64, 2, 0, 0, 0, 0, 4]",up,256
168,2038,"[16, 16, 2, 4, 4, 256, 8, 0, 0, 64, 2, 0, 2, 0, 0, 0]",up,256
169,2070,"[2, 32, 2, 4, 0, 4, 256, 8, 0, 0, 64, 2, 0, 0, 0, 2]",right,256
170,2074,"[2, 32, 2, 4, 0, 4, 256, 8, 2, 0, 64, 4, 0, 0, 0, 0]",up,256
171,2076,"[0, 2, 0, 0, 0, 0, 2, 4, 0, 32, 256, 8, 4, 4, 64, 4]",down,256
172,2076,"[0, 0, 0, 2, 0, 2, 2, 4, 0, 32, 256, 8, 4, 4, 64, 4]",down,256
173,2088,"[2, 0, 0, 0, 4, 4, 0, 0, 32, 256, 8, 0, 8, 64, 4, 2]",left,256
174,2096,"[0, 0, 0, 2, 0, 0, 0, 8, 2, 32, 256, 8, 8, 64, 4, 2]",right,256
175,2112,"[2, 32, 256, 2, 8, 64, 4, 16, 0, 0, 0, 2, 0, 2, 0, 0]",up,256
176,2112,"[2, 32, 256, 2, 8, 64, 4, 16, 0, 2, 0, 2, 0, 0, 0, 2]",up,256
177,2114,"[0, 0, 2, 0, 0, 32, 0, 2, 2, 64, 256, 16, 8, 2, 4, 4]",down,256
178,2114,"[2, 32, 2, 2, 8, 64, 256, 16, 0, 2, 4, 4, 2, 0, 0, 0]",up,256
179,2114,"[2, 32, 2, 2, 8, 64, 256, 16, 2, 2, 4, 4, 2, 0, 0, 0]",up,256
180,2118,"[2, 32, 2, 2, 8, 64, 256, 16, 4, 2, 4, 4, 2, 0, 0, 0]",up,256
181,2118,"[2, 0, 0, 4, 8, 32, 2, 2, 4, 64, 256, 16, 2, 2, 4, 4]",down,256
182,2134,"[2, 4, 0, 0, 8, 32, 4, 2, 4, 64, 256, 16, 4, 8, 0, 0]",left,256
183,2142,"[2, 4, 4, 2, 8, 32, 256, 16, 8, 64, 0, 0, 0, 8, 2, 0]",up,256
184,2158,"[2, 4, 4, 2, 16, 32, 256, 16, 0, 64, 2, 0, 0, 8, 2, 0]",up,256
185,2162,"[2, 4, 4, 2, 16, 32, 256, 16, 2, 64, 4, 0, 0, 8, 0, 0]",up,256
186,2170,"[2, 8, 2, 0, 16, 32, 256, 16, 2, 64, 4, 0, 8, 0, 0, 2]",left,256
187,2170,"[2, 8, 2, 16, 16, 32, 256, 2, 2, 64, 4, 2, 8, 0, 0, 0]",up,256
188,2172,"[2, 0, 4, 0, 16, 8, 2, 0, 2, 32, 256, 16, 8, 64, 4, 4]",down,256
189,2180,"[2, 4, 0, 0, 16, 8, 2, 0, 2, 32, 256, 16, 8, 64, 8, 2]",left,256
190,2180,"[2, 4, 2, 16, 16, 8, 256, 2, 2, 32, 8, 0, 8, 64, 2, 0]",up,256
191,2180,"[2, 4, 2, 2, 16, 8, 256, 0, 2, 32, 8, 16, 8, 64, 2, 2]",down,256
192,2188,"[2, 2, 4, 4, 0, 16, 8, 256, 2, 32, 8, 16, 0, 8, 64, 4]",right,256
193,2208,"[4, 2, 4, 4, 0, 16, 16, 256, 0, 32, 64, 16, 2, 8, 0, 4]",up,256
194,2248,"[4, 2, 8, 0, 32, 256, 0, 2, 32, 64, 16, 0, 2, 8, 4, 0]",left,256
195,2280,"[0, 2, 0, 0, 4, 256, 8, 2, 64, 64, 16, 0, 2, 8, 4, 2]",down,256
196,2282,"[0, 2, 0, 0, 4, 256, 8, 0, 64, 64, 16, 2, 2, 8, 4, 4]",down,256
197,2418,"[2, 0, 2, 0, 4, 256, 8, 0, 128, 16, 2, 0, 2, 8, 8, 0]",left,256
198,2438,"[4, 0, 0, 2, 4, 256, 8, 0, 128, 16, 2, 0, 2, 16, 0, 0]",left,256
199,2458,"[0, 0, 0, 0, 8, 0, 2, 0, 128, 256, 8, 0, 2, 32, 2, 2]",down,256
200,2458,"[8, 256, 2, 2, 128, 32, 8, 0, 2, 0, 2, 4, 0, 0, 0, 0]",up,256
201,2466,"[8, 256, 4, 0, 128, 32, 8, 0, 4, 4, 0, 0, 2, 0, 0, 0]",left,256
202,2474,"[0, 8, 256, 4, 0, 128, 32, 8, 0, 0, 0, 8, 2, 0, 0, 2]",right,256
203,2478,"[0, 8, 256, 4, 2, 128, 32, 8, 0, 0, 0, 8, 0, 0, 0, 4]",right,256
204,2494,"[2, 8, 256, 4, 0, 128, 32, 16, 0, 0, 2, 4, 0, 0, 0, 0]",up,256
205,2494,"[0, 0, 0, 0, 0, 0, 256, 4, 2, 8, 32, 16, 2, 128, 2, 4]",down,256
206,2498,"[4, 8, 256, 4, 0, 128, 32, 16, 0, 0, 2, 4, 2, 0, 0, 0]",up,256
207,2498,"[4, 8, 256, 4, 128, 32, 16, 0, 2, 4, 0, 2, 2, 0, 0, 0]",left,256
208,2502,"[4, 8, 256, 4, 128, 32, 16, 2, 4, 4, 2, 0, 0, 0, 0, 0]",up,256
209,2502,"[2, 0, 0, 0, 4, 8, 256, 0, 128, 32, 16, 4, 4, 4, 2, 2]",down,256
210,2514,"[0, 0, 2, 2, 0, 4, 8, 256, 128, 32, 16, 4, 0, 0, 8, 4]",right,256
211,2518,"[0, 0, 2, 0, 2, 0, 8, 2, 0, 4, 16, 256, 128, 32, 8, 8]",down,256
212,2534,"[2, 0, 2, 0, 2, 8, 2, 0, 4, 16, 256, 0, 128, 32, 16, 0]",left,256
213,2542,"[4, 8, 4, 0, 4, 16, 256, 0, 128, 32, 16, 0, 0, 2, 0, 0]",up,256
214,2550,"[8, 8, 4, 2, 128, 16, 256, 0, 0, 32, 16, 0, 0, 2, 0, 0]",up,256
215,2566,"[16, 4, 2, 0, 128, 16, 256, 0, 32, 16, 0, 0, 2, 0, 2, 0]",left,256
216,2570,"[16, 4, 2, 0, 128, 16, 256, 2, 32, 16, 0, 0, 4, 0, 0, 0]",left,256
217,2602,"[16, 4, 2, 2, 128, 32, 256, 0, 32, 2, 0, 0, 4, 0, 0, 0]",up,256
218,2606,"[0, 16, 4, 4, 0, 128, 32, 256, 2, 0, 32, 2, 0, 0, 0, 4]",right,256
219,2670,"[2, 16, 4, 4, 0, 128, 64, 256, 0, 0, 0, 2, 0, 2, 0, 4]",up,256
220,2670,"[2, 16, 4, 4, 0, 128, 64, 256, 0, 2, 0, 2, 0, 2, 0, 4]",up,256
221,2682,"[0, 2, 16, 8, 2, 128, 64, 256, 0, 0, 0, 4, 0, 0, 2, 4]",right,256
222,2690,"[2, 2, 16, 8, 0, 128, 64, 256, 2, 0, 2, 8, 0, 0, 0, 0]",up,256
223,2698,"[4, 16, 8, 2, 128, 64, 256, 0, 4, 8, 0, 0, 0, 0, 0, 0]",left,256
224,2698,"[0, 0, 0, 0, 4, 16, 0, 0, 128, 64, 8, 4, 4, 8, 256, 2]",down,256
225,2698,"[4, 16, 8, 4, 128, 64, 256, 2, 4, 8, 0, 0, 0, 0, 0, 2]",up,256
226,2702,"[4, 16, 8, 4, 128, 64, 256, 4, 4, 8, 0, 0, 0, 0, 0, 2]",up,256
227,2710,"[4, 16, 8, 8, 128, 64, 256, 2, 4, 8, 0, 2, 0, 0, 0, 0]",up,256
228,2726,"[4, 16, 16, 0, 128, 64, 256, 2, 4, 8, 2, 0, 0, 2, 0, 0]",left,256
229,2758,"[0, 2, 4, 32, 128, 64, 256, 2, 0, 4, 8, 2, 0, 0, 0, 2]",right,256
230,2762,"[128, 2, 4, 32, 0, 64, 256, 4, 0, 4, 8, 2, 0, 0, 0, 2]",up,256
231,2766,"[128, 2, 4, 32, 0, 64, 256, 4, 0, 4, 8, 4, 2, 0, 0, 0]",up,256
232,2770,"[0, 0, 0, 0, 0, 2, 4, 2, 128, 64, 256, 32, 2, 4, 8, 8]",down,256
233,2770,"[128, 2, 4, 2, 2, 64, 256, 32, 0, 4, 8, 8, 0, 0, 2, 0]",up,256
234,2786,"[128, 2, 4, 2, 2, 64, 256, 32, 4, 16, 0, 0, 2, 2, 0, 0]",left,256
235,2790,"[128, 2, 4, 2, 2, 64, 256, 32, 4, 16, 0, 0, 4, 0, 2, 0]",left,256
236,2798,"[128, 2, 4, 2, 2, 64, 256, 32, 8, 16, 2, 0, 0, 0, 2, 0]",up,256
237,2802,"[128, 2, 4, 2, 2, 64, 256, 32, 8, 16, 4, 0, 0, 0, 2, 0]",up,256
238,2802,"[0, 2, 4, 0, 128, 2, 256, 0, 2, 64, 4, 2, 8, 16, 2, 32]",down,256
239,2806,"[128, 4, 4, 2, 2, 64, 256, 32, 8, 16, 4, 0, 0, 0, 2, 2]",up,256
240,2818,"[0, 128, 8, 2, 2, 64, 256, 32, 0, 8, 16, 4, 0, 4, 0, 4]",right,256
241,2826,"[128, 8, 2, 2, 2, 64, 256, 32, 8, 16, 4, 0, 8, 0, 0, 0]",left,256
242,2842,"[128, 8, 2, 2, 2, 64, 256, 32, 16, 16, 4, 0, 0, 4, 0, 0]",up,256
243,2878,"[0, 128, 8, 4, 2, 64, 256, 32, 4, 0, 32, 4, 0, 0, 0, 4]",right,256
244,2886,"[2, 128, 8, 4, 4, 64, 256, 32, 0, 2, 32, 8, 0, 0, 0, 0]",up,256
245,2886,"[0, 0, 2, 0, 0, 128, 8, 4, 2, 64, 256, 32, 4, 2, 32, 8]",down,256
246,2886,"[2, 128, 2, 4, 4, 64, 8, 32, 0, 2, 256, 8, 0, 0, 32, 4]",up,256
247,2886,"[2, 128, 2, 4, 4, 64, 8, 32, 2, 256, 8, 0, 32, 4, 2, 0]",left,256
248,2902,"[2, 128, 2, 4, 4, 64, 16, 32, 2, 256, 2, 0, 32, 4, 0, 2]",up,256
249,2902,"[2, 128, 2, 4, 4, 64, 16, 32, 2, 256, 2, 2, 32, 4, 2, 0]",up,256
250,2904,"[2, 128, 2, 0, 4, 64, 2, 4, 2, 256, 16, 32, 32, 4, 4, 2]",down,256
251,2906,"[2, 128, 0, 2, 4, 64, 4, 4, 2, 256, 16, 32, 32, 4, 4, 2]",down,256
252,2922,"[2, 128, 2, 0, 4, 64, 8, 0, 2, 256, 16, 32, 32, 8, 2, 2]",left,256
253,2926,"[2, 128, 2, 0, 4, 64, 8, 0, 2, 256, 16, 32, 32, 8, 4, 2]",left,256
254,2926,"[2, 128, 2, 32, 4, 64, 8, 2, 2, 256, 16, 2, 32, 8, 4, 0]",up,256
255,2928,"[2, 128, 2, 0, 4, 64, 8, 2, 2, 256, 16, 32, 32, 8, 4, 4]",down,256
256,2936,"[2, 128, 2, 2, 4, 64, 8, 2, 2, 256, 16, 32, 32, 8, 8, 0]",left,256
257,2940,"[2, 128, 2, 4, 4, 64, 8, 32, 2, 256, 16, 0, 32, 8, 8, 2]",up,256
258,2940,"[2, 128, 2, 4, 4, 64, 8, 32, 2, 256, 16, 2, 32, 8, 8, 2]",up,256
259,2956,"[2, 128, 2, 4, 4, 64, 8, 32, 2, 256, 16, 2, 2, 32, 16, 2]",right,256
260,2976,"[0, 128, 0, 2, 2, 64, 2, 4, 4, 256, 8, 32, 4, 32, 32, 4]",down,256
261,2984,"[2, 128, 2, 2, 8, 64, 8, 4, 2, 256, 32, 32, 0, 32, 0, 4]",up,256
262,3052,"[0, 2, 128, 4, 8, 64, 8, 4, 2, 2, 256, 64, 0, 0, 32, 4]",right,256
263,3056,"[0, 0, 128, 2, 0, 2, 8, 8, 8, 64, 256, 64, 2, 2, 32, 4]",down,256
264,3076,"[128, 2, 0, 0, 2, 16, 0, 0, 8, 64, 256, 64, 4, 32, 4, 2]",left,256
265,3076,"[128, 2, 256, 64, 2, 16, 4, 2, 8, 64, 0, 2, 4, 32, 0, 0]",up,256
266,3080,"[128, 2, 256, 64, 2, 16, 4, 4, 8, 64, 2, 0, 4, 32, 0, 0]",up,256
267,3088,"[128, 2, 256, 64, 0, 2, 16, 8, 0, 8, 64, 2, 0, 2, 4, 32]",right,256
268,3092,"[128, 4, 256, 64, 0, 8, 16, 8, 2, 2, 64, 2, 0, 0, 4, 32]",up,256
269,3096,"[128, 4, 256, 64, 8, 16, 8, 0, 4, 64, 2, 0, 4, 32, 0, 2]",left,256
270,3104,"[128, 4, 256, 64, 8, 16, 8, 2, 8, 64, 2, 2, 0, 32, 0, 0]",up,256
271,3124,"[128, 4, 256, 64, 16, 16, 8, 4, 0, 64, 2, 0, 0, 32, 2, 0]",up,256
272,3128,"[128, 4, 256, 64, 16, 16, 8, 4, 0, 64, 4, 0, 0, 32, 2, 0]",up,256
273,3160,"[128, 4, 256, 64, 0, 32, 8, 4, 2, 0, 64, 4, 0, 0, 32, 2]",right,256
274,3164,"[2, 0, 256, 0, 0, 0, 8, 64, 128, 4, 64, 8, 2, 32, 32, 2]",down,256
275,3228,"[2, 0, 2, 256, 0, 0, 8, 64, 128, 4, 64, 8, 0, 2, 64, 2]",right,256
276,3292,"[2, 0, 0, 256, 0, 0, 2, 64, 2, 4, 8, 8, 128, 2, 128, 2]",down,256
277,3308,"[2, 0, 2, 256, 0, 0, 2, 64, 0, 2, 4, 16, 128, 2, 128, 2]",right,256
278,3316,"[2, 4, 4, 256, 128, 0, 4, 64, 0, 0, 128, 16, 0, 2, 0, 2]",up,256
279,3328,"[2, 8, 256, 0, 128, 4, 64, 0, 128, 16, 0, 2, 4, 0, 0, 0]",left,256
280,3584,"[2, 8, 256, 2, 256, 4, 64, 0, 4, 16, 0, 0, 0, 0, 0, 2]",up,256
281,3584,"[2, 8, 256, 2, 0, 256, 4, 64, 0, 0, 4, 16, 2, 0, 0, 2]",right,256
282,3596,"[4, 8, 256, 2, 0, 256, 8, 64, 2, 0, 0, 16, 0, 0, 0, 2]",up,256
283,3596,"[4, 8, 256, 2, 256, 8, 64, 0, 2, 16, 0, 0, 2, 2, 0, 0]",left,256
284,3616,"[4, 16, 256, 2, 256, 16, 64, 0, 4, 2, 0, 0, 0, 2, 0, 0]",up,256
285,3634,"[0, 0, 0, 2, 4, 0, 0, 0, 256, 32, 256, 0, 4, 4, 64, 2]",down,256
286,3636,"[0, 0, 0, 0, 4, 0, 0, 4, 256, 32, 256, 0, 4, 4, 64, 4]",down,256
287,3640,"[0, 0, 0, 0, 4, 0, 0, 2, 256, 32, 256, 0, 4, 4, 64, 8]",down,256
288,3640,"[0, 0, 0, 0, 4, 0, 2, 0, 256, 32, 256, 2, 4, 4, 64, 8]",down,256
289,3648,"[0, 0, 2, 0, 0, 0, 4, 2, 256, 32, 256, 2, 0, 8, 64, 8]",right,256
290,3652,"[256, 32, 2, 4, 0, 8, 4, 8, 0, 0, 256, 2, 0, 0, 64, 0]",up,256
291,3652,"[2, 0, 2, 0, 0, 0, 4, 4, 0, 32, 256, 8, 256, 8, 64, 2]",down,256
292,3664,"[0, 0, 0, 4, 0, 2, 0, 8, 0, 32, 256, 8, 256, 8, 64, 2]",right,256
293,3680,"[256, 2, 256, 4, 0, 32, 64, 16, 0, 8, 0, 2, 0, 2, 0, 0]",up,256
294,3680,"[256, 2, 256, 4, 4, 32, 64, 16, 0, 0, 8, 2, 0, 0, 0, 2]",right,256
295,3684,"[256, 2, 256, 4, 4, 32, 64, 16, 0, 2, 8, 4, 0, 0, 0, 0]",up,256
296,3684,"[0, 2, 0, 0, 0, 2, 256, 4, 256, 32, 64, 16, 4, 2, 8, 4]",down,256
297,3688,"[256, 4, 256, 4, 4, 32, 64, 16, 0, 2, 8, 4, 0, 2, 0, 0]",up,256
298,3690,"[0, 0, 0, 0, 2, 4, 256, 4, 256, 32, 64, 16, 4, 4, 8, 4]",down,256
299,3698,"[0, 0, 2, 0, 2, 4, 256, 4, 256, 32, 64, 16, 8, 8, 4, 0]",left,256
300,3714,"[2, 0, 0, 0, 2, 4, 256, 4, 256, 32, 64, 16, 16, 4, 0, 2]",left,256
301,3718,"[4, 4, 256, 4, 256, 32, 64, 16, 16, 4, 0, 2, 0, 0, 2, 0]",up,256
302,3718,"[4, 4, 256, 4, 256, 32, 64, 16, 16, 4, 2, 2, 0, 0, 2, 0]",up,256
303,3722,"[4, 4, 256, 4, 256, 32, 64, 16, 16, 4, 4, 2, 0, 0, 0, 2]",up,256
304,3726,"[4, 4, 256, 4, 256, 32, 64, 16, 16, 4, 4, 4, 0, 4, 0, 0]",up,256
305,3734,"[4, 4, 256, 4, 256, 32, 64, 16, 16, 8, 4, 4, 0, 0, 0, 2]",up,256
306,3750,"[8, 256, 4, 0, 256, 32, 64, 16, 16, 8, 8, 0, 2, 2, 0, 0]",left,256
307,3770,"[8, 256, 4, 2, 256, 32, 64, 16, 16, 16, 0, 0, 4, 0, 0, 0]",left,256
308,3770,"[8, 0, 0, 0, 256, 256, 0, 2, 16, 32, 4, 2, 4, 16, 64, 16]",down,256
309,3772,"[8, 0, 0, 0, 256, 256, 0, 2, 16, 32, 4, 4, 4, 16, 64, 16]",down,256
310,4292,"[0, 0, 0, 8, 0, 0, 512, 2, 2, 16, 32, 8, 4, 16, 64, 16]",right,512
311,4324,"[2, 32, 512, 8, 4, 2, 32, 2, 0, 0, 64, 8, 0, 0, 0, 16]",up,512
312,4324,"[0, 0, 4, 8, 0, 0, 512, 2, 2, 32, 32, 8, 4, 2, 64, 16]",down,512
313,4388,"[0, 0, 4, 8, 2, 0, 512, 2, 0, 2, 64, 8, 4, 2, 64, 16]",right,512
314,4520,"[2, 4, 4, 8, 4, 0, 512, 2, 0, 0, 128, 8, 0, 2, 0, 16]",up,512
315,4528,"[2, 8, 8, 0, 4, 512, 2, 0, 128, 8, 0, 0, 2, 16, 2, 0]",left,512
316,4532,"[2, 8, 8, 2, 4, 512, 4, 0, 128, 8, 0, 0, 2, 16, 0, 0]",up,512
317,4532,"[2, 8, 0, 0, 4, 512, 0, 2, 128, 8, 8, 0, 2, 16, 4, 2]",down,512
318,4548,"[2, 8, 0, 0, 4, 512, 2, 2, 128, 16, 0, 0, 2, 16, 4, 2]",left,512
319,4566,"[2, 0, 0, 0, 4, 8, 0, 2, 128, 512, 2, 0, 2, 32, 4, 4]",down,512
320,4566,"[2, 8, 2, 2, 4, 512, 4, 4, 128, 32, 0, 0, 2, 4, 0, 0]",up,512
321,4566,"[2, 8, 0, 0, 4, 512, 0, 2, 128, 32, 2, 2, 2, 4, 4, 4]",down,512
322,4568,"[2, 8, 0, 0, 4, 512, 0, 2, 128, 32, 2, 4, 2, 4, 4, 4]",down,512
323,4572,"[2, 8, 0, 2, 4, 512, 0, 0, 128, 32, 2, 2, 2, 4, 4, 8]",down,512
324,4584,"[2, 8, 2, 2, 4, 512, 0, 0, 128, 32, 4, 0, 2, 8, 8, 0]",left,512
325,4604,"[2, 8, 4, 0, 4, 512, 0, 0, 128, 32, 4, 0, 2, 16, 0, 4]",left,512
326,4612,"[2, 8, 8, 4, 4, 512, 0, 0, 128, 32, 0, 0, 2, 16, 0, 2]",up,512
327,4628,"[0, 2, 16, 4, 2, 0, 4, 512, 0, 0, 128, 32, 0, 2, 16, 2]",right,512
328,4632,"[2, 4, 16, 4, 0, 0, 4, 512, 0, 0, 128, 32, 2, 0, 16, 2]",up,512
329,4636,"[4, 4, 16, 4, 0, 0, 4, 512, 0, 2, 128, 32, 0, 0, 16, 2]",up,512
330,4636,"[4, 4, 16, 4, 0, 2, 4, 512, 2, 0, 128, 32, 0, 0, 16, 2]",up,512
331,4636,"[4, 4, 16, 4, 2, 2, 4, 512, 0, 2, 128, 32, 0, 0, 16, 2]",up,512
332,4640,"[4, 4, 16, 4, 2, 4, 4, 512, 2, 0, 128, 32, 0, 0, 16, 2]",up,512
333,4652,"[4, 8, 16, 4, 4, 0, 4, 512, 0, 0, 128, 32, 0, 2, 16, 2]",up,512
334,4660,"[8, 8, 16, 4, 0, 2, 4, 512, 0, 0, 128, 32, 2, 0, 16, 2]",up,512
335,4676,"[16, 16, 4, 0, 2, 4, 512, 0, 128, 32, 0, 0, 2, 16, 2, 4]",left,512
336,4676,"[16, 16, 4, 4, 2, 4, 512, 2, 128, 32, 2, 0, 2, 16, 0, 0]",up,512
337,4676,"[16, 16, 0, 0, 2, 4, 4, 2, 128, 32, 512, 4, 2, 16, 2, 2]",down,512
338,4720,"[0, 0, 2, 32, 0, 2, 8, 2, 128, 32, 512, 4, 0, 2, 16, 4]",right,512
339,4728,"[128, 2, 2, 32, 0, 32, 8, 2, 0, 2, 512, 8, 0, 2, 16, 0]",up,512
340,4732,"[128, 2, 2, 32, 0, 32, 8, 2, 0, 4, 512, 8, 0, 2, 16, 0]",up,512
341,4732,"[0, 2, 2, 2, 0, 32, 8, 32, 0, 4, 512, 2, 128, 2, 16, 8]",down,512
342,4732,"[128, 2, 2, 2, 0, 32, 8, 32, 0, 4, 512, 2, 2, 2, 16, 8]",up,512
343,4740,"[128, 4, 2, 0, 32, 8, 32, 0, 4, 512, 2, 2, 4, 16, 8, 0]",left,512
344,4748,"[128, 4, 2, 2, 32, 8, 32, 0, 8, 512, 2, 0, 0, 16, 8, 2]",up,512
345,4752,"[128, 4, 4, 0, 32, 8, 32, 0, 8, 512, 2, 2, 16, 8, 2, 0]",left,512
346,4764,"[128, 8, 0, 0, 32, 8, 32, 0, 8, 512, 4, 2, 16, 8, 2, 0]",left,512
347,4780,"[128, 16, 32, 2, 32, 512, 4, 0, 8, 8, 2, 0, 16, 0, 2, 0]",up,512
348,4796,"[128, 16, 32, 2, 32, 512, 4, 0, 16, 2, 0, 0, 16, 2, 2, 0]",left,512
349,4832,"[128, 16, 32, 2, 32, 512, 4, 2, 32, 4, 2, 0, 0, 0, 0, 0]",up,512
350,4900,"[128, 16, 32, 4, 64, 512, 4, 0, 0, 4, 2, 0, 0, 2, 0, 0]",up,512
351,4900,"[0, 16, 0, 0, 0, 512, 32, 0, 128, 4, 4, 4, 64, 2, 2, 4]",down,512
352,4904,"[0, 16, 0, 0, 2, 512, 32, 0, 128, 4, 4, 0, 64, 2, 2, 8]",down,512
353,4916,"[0, 0, 2, 16, 0, 2, 512, 32, 0, 0, 128, 8, 0, 64, 4, 8]",right,512
354,4932,"[0, 2, 2, 16, 0, 64, 512, 32, 0, 0, 128, 16, 0, 2, 4, 0]",up,512
355,4932,"[2, 2, 2, 16, 0, 64, 512, 32, 0, 2, 128, 16, 0, 0, 4, 0]",up,512
356,4932,"[0, 0, 2, 0, 0, 2, 512, 16, 2, 64, 128, 32, 2, 2, 4, 16]",down,512
357,4936,"[2, 2, 0, 0, 2, 512, 16, 0, 2, 64, 128, 32, 4, 4, 16, 0]",left,512
358,4948,"[4, 0, 0, 0, 2, 512, 16, 0, 2, 64, 128, 32, 8, 16, 0, 2]",left,512
359,4952,"[4, 512, 16, 32, 4, 64, 128, 2, 8, 16, 0, 0, 0, 0, 2, 0]",up,512
360,4956,"[0, 2, 0, 0, 0, 512, 16, 0, 8, 64, 128, 32, 8, 16, 2, 2]",down,512
361,4964,"[0, 2, 2, 0, 0, 512, 16, 0, 0, 64, 128, 32, 16, 16, 2, 2]",down,512
362,5004,"[4, 0, 0, 0, 512, 16, 0, 0, 64, 128, 32, 2, 32, 4, 0, 0]",left,512
363,5004,"[2, 0, 0, 4, 0, 0, 512, 16, 64, 128, 32, 2, 0, 0, 32, 4]",right,512
364,5068,"[2, 128, 512, 4, 64, 0, 64, 16, 0, 0, 0, 2, 0, 2, 0, 4]",up,512
365,5196,"[2, 128, 512, 4, 128, 16, 0, 0, 2, 0, 0, 0, 2, 4, 2, 0]",left,512
366,5200,"[2, 128, 512, 4, 128, 16, 2, 0, 4, 4, 0, 0, 2, 0, 0, 0]",up,512
367,5208,"[2, 128, 512, 4, 0, 128, 16, 2, 0, 0, 0, 8, 2, 0, 0, 2]",right,512
368,5468,"[4, 256, 512, 4, 0, 0, 16, 2, 2, 0, 0, 8, 0, 0, 0, 2]",up,512
369,5468,"[4, 256, 512, 4, 16, 2, 0, 0, 2, 8, 0, 0, 2, 0, 2, 0]",left,512
370,5472,"[4, 256, 512, 4, 16, 2, 2, 0, 4, 8, 0, 2, 0, 0, 0, 0]",up,512
371,5476,"[4, 256, 512, 4, 0, 0, 16, 4, 0, 4, 8, 2, 0, 2, 0, 0]",right,512
372,5476,"[4, 256, 512, 4, 0, 0, 16, 4, 0, 4, 8, 2, 2, 0, 0, 2]",right,512
373,5488,"[4, 256, 512, 8, 2, 4, 16, 4, 0, 0, 8, 0, 2, 0, 0, 0]",up,512
374,5492,"[4, 256, 512, 8, 4, 4, 16, 4, 0, 0, 8, 0, 2, 0, 0, 0]",up,512
375,5500,"[4, 256, 512, 8, 8, 16, 4, 0, 8, 0, 0, 0, 2, 0, 0, 4]",left,512
376,5516,"[4, 256, 512, 8, 16, 16, 4, 4, 2, 0, 0, 2, 0, 0, 0, 0]",up,512
377,5560,"[4, 256, 512, 8, 0, 0, 32, 8, 0, 0, 4, 4, 0, 0, 0, 0]",right,512
378,5568,"[0, 0, 0, 2, 0, 0, 512, 0, 0, 0, 32, 16, 4, 256, 4, 4]",down,512
379,5568,"[4, 256, 512, 2, 0, 0, 32, 16, 0, 0, 4, 4, 0, 0, 2, 0]",up,512
380,5576,"[4, 256, 512, 2, 32, 16, 0, 0, 8, 0, 0, 0, 2, 0, 2, 0]",left,512
381,5576,"[4, 0, 0, 0, 32, 0, 0, 0, 8, 256, 512, 2, 2, 16, 2, 2]",down,512
382,5580,"[4, 256, 512, 4, 32, 16, 2, 0, 8, 2, 0, 0, 2, 0, 0, 0]",up,512
383,5580,"[4, 0, 0, 0, 32, 256, 0, 0, 8, 16, 512, 2, 2, 2, 2, 4]",down,512
384,5584,"[0, 0, 0, 4, 0, 2, 32, 256, 8, 16, 512, 2, 0, 2, 4, 4]",right,512
385,5584,"[0, 0, 0, 4, 0, 2, 32, 256, 2, 16, 512, 2, 8, 2, 4, 4]",down,512
386,5592,"[4, 0, 0, 0, 2, 32, 256, 0, 2, 16, 512, 2, 8, 2, 8, 2]",left,512
387,5600,"[4, 32, 256, 4, 4, 16, 512, 0, 8, 2, 8, 0, 0, 2, 0, 0]",up,512
388,5612,"[8, 32, 256, 4, 8, 16, 512, 0, 2, 4, 8, 0, 0, 0, 0, 0]",up,512
389,5620,"[0, 0, 0, 0, 0, 32, 256, 0, 16, 16, 512, 2, 2, 4, 8, 4]",down,512
390,5652,"[0, 0, 0, 0, 32, 256, 0, 2, 32, 512, 2, 0, 2, 4, 8, 4]",left,512
391,5652,"[0, 0, 2, 0, 0, 32, 256, 2, 0, 32, 512, 2, 2, 4, 8, 4]",right,512
392,5686,"[0, 0, 2, 0, 0, 0, 256, 0, 2, 64, 512, 4, 2, 4, 8, 4]",down,512
393,5692,"[0, 0, 2, 0, 2, 0, 256, 0, 0, 64, 512, 0, 4, 4, 8, 8]",down,512
394,5716,"[2, 0, 0, 0, 2, 256, 2, 0, 64, 512, 0, 0, 8, 16, 0, 0]",left,512
395,5720,"[4, 256, 2, 0, 64, 512, 2, 0, 8, 16, 0, 0, 0, 0, 0, 0]",up,512
396,5724,"[4, 256, 4, 0, 64, 512, 0, 0, 8, 16, 2, 0, 0, 0, 0, 0]",up,512
397,5724,"[4, 256, 4, 0, 64, 512, 2, 0, 8, 16, 0, 0, 0, 2, 0, 0]",up,512
398,5724,"[2, 256, 0, 0, 4, 512, 0, 0, 64, 16, 4, 0, 8, 2, 2, 0]",down,512
399,5728,"[2, 0, 2, 256, 0, 0, 4, 512, 0, 64, 16, 4, 0, 0, 8, 4]",right,512
400,5732,"[0, 0, 2, 0, 0, 0, 4, 256, 0, 4, 16, 512, 2, 64, 8, 8]",down,512
401,5748,"[2, 2, 0, 0, 4, 256, 0, 0, 4, 16, 512, 0, 2, 64, 16, 0]",left,512
402,5756,"[2, 2, 512, 0, 8, 256, 16, 0, 2, 16, 0, 0, 0, 64, 2, 0]",up,512
403,5760,"[0, 0, 4, 512, 0, 8, 256, 16, 2, 0, 2, 16, 0, 0, 64, 2]",right,512
404,5792,"[2, 8, 4, 512, 0, 0, 256, 32, 0, 0, 2, 2, 0, 0, 64, 4]",up,512
405,5796,"[2, 8, 4, 512, 0, 0, 256, 32, 0, 2, 0, 4, 0, 0, 64, 4]",right,512
406,5800,"[0, 0, 0, 0, 0, 2, 4, 512, 0, 8, 256, 32, 2, 2, 64, 8]",down,512
407,5800,"[2, 2, 4, 512, 4, 8, 256, 32, 0, 2, 64, 8, 0, 0, 0, 0]",up,512
408,5804,"[4, 4, 512, 0, 4, 8, 256, 32, 2, 64, 8, 0, 0, 0, 0, 2]",left,512
409,5808,"[2, 0, 0, 0, 0, 4, 512, 0, 8, 8, 256, 32, 2, 64, 8, 2]",down,512
410,5808,"[2, 4, 512, 32, 8, 8, 256, 2, 2, 64, 8, 0, 0, 0, 2, 0]",up,512
411,5808,"[0, 0, 512, 0, 2, 4, 256, 2, 8, 8, 8, 32, 2, 64, 2, 2]",down,512
412,5828,"[512, 0, 0, 0, 2, 4, 256, 2, 16, 8, 32, 2, 2, 64, 4, 0]",left,512
413,5830,"[512, 0, 2, 0, 2, 4, 256, 0, 16, 8, 32, 0, 2, 64, 4, 4]",down,512
414,5838,"[512, 2, 0, 0, 2, 4, 256, 2, 16, 8, 32, 0, 2, 64, 8, 0]",left,512
415,5838,"[512, 2, 256, 2, 2, 4, 32, 0, 16, 8, 8, 0, 2, 64, 0, 2]",up,512
416,5854,"[512, 2, 256, 2, 2, 4, 32, 0, 16, 16, 0, 0, 2, 64, 2, 2]",left,512
417,5890,"[512, 2, 256, 2, 0, 2, 4, 32, 0, 2, 0, 32, 0, 2, 64, 4]",right,512
418,5962,"[512, 4, 256, 2, 0, 4, 4, 64, 0, 0, 64, 4, 0, 2, 0, 0]",up,512
419,5970,"[512, 8, 256, 2, 0, 2, 4, 64, 2, 0, 64, 4, 0, 0, 0, 0]",up,512
420,5970,"[512, 8, 256, 2, 2, 2, 4, 64, 2, 0, 64, 4, 0, 0, 0, 0]",up,512
421,5974,"[512, 8, 256, 2, 4, 4, 64, 2, 2, 64, 4, 0, 0, 0, 0, 0]",left,512
422,5982,"[512, 8, 256, 2, 0, 8, 64, 2, 0, 2, 64, 4, 2, 0, 0, 0]",right,512
423,6056,"[0, 0, 0, 0, 2, 0, 0, 0, 512, 16, 256, 4, 2, 2, 128, 4]",down,512
424,6060,"[0, 0, 0, 0, 2, 0, 0, 2, 512, 16, 256, 0, 2, 2, 128, 8]",down,512
425,6068,"[0, 0, 2, 0, 4, 0, 0, 0, 512, 16, 256, 0, 4, 128, 8, 0]",left,512
426,6068,"[4, 16, 2, 2, 512, 128, 256, 0, 4, 0, 8, 0, 0, 0, 0, 0]",up,512
427,6072,"[4, 16, 4, 0, 512, 128, 256, 0, 4, 8, 2, 0, 0, 0, 0, 0]",left,512
428,6072,"[4, 0, 0, 0, 4, 16, 4, 0, 512, 128, 256, 0, 4, 8, 2, 0]",down,512
429,6080,"[8, 16, 4, 0, 512, 128, 256, 0, 4, 8, 2, 0, 2, 0, 0, 0]",up,512
430,6080,"[0, 8, 16, 4, 2, 512, 128, 256, 0, 4, 8, 2, 0, 0, 0, 2]",right,512
431,6084,"[2, 8, 16, 4, 0, 512, 128, 256, 0, 4, 8, 4, 0, 2, 0, 0]",up,512
432,6084,"[2, 8, 0, 0, 0, 512, 16, 4, 0, 4, 128, 256, 2, 2, 8, 4]",down,512
433,6088,"[2, 8, 0, 0, 512, 16, 4, 0, 4, 128, 256, 0, 4, 8, 4, 2]",left,512
434,6092,"[0, 8, 0, 0, 2, 16, 4, 0, 512, 128, 256, 2, 8, 8, 4, 2]",down,512
435,6094,"[2, 8, 0, 0, 2, 16, 4, 0, 512, 128, 256, 0, 8, 8, 4, 4]",down,512
436,6096,"[2, 8, 0, 0, 4, 16, 4, 0, 512, 128, 256, 0, 8, 8, 4, 4]",down,512
437,6096,"[2, 8, 4, 4, 4, 16, 256, 2, 512, 128, 4, 0, 8, 8, 0, 0]",up,512
438,6120,"[2, 8, 8, 2, 4, 16, 256, 2, 512, 128, 4, 0, 16, 0, 0, 0]",left,512
439,6136,"[2, 16, 2, 0, 4, 16, 256, 2, 512, 128, 4, 2, 16, 0, 0, 0]",left,512
440,6154,"[2, 0, 0, 0, 4, 0, 2, 0, 512, 32, 256, 2, 16, 128, 4, 4]",down,512
441,6162,"[0, 0, 0, 2, 0, 0, 4, 2, 512, 32, 256, 2, 2, 16, 128, 8]",right,512
442,6166,"[512, 32, 4, 4, 2, 16, 256, 2, 0, 0, 128, 8, 0, 2, 0, 0]",up,512
443,6166,"[0, 0, 2, 0, 0, 32, 4, 4, 512, 16, 256, 2, 2, 2, 128, 8]",down,512
444,6178,"[2, 0, 0, 0, 32, 8, 0, 0, 512, 16, 256, 2, 4, 128, 8, 2]",left,512
445,6182,"[2, 8, 256, 4, 32, 16, 8, 0, 512, 128, 2, 0, 4, 0, 0, 0]",up,512
446,6182,"[2, 0, 0, 0, 32, 8, 256, 0, 512, 16, 8, 4, 4, 128, 2, 4]",down,512
447,6182,"[0, 2, 0, 2, 0, 32, 8, 256, 512, 16, 8, 4, 4, 128, 2, 4]",right,512
448,6194,"[0, 2, 0, 0, 4, 32, 0, 2, 512, 16, 16, 256, 4, 128, 2, 8]",down,512
449,6226,"[0, 0, 0, 2, 0, 4, 32, 2, 2, 512, 32, 256, 4, 128, 2, 8]",right,512
450,6260,"[2, 0, 0, 0, 0, 4, 0, 4, 2, 512, 64, 256, 4, 128, 2, 8]",down,512
451,6262,"[0, 0, 0, 0, 2, 4, 0, 4, 4, 512, 64, 256, 4, 128, 2, 8]",down,512
452,6266,"[0, 0, 0, 0, 2, 4, 0, 4, 2, 512, 64, 256, 8, 128, 2, 8]",down,512
453,6270,"[4, 4, 64, 4, 8, 512, 2, 256, 0, 128, 0, 8, 0, 0, 0, 2]",up,512
454,6278,"[8, 64, 4, 0, 8, 512, 2, 256, 128, 8, 0, 0, 2, 2, 0, 0]",left,512
455,6286,"[0, 64, 0, 0, 16, 512, 0, 0, 128, 8, 4, 2, 2, 2, 2, 256]",down,512
456,6290,"[0, 0, 0, 64, 0, 0, 16, 512, 128, 8, 4, 2, 4, 2, 4, 256]",right,512
457,6298,"[128, 8, 16, 64, 4, 2, 8, 512, 0, 0, 0, 2, 0, 0, 2, 256]",up,512
458,6298,"[0, 0, 2, 64, 0, 0, 16, 512, 128, 8, 8, 2, 4, 2, 2, 256]",down,512
459,6318,"[2, 0, 2, 64, 0, 0, 16, 512, 0, 128, 16, 2, 0, 4, 4, 256]",right,512
460,6330,"[2, 0, 4, 64, 0, 0, 16, 512, 0, 128, 16, 2, 0, 0, 8, 256]",right,512
461,6362,"[2, 128, 4, 64, 0, 0, 32, 512, 0, 0, 8, 2, 0, 0, 2, 256]",up,512
462,6362,"[2, 0, 4, 64, 0, 0, 32, 512, 0, 0, 8, 2, 2, 128, 2, 256]",down,512
463,6366,"[4, 128, 4, 64, 0, 0, 32, 512, 0, 0, 8, 2, 0, 2, 2, 256]",up,512
464,6366,"[0, 0, 4, 64, 0, 0, 32, 512, 2, 128, 8, 2, 4, 2, 2, 256]",down,512
465,6370,"[4, 64, 0, 0, 32, 512, 0, 0, 2, 128, 8, 2, 4, 4, 256, 2]",left,512
466,6374,"[4, 64, 8, 4, 32, 512, 256, 2, 2, 128, 0, 0, 4, 4, 0, 0]",up,512
467,6374,"[4, 64, 2, 0, 32, 512, 0, 0, 2, 128, 8, 4, 4, 4, 256, 2]",down,512
468,6374,"[4, 64, 2, 4, 32, 512, 8, 2, 2, 128, 256, 0, 4, 4, 0, 2]",up,512
469,6378,"[4, 64, 2, 4, 32, 512, 8, 4, 2, 128, 256, 0, 4, 4, 2, 0]",up,512
470,6386,"[4, 64, 2, 8, 32, 512, 8, 0, 2, 128, 256, 2, 4, 4, 2, 0]",up,512
471,6394,"[4, 64, 2, 8, 2, 32, 512, 8, 2, 128, 256, 2, 0, 0, 8, 2]",right,512
472,6418,"[4, 64, 2, 16, 4, 32, 512, 4, 0, 128, 256, 0, 2, 0, 8, 0]",up,512
473,6426,"[8, 64, 2, 16, 2, 32, 512, 4, 0, 128, 256, 0, 2, 0, 8, 0]",up,512
474,6430,"[8, 64, 2, 16, 4, 32, 512, 4, 2, 128, 256, 0, 0, 0, 8, 0]",up,512
475,6430,"[2, 0, 2, 0, 8, 64, 512, 0, 4, 32, 256, 16, 2, 128, 8, 4]",down,512
476,6434,"[4, 2, 0, 0, 8, 64, 512, 0, 4, 32, 256, 16, 2, 128, 8, 4]",left,512
477,6434,"[4, 2, 512, 16, 8, 64, 256, 4, 4, 32, 8, 0, 2, 128, 2, 0]",up,512
478,6434,"[4, 2, 512, 0, 8, 64, 256, 2, 4, 32, 8, 16, 2, 128, 2, 4]",down,512
479,6434,"[4, 2, 512, 2, 8, 64, 256, 16, 4, 32, 8, 4, 2, 128, 2, 2]",up,512
480,6438,"[4, 2, 512, 2, 8, 64, 256, 16, 4, 32, 8, 4, 2, 2, 128, 4]",right,512
481,6446,"[4, 2, 512, 2, 8, 64, 256, 16, 4, 32, 8, 8, 2, 2, 128, 2]",up,512
482,6466,"[4, 2, 512, 2, 8, 64, 256, 16, 2, 4, 32, 16, 0, 4, 128, 2]",right,512
483,6486,"[0, 2, 512, 0, 4, 2, 256, 2, 8, 64, 32, 32, 2, 8, 128, 2]",down,512
484,6550,"[2, 512, 0, 4, 4, 2, 256, 2, 8, 64, 64, 0, 2, 8, 128, 2]",left,512
485,6552,"[2, 512, 0, 2, 4, 2, 256, 0, 8, 64, 64, 4, 2, 8, 128, 4]",down,512
486,6680,"[2, 2, 512, 2, 0, 4, 2, 256, 0, 8, 128, 4, 2, 8, 128, 4]",right,512
487,6684,"[0, 4, 512, 2, 0, 4, 2, 256, 2, 8, 128, 4, 2, 8, 128, 4]",right,512
488,6976,"[4, 8, 512, 2, 0, 16, 2, 256, 0, 0, 256, 8, 0, 0, 4, 0]",up,512
489,6976,"[0, 0, 512, 0, 0, 0, 2, 2, 2, 8, 256, 256, 4, 16, 4, 8]",down,512
490,7492,"[512, 0, 0, 0, 4, 0, 2, 0, 2, 8, 512, 0, 4, 16, 4, 8]",left,512
491,7492,"[512, 8, 2, 8, 4, 16, 512, 0, 2, 0, 4, 2, 4, 0, 0, 0]",up,512
492,7492,"[512, 8, 2, 8, 4, 16, 512, 2, 2, 0, 4, 2, 4, 0, 0, 0]",up,512
493,7494,"[512, 0, 0, 0, 4, 2, 2, 0, 2, 8, 512, 8, 4, 16, 4, 4]",down,512
494,7506,"[0, 0, 2, 512, 0, 0, 4, 4, 2, 8, 512, 8, 0, 4, 16, 8]",right,512
495,7514,"[0, 0, 2, 0, 2, 0, 4, 512, 0, 8, 512, 4, 2, 4, 16, 16]",down,512
496,7516,"[0, 4, 2, 0, 0, 0, 4, 512, 0, 8, 512, 4, 4, 4, 16, 16]",down,512
497,7556,"[4, 2, 2, 0, 4, 512, 0, 0, 8, 512, 4, 0, 8, 32, 0, 0]",left,512
498,8604,"[8, 2, 2, 0, 16, 1024, 4, 0, 0, 32, 0, 2, 0, 0, 0, 0]",up,1024
499,8608,"[0, 0, 8, 4, 0, 16, 1024, 4, 0, 0, 32, 2, 2, 0, 0, 0]",right,1024
500,8616,"[2, 16, 8, 8, 0, 0, 1024, 2, 0, 0, 32, 2, 0, 0, 0, 0]",up,1024
501,8632,"[2, 16, 16, 0, 1024, 2, 0, 0, 32, 2, 0, 0, 2, 0, 0, 0]",left,1024
502,8636,"[2, 16, 16, 0, 1024, 4, 0, 0, 32, 0, 0, 2, 2, 0, 0, 0]",up,1024
503,8668,"[0, 0, 2, 32, 0, 0, 1024, 4, 0, 0, 32, 2, 0, 0, 2, 2]",right,1024
504,8672,"[0, 0, 2, 32, 0, 0, 1024, 4, 0, 0, 32, 4, 0, 0, 2, 2]",up,1024
505,8676,"[0, 0, 2, 2, 0, 0, 1024, 32, 0, 0, 32, 8, 0, 0, 2, 2]",down,1024
506,8684,"[4, 0, 0, 0, 1024, 32, 0, 0, 32, 8, 2, 0, 4, 0, 0, 0]",left,1024
507,8684,"[4, 0, 2, 0, 1024, 0, 0, 0, 32, 32, 0, 0, 4, 8, 2, 0]",down,1024
508,8686,"[4, 0, 0, 0, 1024, 0, 2, 0, 32, 32, 0, 0, 4, 8, 4, 0]",down,1024
509,8686,"[4, 0, 0, 0, 1024, 0, 0, 0, 32, 32, 2, 0, 4, 8, 4, 2]",down,1024
510,8750,"[0, 0, 0, 4, 0, 0, 0, 1024, 2, 0, 64, 2, 4, 8, 4, 2]",right,1024
511,8754,"[2, 8, 64, 4, 4, 2, 4, 1024, 0, 0, 0, 4, 0, 0, 0, 0]",up,1024
512,8754,"[2, 0, 0, 0, 0, 0, 0, 4, 2, 8, 64, 1024, 4, 2, 4, 4]",down,1024
513,8756,"[0, 0, 0, 4, 0, 0, 0, 4, 4, 8, 64, 1024, 4, 2, 4, 4]",down,1024
514,8772,"[8, 8, 64, 8, 0, 2, 4, 1024, 0, 0, 0, 4, 2, 0, 0, 0]",up,1024
515,8772,"[0, 0, 0, 0, 0, 4, 0, 8, 8, 8, 64, 1024, 2, 2, 4, 4]",down,1024
516,8800,"[0, 0, 0, 0, 4, 8, 0, 2, 16, 64, 1024, 0, 4, 8, 0, 0]",left,1024
517,8800,"[4, 8, 1024, 2, 16, 64, 0, 0, 4, 8, 0, 0, 0, 2, 0, 0]",up,1024
518,8800,"[0, 8, 0, 2, 4, 64, 0, 0, 16, 8, 0, 0, 4, 2, 1024, 2]",down,1024
519,8804,"[4, 8, 1024, 4, 16, 64, 0, 0, 4, 8, 0, 0, 2, 2, 0, 0]",up,1024
520,8808,"[4, 8, 1024, 4, 16, 64, 0, 0, 4, 8, 0, 0, 4, 2, 0, 0]",left,1024
521,8816,"[4, 8, 1024, 4, 16, 64, 0, 2, 8, 8, 0, 0, 0, 2, 0, 0]",up,1024
522,8832,"[4, 8, 1024, 4, 16, 64, 2, 0, 16, 2, 0, 0, 2, 0, 0, 0]",left,1024
523,8864,"[4, 8, 1024, 4, 32, 64, 2, 0, 2, 2, 0, 0, 0, 0, 2, 0]",up,1024
524,8866,"[0, 0, 0, 0, 4, 8, 2, 0, 32, 64, 1024, 0, 2, 2, 4, 4]",down,1024
525,8878,"[0, 2, 0, 0, 4, 8, 2, 0, 32, 64, 1024, 0, 4, 8, 0, 0]",left,1024
526,8878,"[4, 2, 2, 0, 32, 8, 1024, 0, 4, 64, 0, 0, 0, 8, 0, 2]",up,1024
527,8882,"[4, 4, 0, 0, 32, 8, 1024, 0, 4, 64, 0, 0, 8, 2, 4, 0]",left,1024
528,8882,"[4, 4, 1024, 2, 32, 8, 4, 0, 4, 64, 0, 0, 8, 2, 0, 0]",up,1024
529,8882,"[4, 4, 0, 0, 32, 8, 0, 0, 4, 64, 1024, 2, 8, 2, 4, 2]",down,1024
530,8890,"[2, 0, 0, 8, 0, 0, 32, 8, 4, 64, 1024, 2, 8, 2, 4, 2]",right,1024
531,8900,"[0, 0, 2, 0, 2, 0, 32, 0, 4, 64, 1024, 16, 8, 2, 4, 4]",down,1024
532,8908,"[2, 0, 0, 0, 2, 32, 0, 0, 4, 64, 1024, 16, 8, 2, 8, 4]",left,1024
533,8912,"[4, 32, 1024, 16, 4, 64, 8, 4, 8, 2, 0, 0, 0, 0, 2, 0]",up,1024
534,8916,"[2, 0, 0, 0, 0, 32, 1024, 0, 8, 64, 8, 16, 8, 2, 2, 4]",down,1024
535,8932,"[2, 32, 1024, 16, 16, 64, 8, 4, 0, 2, 2, 0, 0, 0, 0, 2]",up,1024
536,8936,"[2, 32, 1024, 16, 16, 64, 8, 4, 0, 0, 0, 4, 0, 2, 0, 2]",right,1024
537,8944,"[2, 32, 1024, 16, 16, 64, 8, 8, 4, 2, 0, 2, 0, 0, 0, 0]",up,1024
538,8964,"[2, 32, 1024, 16, 0, 16, 64, 16, 0, 2, 4, 4, 0, 0, 0, 0]",right,1024
539,8980,"[0, 0, 0, 0, 0, 32, 1024, 2, 0, 16, 64, 32, 2, 2, 4, 4]",down,1024
540,8992,"[0, 0, 0, 2, 32, 1024, 2, 0, 16, 64, 32, 0, 4, 8, 0, 0]",left,1024
541,8992,"[32, 1024, 2, 2, 16, 64, 32, 0, 4, 8, 0, 0, 0, 2, 0, 0]",up,1024
542,8996,"[32, 1024, 4, 0, 16, 64, 32, 0, 4, 8, 0, 0, 2, 0, 0, 2]",left,1024
543,9000,"[32, 1024, 4, 0, 16, 64, 32, 0, 4, 8, 0, 2, 4, 0, 0, 0]",left,1024
544,9008,"[32, 1024, 4, 2, 16, 64, 32, 0, 8, 8, 0, 0, 0, 0, 2, 0]",up,1024
545,9024,"[32, 1024, 4, 2, 16, 64, 32, 0, 16, 0, 0, 0, 2, 2, 0, 0]",left,1024
546,9056,"[32, 1024, 4, 2, 32, 64, 32, 0, 2, 2, 0, 0, 0, 0, 0, 2]",up,1024
547,9090,"[0, 2, 0, 0, 0, 1024, 0, 0, 64, 64, 4, 0, 2, 2, 32, 4]",down,1024
548,9222,"[0, 0, 0, 2, 0, 0, 0, 1024, 2, 0, 128, 4, 0, 4, 32, 4]",right,1024
549,9230,"[2, 4, 128, 2, 2, 0, 32, 1024, 0, 0, 0, 8, 0, 0, 0, 0]",up,1024
550,9234,"[4, 4, 128, 2, 0, 0, 32, 1024, 0, 0, 0, 8, 0, 2, 0, 0]",up,1024
551,9234,"[4, 4, 128, 2, 0, 2, 32, 1024, 0, 0, 0, 8, 0, 0, 0, 2]",up,1024
552,9242,"[8, 128, 2, 0, 2, 32, 1024, 0, 8, 0, 0, 0, 2, 0, 4, 0]",left,1024
553,9242,"[8, 0, 0, 0, 2, 0, 2, 4, 8, 128, 1024, 0, 2, 32, 4, 0]",down,1024
554,9242,"[8, 0, 0, 0, 2, 0, 2, 2, 8, 128, 1024, 0, 2, 32, 4, 4]",down,1024
555,9242,"[8, 2, 0, 0, 2, 0, 2, 0, 8, 128, 1024, 2, 2, 32, 4, 4]",down,1024
556,9242,"[8, 0, 0, 0, 2, 2, 2, 2, 8, 128, 1024, 2, 2, 32, 4, 4]",down,1024
557,9258,"[8, 0, 2, 0, 4, 4, 0, 0, 8, 128, 1024, 2, 2, 32, 8, 0]",left,1024
558,9266,"[8, 2, 0, 0, 8, 0, 0, 0, 8, 128, 1024, 2, 2, 32, 8, 2]",left,1024
559,9286,"[16, 2, 1024, 4, 8, 128, 8, 0, 2, 32, 0, 0, 0, 2, 0, 0]",up,1024
560,9286,"[0, 2, 0, 2, 16, 128, 0, 0, 8, 32, 1024, 0, 2, 2, 8, 4]",down,1024
561,9294,"[4, 0, 0, 0, 16, 128, 0, 0, 8, 32, 1024, 2, 4, 8, 4, 0]",left,1024
562,9294,"[4, 128, 1024, 2, 16, 32, 4, 0, 8, 8, 0, 0, 4, 0, 4, 0]",up,1024
563,9318,"[4, 128, 1024, 2, 16, 32, 4, 0, 16, 0, 0, 0, 8, 2, 0, 0]",left,1024
564,9350,"[4, 128, 1024, 2, 32, 32, 4, 0, 8, 2, 0, 0, 0, 2, 0, 0]",up,1024
565,9352,"[0, 0, 0, 0, 4, 128, 2, 0, 32, 32, 1024, 0, 8, 4, 4, 2]",down,1024
566,9424,"[0, 0, 0, 0, 4, 128, 2, 0, 64, 1024, 0, 4, 8, 8, 2, 0]",left,1024
567,9428,"[4, 128, 4, 4, 64, 1024, 0, 0, 8, 8, 0, 0, 2, 0, 0, 0]",up,1024
568,9452,"[4, 128, 8, 0, 64, 1024, 0, 0, 16, 0, 2, 0, 2, 0, 0, 0]",left,1024
569,9452,"[0, 4, 128, 8, 0, 0, 64, 1024, 0, 0, 16, 2, 0, 0, 4, 2]",right,1024
570,9454,"[0, 0, 128, 2, 0, 0, 64, 8, 0, 0, 16, 1024, 0, 4, 4, 4]",down,1024
571,9454,"[0, 4, 128, 2, 0, 0, 64, 8, 0, 0, 16, 1024, 0, 2, 4, 4]",up,1024
572,9454,"[0, 4, 128, 2, 0, 2, 64, 8, 2, 0, 16, 1024, 0, 0, 4, 4]",up,1024
573,9454,"[0, 0, 128, 2, 0, 4, 64, 8, 0, 4, 16, 1024, 2, 2, 4, 4]",down,1024
574,9458,"[2, 0, 128, 2, 0, 0, 64, 8, 0, 8, 16, 1024, 2, 2, 4, 4]",down,1024
575,9462,"[4, 8, 128, 2, 0, 2, 64, 8, 0, 0, 16, 1024, 2, 0, 4, 4]",up,1024
576,9462,"[4, 8, 128, 2, 2, 2, 64, 8, 0, 0, 16, 1024, 2, 0, 4, 4]",up,1024
577,9474,"[4, 8, 128, 2, 4, 64, 8, 2, 16, 1024, 0, 0, 2, 8, 0, 0]",left,1024
578,9486,"[8, 8, 128, 4, 16, 64, 8, 2, 2, 1024, 0, 0, 0, 8, 0, 0]",up,1024
579,9502,"[16, 128, 4, 0, 16, 64, 8, 2, 2, 1024, 0, 2, 8, 0, 0, 0]",left,1024
580,9538,"[32, 128, 4, 4, 2, 64, 8, 0, 8, 1024, 0, 2, 0, 0, 0, 0]",up,1024
581,9546,"[32, 128, 8, 0, 2, 64, 8, 0, 8, 1024, 2, 0, 0, 0, 2, 0]",left,1024
582,9566,"[32, 128, 16, 0, 2, 64, 4, 0, 8, 1024, 0, 0, 0, 2, 0, 0]",up,1024
583,9566,"[0, 128, 0, 0, 32, 64, 2, 0, 2, 1024, 16, 0, 8, 2, 4, 0]",down,1024
584,9566,"[32, 128, 2, 0, 2, 64, 16, 0, 8, 1024, 4, 0, 2, 2, 0, 0]",up,1024
585,9570,"[0, 32, 128, 2, 2, 2, 64, 16, 0, 8, 1024, 4, 0, 0, 0, 4]",right,1024
586,9574,"[0, 32, 128, 2, 2, 4, 64, 16, 0, 8, 1024, 4, 0, 0, 0, 4]",right,1024
587,9582,"[2, 32, 128, 2, 0, 4, 64, 16, 2, 8, 1024, 8, 0, 0, 0, 0]",up,1024
588,9586,"[4, 32, 128, 2, 0, 4, 64, 16, 0, 8, 1024, 8, 2, 0, 0, 0]",up,1024
589,9586,"[4, 32, 128, 2, 4, 64, 16, 0, 8, 1024, 8, 0, 2, 0, 0, 2]",left,1024
590,9598,"[8, 32, 128, 4, 8, 64, 16, 0, 2, 1024, 8, 0, 0, 2, 0, 0]",up,1024
591,9606,"[0, 32, 0, 0, 0, 64, 128, 2, 16, 1024, 16, 0, 2, 2, 8, 4]",down,1024
592,9606,"[0, 32, 0, 0, 2, 64, 128, 0, 16, 1024, 16, 2, 2, 2, 8, 4]",down,1024
593,9610,"[32, 0, 0, 0, 2, 64, 128, 2, 16, 1024, 16, 2, 4, 8, 4, 0]",left,1024
594,9612,"[32, 0, 0, 0, 2, 64, 128, 2, 16, 1024, 16, 0, 4, 8, 4, 4]",down,1024
595,9620,"[32, 0, 0, 0, 2, 64, 128, 2, 16, 1024, 16, 2, 4, 8, 8, 0]",left,1024
596,9624,"[32, 64, 128, 4, 2, 1024, 16, 0, 16, 8, 8, 0, 4, 0, 2, 0]",up,1024
597,9640,"[32, 64, 128, 4, 2, 1024, 16, 2, 16, 16, 0, 0, 4, 2, 0, 0]",left,1024
598,9640,"[32, 64, 0, 2, 2, 1024, 0, 0, 16, 16, 128, 4, 4, 2, 16, 2]",down,1024
599,9672,"[0, 32, 64, 2, 2, 0, 2, 1024, 0, 32, 128, 4, 4, 2, 16, 2]",right,1024
600,9736,"[2, 64, 64, 2, 4, 2, 2, 1024, 2, 0, 128, 4, 0, 0, 16, 2]",up,1024
601,9868,"[2, 128, 2, 0, 4, 4, 1024, 2, 2, 128, 4, 0, 16, 2, 0, 0]",left,1024
602,9876,"[2, 128, 2, 2, 8, 1024, 2, 0, 2, 128, 4, 0, 16, 2, 0, 0]",left,1024
603,9880,"[2, 128, 4, 2, 8, 1024, 4, 0, 2, 128, 2, 0, 16, 2, 0, 0]",up,1024
604,9884,"[2, 128, 2, 0, 8, 1024, 0, 0, 2, 128, 8, 0, 16, 2, 2, 2]",down,1024
605,9888,"[0, 2, 128, 2, 0, 0, 8, 1024, 0, 2, 128, 8, 2, 16, 2, 4]",right,1024
606,9892,"[2, 4, 128, 2, 0, 16, 8, 1024, 0, 0, 128, 8, 0, 2, 2, 4]",up,1024
607,9896,"[2, 4, 128, 2, 16, 8, 1024, 0, 128, 8, 0, 0, 4, 4, 0, 2]",left,1024
608,9916,"[2, 4, 128, 4, 16, 16, 1024, 0, 128, 4, 0, 2, 4, 0, 0, 0]",up,1024
609,9916,"[2, 4, 128, 4, 16, 16, 1024, 2, 128, 4, 2, 0, 4, 0, 0, 0]",up,1024
610,9948,"[2, 4, 128, 4, 0, 32, 1024, 2, 0, 128, 4, 2, 0, 2, 0, 4]",right,1024
611,9950,"[0, 4, 0, 2, 0, 32, 128, 4, 0, 128, 1024, 4, 2, 2, 4, 4]",down,1024
612,9962,"[0, 2, 4, 2, 0, 32, 128, 4, 0, 128, 1024, 4, 0, 0, 4, 8]",right,1024
613,9970,"[0, 2, 4, 2, 0, 32, 128, 8, 0, 128, 1024, 8, 0, 0, 4, 2]",up,1024
614,9986,"[0, 2, 4, 2, 2, 32, 128, 16, 0, 128, 1024, 2, 0, 0, 4, 0]",up,1024
615,9986,"[2, 2, 4, 2, 0, 32, 128, 16, 0, 128, 1024, 2, 0, 2, 4, 0]",up,1024
616,9990,"[4, 4, 2, 0, 32, 128, 16, 0, 128, 1024, 2, 0, 2, 4, 2, 0]",left,1024
617,9992,"[4, 4, 0, 0, 32, 128, 2, 0, 128, 1024, 16, 0, 2, 4, 4, 2]",down,1024
618,10008,"[8, 0, 0, 0, 32, 128, 2, 2, 128, 1024, 16, 0, 2, 8, 2, 0]",left,1024
619,10008,"[8, 128, 2, 2, 32, 1024, 16, 0, 128, 8, 2, 0, 2, 0, 0, 2]",up,1024
620,10016,"[8, 128, 4, 2, 32, 1024, 16, 0, 128, 8, 2, 0, 4, 0, 0, 0]",left,1024
621,10016,"[8, 0, 0, 0, 32, 128, 4, 4, 128, 1024, 16, 0, 4, 8, 2, 2]",down,1024
622,10028,"[0, 0, 0, 8, 0, 32, 128, 8, 0, 128, 1024, 16, 2, 4, 8, 4]",right,1024
623,10044,"[2, 32, 128, 16, 0, 128, 1024, 16, 2, 4, 8, 4, 0, 0, 0, 0]",up,1024
624,10062,"[0, 0, 2, 0, 0, 32, 128, 0, 0, 128, 1024, 32, 4, 4, 8, 4]",down,1024
625,10062,"[4, 32, 2, 32, 0, 128, 128, 4, 0, 4, 1024, 0, 0, 0, 8, 2]",up,1024
626,10062,"[4, 32, 2, 32, 0, 128, 128, 4, 0, 4, 1024, 2, 2, 0, 8, 0]",up,1024
627,10318,"[4, 32, 2, 32, 256, 4, 0, 0, 4, 1024, 2, 0, 2, 8, 0, 2]",left,1024
628,10322,"[4, 32, 4, 32, 256, 4, 0, 2, 4, 1024, 0, 0, 2, 8, 0, 2]",up,1024
629,10326,"[4, 32, 4, 32, 256, 4, 0, 4, 4, 1024, 0, 0, 2, 8, 2, 0]",up,1024
630,10334,"[4, 32, 4, 32, 256, 8, 2, 0, 4, 1024, 0, 0, 2, 8, 2, 0]",left,1024
631,10338,"[4, 32, 4, 32, 256, 8, 4, 0, 4, 1024, 0, 2, 2, 8, 0, 0]",up,1024
632,10342,"[4, 32, 0, 0, 256, 8, 0, 0, 4, 1024, 2, 32, 2, 8, 8, 2]",down,1024
633,10358,"[4, 32, 0, 0, 256, 8, 2, 0, 4, 1024, 2, 32, 2, 16, 2, 0]",left,1024
634,10362,"[4, 32, 4, 32, 256, 8, 2, 0, 4, 1024, 2, 0, 2, 16, 0, 0]",up,1024
635,10366,"[4, 32, 4, 32, 256, 8, 4, 0, 4, 1024, 0, 2, 2, 16, 0, 0]",up,1024
636,10374,"[4, 32, 8, 32, 256, 8, 0, 2, 4, 1024, 2, 0, 2, 16, 0, 0]",up,1024
637,10374,"[4, 32, 8, 32, 0, 256, 8, 2, 2, 4, 1024, 2, 0, 0, 2, 16]",right,1024
638,10394,"[4, 32, 16, 32, 2, 256, 1024, 4, 0, 4, 2, 16, 0, 2, 0, 0]",up,1024
639,10394,"[0, 32, 0, 0, 2, 256, 16, 32, 4, 4, 1024, 4, 2, 2, 2, 16]",down,1024
640,10406,"[0, 0, 0, 32, 2, 256, 16, 32, 0, 8, 1024, 4, 2, 2, 4, 16]",right,1024
641,10474,"[4, 256, 16, 64, 0, 8, 1024, 4, 0, 2, 4, 16, 0, 0, 4, 0]",up,1024
642,10482,"[4, 256, 16, 64, 0, 8, 1024, 4, 0, 2, 8, 16, 0, 0, 2, 0]",up,1024
643,10482,"[0, 0, 16, 0, 2, 256, 1024, 64, 0, 8, 8, 4, 4, 2, 2, 16]",down,1024
644,10502,"[16, 0, 0, 2, 2, 256, 1024, 64, 16, 4, 0, 0, 4, 4, 16, 0]",left,1024
645,10510,"[16, 256, 1024, 2, 2, 8, 16, 64, 16, 0, 0, 0, 4, 0, 0, 2]",up,1024
646,10510,"[16, 0, 0, 2, 2, 0, 0, 2, 16, 256, 1024, 64, 4, 8, 16, 2]",down,1024
647,10514,"[16, 256, 1024, 4, 2, 8, 16, 64, 16, 0, 2, 2, 4, 0, 0, 0]",up,1024
648,10518,"[16, 256, 1024, 4, 2, 8, 16, 64, 0, 0, 16, 4, 4, 0, 0, 4]",right,1024
649,10558,"[16, 256, 1024, 4, 2, 8, 32, 64, 4, 0, 0, 8, 0, 2, 0, 0]",up,1024
650,10558,"[16, 256, 1024, 4, 2, 8, 32, 64, 4, 8, 0, 0, 2, 2, 0, 0]",left,1024
651,10562,"[16, 256, 1024, 4, 2, 8, 32, 64, 4, 8, 0, 0, 4, 0, 0, 2]",left,1024
652,10586,"[16, 256, 1024, 4, 2, 16, 32, 64, 8, 0, 0, 2, 0, 0, 0, 4]",up,1024
653,10586,"[0, 0, 0, 4, 16, 2, 0, 64, 2, 256, 1024, 2, 8, 16, 32, 4]",down,1024
654,10586,"[16, 2, 1024, 4, 2, 256, 32, 64, 8, 16, 0, 2, 2, 0, 0, 4]",up,1024
655,10586,"[16, 0, 0, 4, 2, 2, 2, 64, 8, 256, 1024, 2, 2, 16, 32, 4]",down,1024
656,10586,"[16, 2, 2, 4, 2, 256, 1024, 64, 8, 16, 32, 2, 2, 2, 0, 4]",up,1024
657,10594,"[16, 4, 4, 0, 2, 256, 1024, 64, 8, 16, 32, 2, 4, 4, 4, 0]",left,1024
658,10610,"[16, 8, 0, 0, 2, 256, 1024, 64, 8, 16, 32, 2, 8, 4, 0, 2]",left,1024
659,10630,"[16, 8, 1024, 64, 2, 256, 32, 4, 16, 16, 0, 0, 2, 4, 0, 0]",up,1024
660,10630,"[16, 8, 0, 2, 2, 256, 0, 0, 16, 16, 1024, 64, 2, 4, 32, 4]",down,1024
661,10630,"[16, 8, 1024, 2, 2, 256, 32, 64, 16, 16, 0, 4, 2, 4, 0, 2]",up,1024
662,10662,"[16, 8, 1024, 2, 2, 256, 32, 64, 2, 0, 32, 4, 0, 2, 4, 2]",right,1024
663,10730,"[16, 8, 1024, 2, 4, 256, 64, 64, 4, 2, 4, 4, 0, 0, 0, 2]",up,1024
664,10738,"[16, 8, 1024, 2, 8, 256, 64, 64, 0, 2, 4, 4, 2, 0, 0, 2]",up,1024
665,10878,"[16, 8, 1024, 2, 0, 8, 256, 128, 4, 0, 2, 8, 0, 0, 0, 4]",right,1024
666,10894,"[16, 16, 1024, 2, 4, 0, 256, 128, 2, 0, 2, 8, 0, 0, 0, 4]",up,1024
667,10930,"[32, 1024, 2, 0, 4, 256, 128, 0, 4, 8, 0, 0, 4, 2, 0, 0]",left,1024
668,10934,"[0, 1024, 0, 0, 32, 256, 2, 0, 4, 8, 2, 0, 8, 2, 128, 0]",down,1024
669,10938,"[32, 1024, 4, 2, 4, 256, 128, 0, 8, 8, 0, 0, 0, 2, 0, 0]",up,1024
670,10954,"[32, 1024, 4, 2, 4, 256, 128, 0, 16, 0, 0, 0, 2, 0, 0, 2]",left,1024
671,10958,"[32, 1024, 4, 4, 4, 256, 128, 0, 16, 0, 0, 0, 2, 0, 0, 4]",up,1024
672,10966,"[32, 1024, 4, 8, 4, 256, 128, 0, 16, 2, 0, 0, 2, 0, 0, 0]",up,1024
673,10966,"[32, 0, 0, 0, 4, 1024, 0, 0, 16, 256, 4, 2, 2, 2, 128, 8]",down,1024
674,10970,"[0, 0, 2, 32, 0, 0, 4, 1024, 16, 256, 4, 2, 0, 4, 128, 8]",right,1024
675,10978,"[16, 256, 2, 32, 0, 4, 8, 1024, 0, 4, 128, 2, 0, 0, 0, 8]",up,1024
676,10986,"[16, 256, 2, 32, 0, 8, 8, 1024, 0, 0, 128, 2, 0, 0, 2, 8]",up,1024
677,11002,"[16, 256, 2, 32, 16, 1024, 0, 0, 128, 2, 0, 2, 2, 8, 0, 0]",left,1024
678,11034,"[32, 256, 2, 32, 128, 1024, 2, 2, 2, 2, 0, 0, 0, 8, 0, 0]",up,1024
679,11042,"[32, 256, 2, 32, 0, 128, 1024, 4, 0, 2, 0, 4, 0, 0, 0, 8]",right,1024
680,11050,"[32, 256, 2, 32, 2, 128, 1024, 8, 0, 2, 0, 8, 0, 0, 0, 0]",up,1024
681,11058,"[0, 0, 0, 0, 0, 256, 0, 2, 32, 128, 2, 32, 2, 2, 1024, 16]",down,1024
682,11058,"[32, 256, 2, 2, 2, 128, 1024, 32, 0, 2, 0, 16, 0, 0, 0, 4]",up,1024
683,11062,"[32, 256, 4, 2, 2, 128, 1024, 32, 2, 16, 0, 0, 4, 0, 0, 0]",left,1024
684,11066,"[32, 256, 4, 2, 4, 128, 1024, 32, 4, 16, 2, 0, 0, 0, 0, 0]",up,1024
685,11074,"[32, 256, 4, 2, 8, 128, 1024, 32, 0, 16, 2, 0, 0, 0, 0, 2]",up,1024
686,11074,"[32, 256, 4, 2, 8, 128, 1024, 32, 0, 16, 2, 2, 0, 2, 0, 0]",up,1024
687,11074,"[0, 256, 2, 0, 0, 128, 4, 2, 32, 16, 1024, 32, 8, 2, 2, 2]",down,1024
688,11074,"[32, 256, 2, 2, 8, 128, 4, 32, 0, 16, 1024, 2, 0, 2, 2, 2]",up,1024
689,11082,"[32, 256, 4, 0, 8, 128, 4, 32, 16, 1024, 2, 0, 4, 2, 2, 0]",left,1024
690,11094,"[32, 256, 8, 32, 8, 128, 4, 2, 16, 1024, 0, 0, 4, 2, 0, 0]",up,1024
691,11094,"[32, 256, 0, 0, 8, 128, 0, 2, 16, 1024, 8, 32, 4, 2, 4, 2]",down,1024
692,11094,"[32, 256, 8, 2, 8, 128, 4, 32, 16, 1024, 0, 2, 4, 2, 0, 2]",up,1024
693,11096,"[32, 256, 2, 0, 8, 128, 0, 2, 16, 1024, 8, 32, 4, 2, 4, 4]",down,1024
694,11104,"[32, 256, 2, 0, 8, 128, 2, 2, 16, 1024, 8, 32, 4, 2, 8, 0]",left,1024
695,11124,"[32, 256, 4, 2, 8, 128, 16, 32, 16, 1024, 0, 0, 4, 2, 2, 0]",up,1024
696,11128,"[32, 256, 4, 2, 8, 128, 16, 32, 0, 0, 16, 1024, 2, 0, 4, 4]",right,1024
697,11160,"[32, 256, 4, 2, 8, 128, 32, 32, 2, 0, 4, 1024, 0, 2, 0, 4]",up,1024
698,11224,"[32, 256, 4, 2, 8, 128, 64, 4, 2, 4, 1024, 0, 2, 4, 0, 0]",left,1024
699,11236,"[32, 256, 4, 2, 8, 128, 64, 4, 4, 8, 1024, 0, 0, 0, 0, 2]",up,1024
700,11236,"[32, 256, 4, 2, 8, 128, 64, 4, 4, 8, 1024, 2, 0, 0, 0, 4]",up,1024
701,11236,"[0, 2, 0, 2, 32, 256, 4, 4, 8, 128, 64, 2, 4, 8, 1024, 4]",down,1024
702,11248,"[4, 0, 0, 0, 32, 256, 8, 2, 8, 128, 64, 2, 4, 8, 1024, 4]",left,1024
703,11252,"[4, 256, 8, 4, 32, 128, 64, 4, 8, 8, 1024, 0, 4, 2, 0, 0]",up,1024
704,11260,"[4, 256, 8, 8, 32, 128, 64, 0, 8, 8, 1024, 2, 4, 2, 0, 0]",up,1024
705,11292,"[0, 4, 256, 16, 0, 32, 128, 64, 0, 16, 1024, 2, 0, 2, 4, 2]",right,1024
706,11294,"[2, 4, 256, 0, 0, 32, 128, 16, 0, 16, 1024, 64, 0, 2, 4, 4]",down,1024
707,11294,"[0, 4, 256, 2, 0, 32, 128, 16, 0, 16, 1024, 64, 2, 2, 4, 4]",down,1024
708,11306,"[4, 256, 2, 0, 32, 128, 16, 0, 16, 1024, 64, 0, 4, 8, 2, 0]",left,1024
709,11306,"[2, 4, 256, 2, 0, 32, 128, 16, 0, 16, 1024, 64, 0, 4, 8, 2]",right,1024
710,11306,"[0, 4, 256, 2, 0, 32, 128, 16, 2, 16, 1024, 64, 2, 4, 8, 2]",down,1024
711,11310,"[4, 4, 256, 2, 0, 32, 128, 16, 0, 16, 1024, 64, 2, 4, 8, 2]",up,1024
712,11310,"[4, 4, 256, 2, 2, 32, 128, 16, 0, 16, 1024, 64, 2, 4, 8, 2]",up,1024
713,11314,"[4, 4, 256, 2, 4, 32, 128, 16, 0, 16, 1024, 64, 2, 4, 8, 2]",up,1024
714,11322,"[8, 4, 256, 2, 2, 32, 128, 16, 0, 16, 1024, 64, 2, 4, 8, 2]",up,1024
715,11324,"[0, 4, 256, 2, 2, 32, 128, 16, 8, 16, 1024, 64, 4, 4, 8, 2]",down,1024
716,11332,"[4, 256, 2, 4, 2, 32, 128, 16, 8, 16, 1024, 64, 8, 8, 2, 0]",left,1024
717,11348,"[4, 256, 2, 4, 2, 32, 128, 16, 16, 16, 1024, 64, 0, 8, 2, 2]",up,1024
718,11384,"[4, 256, 2, 4, 2, 32, 128, 16, 0, 32, 1024, 64, 0, 2, 8, 4]",right,1024
719,11416,"[2, 0, 2, 4, 0, 256, 128, 16, 4, 64, 1024, 64, 2, 2, 8, 4]",down,1024
720,11424,"[4, 4, 0, 2, 256, 128, 16, 0, 4, 64, 1024, 64, 4, 8, 4, 0]",left,1024
721,11428,"[0, 4, 0, 0, 4, 128, 16, 2, 256, 64, 1024, 2, 8, 8, 4, 64]",down,1024
722,11444,"[4, 0, 0, 2, 4, 128, 16, 2, 256, 64, 1024, 2, 16, 4, 64, 0]",left,1024
723,11456,"[8, 128, 16, 4, 256, 64, 1024, 2, 16, 4, 64, 0, 2, 0, 0, 0]",up,1024
724,11456,"[8, 0, 0, 0, 256, 128, 16, 2, 16, 64, 1024, 4, 2, 4, 64, 2]",down,1024
725,11456,"[8, 128, 16, 2, 256, 64, 1024, 4, 16, 4, 64, 2, 2, 0, 2, 0]",up,1024
726,11456,"[8, 2, 16, 0, 256, 128, 1024, 2, 16, 64, 64, 4, 2, 4, 2, 2]",down,1024
727,11588,"[8, 2, 16, 0, 256, 128, 1024, 2, 16, 128, 4, 4, 2, 4, 4, 0]",left,1024
728,11852,"[8, 2, 16, 2, 256, 256, 1024, 4, 16, 4, 8, 2, 2, 0, 0, 0]",up,1024
729,12364,"[8, 2, 16, 2, 512, 1024, 4, 2, 16, 4, 8, 2, 2, 0, 0, 0]",left,1024
730,12366,"[8, 0, 0, 0, 512, 2, 16, 2, 16, 1024, 4, 2, 2, 4, 8, 4]",down,1024
731,12368,"[8, 2, 0, 0, 512, 2, 16, 0, 16, 1024, 4, 4, 2, 4, 8, 4]",down,1024
732,12374,"[8, 2, 0, 0, 512, 4, 16, 0, 16, 1024, 4, 0, 2, 4, 8, 8]",down,1024
733,12390,"[8, 2, 0, 0, 512, 4, 16, 0, 16, 1024, 4, 0, 2, 4, 16, 2]",left,1024
734,12390,"[8, 2, 16, 2, 512, 4, 4, 0, 16, 1024, 16, 0, 2, 4, 2, 0]",up,1024
735,12398,"[8, 2, 16, 2, 512, 8, 0, 0, 16, 1024, 16, 0, 2, 4, 2, 2]",left,1024
736,12434,"[8, 2, 32, 4, 512, 8, 2, 0, 16, 1024, 0, 0, 2, 4, 0, 2]",up,1024
737,12434,"[8, 2, 32, 4, 512, 8, 2, 2, 16, 1024, 2, 0, 2, 4, 0, 0]",up,1024
738,12436,"[8, 2, 0, 0, 512, 8, 0, 2, 16, 1024, 32, 4, 2, 4, 4, 2]",down,1024
739,12444,"[2, 0, 8, 2, 0, 512, 8, 2, 16, 1024, 32, 4, 0, 2, 8, 2]",right,1024
740,12464,"[2, 512, 16, 4, 16, 1024, 32, 4, 4, 2, 8, 2, 0, 0, 0, 0]",up,1024
741,12472,"[2, 512, 16, 8, 16, 1024, 32, 2, 4, 2, 8, 0, 2, 0, 0, 0]",up,1024
742,12472,"[2, 0, 0, 2, 16, 512, 16, 0, 4, 1024, 32, 8, 2, 2, 8, 2]",down,1024
743,12480,"[4, 0, 0, 4, 16, 512, 16, 0, 4, 1024, 32, 8, 4, 8, 2, 0]",left,1024
744,12488,"[4, 512, 16, 4, 16, 1024, 32, 8, 8, 8, 2, 0, 0, 2, 0, 0]",up,1024
745,12504,"[4, 512, 16, 4, 16, 1024, 32, 8, 16, 2, 0, 4, 2, 0, 0, 0]",left,1024
746,12536,"[4, 512, 16, 4, 32, 1024, 32, 8, 2, 2, 0, 4, 2, 0, 0, 0]",up,1024
747,12540,"[4, 512, 16, 4, 32, 1024, 32, 8, 4, 4, 0, 0, 2, 0, 0, 2]",left,1024
748,12552,"[4, 512, 16, 4, 32, 1024, 32, 8, 0, 2, 0, 8, 0, 0, 0, 4]",right,1024
749,12560,"[2, 0, 0, 0, 0, 512, 0, 4, 4, 1024, 16, 16, 32, 2, 32, 4]",down,1024
750,12592,"[2, 0, 0, 0, 512, 4, 2, 0, 4, 1024, 32, 0, 32, 2, 32, 4]",left,1024
751,12656,"[2, 4, 2, 4, 512, 1024, 64, 0, 4, 2, 0, 2, 32, 0, 0, 0]",up,1024
752,12660,"[2, 4, 2, 4, 512, 1024, 64, 0, 4, 4, 0, 0, 32, 0, 2, 0]",left,1024
753,12660,"[2, 4, 2, 4, 512, 1024, 64, 0, 4, 4, 2, 0, 32, 0, 2, 0]",up,1024
754,12664,"[2, 4, 2, 4, 512, 1024, 64, 0, 4, 4, 4, 0, 32, 2, 0, 0]",up,1024
755,12664,"[2, 4, 0, 0, 512, 1024, 2, 2, 4, 4, 64, 0, 32, 2, 4, 4]",down,1024
756,12684,"[0, 0, 2, 4, 0, 512, 1024, 4, 0, 0, 8, 64, 2, 32, 2, 8]",right,1024
757,12692,"[2, 512, 2, 8, 0, 32, 1024, 64, 0, 0, 8, 8, 0, 0, 2, 4]",up,1024
758,12692,"[0, 0, 2, 8, 0, 0, 1024, 64, 2, 512, 8, 8, 2, 32, 2, 4]",down,1024
759,12696,"[4, 512, 2, 8, 2, 32, 1024, 64, 0, 0, 8, 8, 0, 0, 2, 4]",up,1024
760,12696,"[2, 0, 2, 8, 0, 0, 1024, 64, 4, 512, 8, 8, 2, 32, 2, 4]",down,1024
761,12716,"[4, 8, 0, 2, 1024, 64, 0, 0, 4, 512, 16, 0, 2, 32, 2, 4]",left,1024
762,12716,"[0, 4, 8, 2, 0, 0, 1024, 64, 2, 4, 512, 16, 2, 32, 2, 4]",right,1024
763,12728,"[4, 8, 8, 2, 4, 32, 1024, 64, 0, 0, 512, 16, 0, 0, 2, 4]",up,1024
764,12736,"[8, 8, 8, 2, 2, 32, 1024, 64, 0, 0, 512, 16, 0, 0, 2, 4]",up,1024
765,12736,"[0, 2, 8, 2, 0, 0, 1024, 64, 8, 8, 512, 16, 2, 32, 2, 4]",down,1024
766,12736,"[0, 0, 8, 2, 2, 2, 1024, 64, 8, 8, 512, 16, 2, 32, 2, 4]",down,1024
767,12736,"[2, 2, 8, 2, 8, 8, 1024, 64, 2, 32, 512, 16, 0, 2, 2, 4]",up,1024
768,12760,"[4, 8, 2, 2, 16, 1024, 64, 0, 2, 32, 512, 16, 4, 4, 0, 0]",left,1024
769,12760,"[4, 8, 2, 2, 16, 1024, 64, 16, 2, 32, 512, 0, 4, 4, 2, 0]",up,1024
770,12772,"[4, 8, 4, 0, 16, 1024, 64, 16, 2, 32, 512, 2, 8, 2, 0, 0]",left,1024
771,12772,"[0, 4, 8, 4, 16, 1024, 64, 16, 2, 32, 512, 2, 0, 2, 8, 2]",right,1024
772,12774,"[0, 4, 8, 2, 0, 1024, 64, 4, 16, 32, 512, 16, 2, 2, 8, 4]",down,1024
773,12778,"[4, 8, 2, 0, 1024, 64, 4, 0, 16, 32, 512, 16, 4, 8, 4, 2]",left,1024
774,12778,"[4, 8, 2, 16, 1024, 64, 4, 2, 16, 32, 512, 0, 4, 8, 4, 2]",up,1024
775,12782,"[4, 8, 2, 16, 1024, 64, 4, 4, 16, 32, 512, 0, 4, 8, 4, 2]",up,1024
776,12790,"[4, 8, 2, 16, 4, 1024, 64, 8, 0, 16, 32, 512, 4, 8, 4, 2]",right,1024
777,12798,"[8, 8, 2, 16, 4, 1024, 64, 8, 0, 16, 32, 512, 2, 8, 4, 2]",up,1024
778,12798,"[8, 8, 2, 16, 4, 1024, 64, 8, 2, 16, 32, 512, 2, 8, 4, 2]",up,1024
779,12802,"[8, 8, 2, 16, 4, 1024, 64, 8, 4, 16, 32, 512, 2, 8, 4, 2]",up,1024
780,12810,"[8, 8, 2, 16, 8, 1024, 64, 8, 2, 16, 32, 512, 2, 8, 4, 2]",up,1024
781,12820,"[2, 8, 2, 16, 0, 1024, 64, 8, 16, 16, 32, 512, 4, 8, 4, 2]",down,1024
782,12852,"[2, 8, 2, 16, 1024, 64, 8, 2, 32, 32, 512, 0, 4, 8, 4, 2]",left,1024
783,12854,"[2, 8, 2, 0, 1024, 64, 8, 2, 32, 32, 512, 16, 4, 8, 4, 4]",down,1024
784,12926,"[0, 2, 8, 2, 1024, 64, 8, 2, 2, 64, 512, 16, 0, 4, 8, 8]",right,1024
785,12942,"[2, 2, 8, 2, 1024, 64, 8, 2, 2, 64, 512, 16, 0, 0, 4, 16]",right,1024
786,13122,"[2, 2, 16, 4, 1024, 128, 512, 32, 2, 2, 4, 0, 0, 0, 0, 0]",up,1024
787,13130,"[4, 16, 4, 2, 1024, 128, 512, 32, 4, 4, 0, 0, 0, 0, 0, 0]",left,1024
788,13130,"[0, 0, 0, 2, 4, 16, 0, 0, 1024, 128, 4, 2, 4, 4, 512, 32]",down,1024
789,13134,"[4, 16, 4, 4, 1024, 128, 512, 32, 4, 4, 0, 0, 0, 0, 2, 0]",up,1024
790,13134,"[4, 16, 4, 4, 1024, 128, 512, 32, 4, 4, 2, 2, 0, 0, 0, 0]",up,1024
791,13134,"[0, 2, 0, 0, 4, 16, 4, 4, 1024, 128, 512, 32, 4, 4, 2, 2]",down,1024
792,13154,"[2, 0, 2, 0, 4, 16, 8, 0, 1024, 128, 512, 32, 8, 4, 0, 0]",left,1024
793,13158,"[4, 0, 0, 2, 4, 16, 8, 0, 1024, 128, 512, 32, 8, 4, 0, 0]",left,1024
794,13166,"[8, 16, 8, 2, 1024, 128, 512, 32, 8, 4, 2, 0, 0, 0, 0, 0]",up,1024
795,13166,"[0, 0, 0, 0, 8, 16, 8, 2, 1024, 128, 512, 2, 8, 4, 2, 32]",down,1024
796,13170,"[8, 16, 8, 4, 1024, 128, 512, 32, 8, 4, 2, 0, 2, 0, 0, 0]",up,1024
797,13170,"[8, 16, 8, 4, 1024, 128, 512, 32, 2, 8, 4, 2, 0, 0, 0, 2]",right,1024
798,13174,"[8, 16, 8, 4, 1024, 128, 512, 32, 2, 8, 4, 4, 0, 2, 0, 0]",up,1024
799,13182,"[8, 16, 8, 4, 1024, 128, 512, 32, 2, 8, 8, 0, 2, 2, 0, 0]",left,1024
800,13186,"[8, 16, 8, 4, 1024, 128, 512, 32, 4, 8, 8, 0, 2, 2, 0, 0]",up,1024
801,13206,"[8, 16, 8, 4, 1024, 128, 512, 32, 4, 16, 0, 0, 4, 0, 0, 2]",left,1024
802,13214,"[8, 16, 8, 4, 1024, 128, 512, 32, 8, 16, 2, 2, 0, 0, 0, 0]",up,1024
803,13214,"[0, 0, 0, 2, 8, 16, 8, 4, 1024, 128, 512, 32, 8, 16, 2, 2]",down,1024
804,13218,"[2, 4, 0, 0, 8, 16, 8, 4, 1024, 128, 512, 32, 8, 16, 4, 0]",left,1024
805,13218,"[0, 0, 2, 4, 8, 16, 8, 4, 1024, 128, 512, 32, 2, 8, 16, 4]",right,1024
806,13222,"[0, 2, 2, 0, 8, 16, 8, 8, 1024, 128, 512, 32, 2, 8, 16, 4]",down,1024
807,13242,"[4, 2, 0, 0, 8, 16, 16, 0, 1024, 128, 512, 32, 2, 8, 16, 4]",left,1024
808,13274,"[2, 0, 4, 2, 0, 0, 8, 32, 1024, 128, 512, 32, 2, 8, 16, 4]",right,1024
809,13338,"[2, 128, 4, 2, 1024, 8, 8, 64, 2, 0, 512, 4, 2, 0, 16, 0]",up,1024
810,13342,"[2, 128, 4, 2, 1024, 8, 8, 64, 4, 2, 512, 4, 0, 0, 16, 0]",up,1024
811,13358,"[2, 128, 4, 2, 1024, 16, 64, 0, 4, 2, 512, 4, 16, 0, 0, 2]",left,1024
812,13358,"[2, 128, 4, 2, 1024, 16, 64, 0, 4, 2, 512, 4, 16, 2, 0, 2]",left,1024
813,13362,"[2, 128, 4, 2, 1024, 16, 64, 4, 4, 4, 512, 2, 16, 4, 0, 0]",up,1024
814,13370,"[2, 128, 4, 2, 1024, 16, 64, 4, 4, 8, 512, 2, 16, 2, 0, 0]",up,1024
815,13370,"[2, 128, 4, 2, 1024, 16, 64, 4, 4, 8, 512, 2, 0, 2, 16, 2]",right,1024
816,13374,"[2, 128, 4, 2, 1024, 16, 64, 4, 4, 8, 512, 4, 0, 2, 16, 2]",up,1024
817,13382,"[2, 128, 4, 2, 1024, 16, 64, 8, 4, 8, 512, 2, 0, 2, 16, 2]",up,1024
818,13386,"[2, 128, 4, 2, 1024, 16, 64, 8, 4, 8, 512, 4, 2, 2, 16, 0]",up,1024
819,13390,"[2, 128, 4, 2, 1024, 16, 64, 8, 4, 8, 512, 4, 4, 16, 0, 2]",left,1024
820,13398,"[2, 128, 4, 2, 1024, 16, 64, 8, 8, 8, 512, 4, 0, 16, 2, 2]",up,1024
821,13418,"[2, 128, 4, 2, 1024, 16, 64, 8, 0, 16, 512, 4, 2, 0, 16, 4]",right,1024
822,13458,"[2, 128, 4, 2, 1024, 32, 64, 8, 2, 0, 512, 8, 0, 4, 16, 0]",up,1024
823,13466,"[0, 0, 4, 2, 2, 128, 64, 0, 1024, 32, 512, 2, 2, 4, 16, 16]",down,1024
824,13468,"[2, 0, 4, 0, 2, 128, 64, 0, 1024, 32, 512, 4, 2, 4, 16, 16]",down,1024
825,13470,"[0, 0, 4, 2, 4, 128, 64, 0, 1024, 32, 512, 4, 2, 4, 16, 16]",down,1024
826,13502,"[4, 2, 0, 0, 4, 128, 64, 2, 1024, 32, 512, 4, 2, 4, 32, 0]",left,1024
827,13510,"[8, 2, 64, 2, 1024, 128, 512, 4, 2, 32, 32, 0, 0, 4, 2, 0]",up,1024
828,13510,"[0, 2, 64, 2, 8, 128, 512, 0, 1024, 32, 32, 2, 2, 4, 2, 4]",down,1024
829,13512,"[0, 2, 64, 0, 8, 128, 512, 2, 1024, 32, 32, 4, 2, 4, 2, 4]",down,1024
830,13520,"[8, 2, 64, 2, 1024, 128, 512, 8, 2, 32, 32, 2, 0, 4, 2, 0]",up,1024
831,13520,"[2, 2, 64, 0, 8, 128, 512, 2, 1024, 32, 32, 8, 2, 4, 2, 2]",down,1024
832,13592,"[4, 64, 0, 2, 8, 128, 512, 2, 1024, 64, 8, 0, 2, 4, 4, 0]",left,1024
833,13600,"[4, 4, 64, 2, 8, 128, 512, 2, 0, 1024, 64, 8, 0, 0, 2, 8]",right,1024
834,13620,"[4, 4, 64, 4, 8, 128, 512, 16, 0, 1024, 64, 0, 0, 0, 2, 4]",up,1024
835,13628,"[8, 64, 4, 0, 8, 128, 512, 16, 1024, 64, 2, 0, 2, 4, 0, 0]",left,1024
836,13644,"[16, 64, 4, 16, 1024, 128, 512, 0, 2, 64, 2, 0, 0, 4, 2, 0]",up,1024
837,13646,"[0, 64, 0, 0, 16, 128, 4, 0, 1024, 64, 512, 2, 2, 4, 4, 16]",down,1024
838,13654,"[64, 0, 0, 0, 16, 128, 4, 0, 1024, 64, 512, 2, 2, 8, 16, 2]",left,1024
839,13658,"[64, 128, 4, 4, 16, 64, 512, 0, 1024, 8, 16, 0, 2, 0, 2, 0]",up,1024
840,13670,"[64, 128, 8, 2, 16, 64, 512, 0, 1024, 8, 16, 0, 4, 0, 0, 0]",left,1024
841,13670,"[64, 0, 2, 0, 16, 128, 8, 0, 1024, 64, 512, 0, 4, 8, 16, 2]",down,1024
842,13670,"[64, 128, 2, 2, 16, 64, 8, 2, 1024, 8, 512, 0, 4, 0, 16, 0]",up,1024
843,13674,"[0, 64, 128, 4, 16, 64, 8, 2, 0, 1024, 8, 512, 0, 2, 4, 16]",right,1024
844,13818,"[16, 128, 128, 4, 0, 1024, 16, 2, 4, 2, 4, 512, 0, 0, 0, 16]",up,1024
845,13818,"[16, 128, 128, 4, 4, 1024, 16, 2, 0, 2, 4, 512, 2, 0, 0, 16]",up,1024
846,13818,"[16, 128, 128, 4, 4, 1024, 16, 2, 2, 2, 4, 512, 0, 0, 2, 16]",up,1024
847,14078,"[16, 256, 4, 0, 4, 1024, 16, 2, 4, 4, 512, 2, 2, 16, 0, 0]",left,1024
848,14090,"[16, 256, 4, 4, 8, 1024, 16, 0, 2, 4, 512, 2, 0, 16, 0, 0]",up,1024
849,14090,"[16, 256, 4, 4, 8, 1024, 16, 2, 2, 4, 512, 0, 2, 16, 0, 0]",up,1024
850,14094,"[16, 256, 4, 4, 8, 1024, 16, 2, 4, 4, 512, 0, 0, 16, 2, 0]",up,1024
851,14110,"[16, 256, 8, 0, 8, 1024, 16, 2, 8, 512, 2, 0, 16, 2, 0, 0]",left,1024
852,14118,"[0, 256, 2, 0, 16, 1024, 8, 0, 16, 512, 16, 0, 16, 2, 2, 2]",down,1024
853,14150,"[32, 256, 2, 2, 16, 1024, 8, 0, 0, 512, 16, 0, 2, 2, 2, 0]",up,1024
854,14150,"[32, 256, 2, 2, 16, 1024, 8, 0, 2, 512, 16, 0, 2, 2, 2, 0]",up,1024
855,14154,"[32, 256, 2, 2, 16, 1024, 8, 0, 4, 512, 16, 0, 2, 2, 2, 0]",up,1024
856,14162,"[32, 256, 4, 0, 16, 1024, 8, 0, 4, 512, 16, 0, 4, 2, 2, 0]",left,1024
857,14170,"[32, 256, 4, 0, 16, 1024, 8, 0, 8, 512, 16, 4, 0, 2, 2, 0]",up,1024
858,14170,"[32, 256, 4, 4, 16, 1024, 8, 4, 8, 512, 16, 0, 0, 2, 2, 0]",up,1024
859,14182,"[32, 256, 8, 0, 16, 1024, 8, 4, 8, 512, 16, 0, 4, 2, 0, 0]",left,1024
860,14198,"[32, 256, 16, 4, 16, 1024, 16, 0, 8, 512, 0, 4, 4, 2, 0, 0]",up,1024
861,14238,"[32, 256, 32, 8, 16, 1024, 2, 0, 8, 512, 0, 0, 4, 2, 0, 0]",up,1024
862,14238,"[32, 256, 0, 0, 16, 1024, 2, 0, 8, 512, 32, 0, 4, 2, 2, 8]",down,1024
863,14242,"[32, 256, 0, 2, 16, 1024, 2, 0, 8, 512, 32, 0, 4, 4, 8, 0]",left,1024
864,14250,"[32, 256, 2, 2, 16, 1024, 2, 0, 8, 512, 32, 0, 8, 8, 0, 0]",left,1024
865,14270,"[32, 256, 4, 2, 16, 1024, 32, 0, 16, 512, 0, 0, 0, 8, 0, 4]",up,1024
866,14302,"[32, 256, 4, 2, 32, 1024, 32, 4, 0, 512, 2, 0, 0, 8, 0, 0]",up,1024
867,14366,"[64, 256, 4, 2, 0, 1024, 32, 4, 0, 512, 2, 0, 0, 8, 2, 0]",up,1024
868,14368,"[0, 256, 0, 0, 2, 1024, 4, 0, 0, 512, 32, 2, 64, 8, 4, 4]",down,1024
869,14376,"[256, 0, 0, 0, 2, 1024, 4, 0, 512, 32, 2, 0, 64, 8, 8, 2]",left,1024
870,14392,"[256, 0, 0, 0, 2, 1024, 4, 2, 512, 32, 2, 0, 64, 16, 2, 0]",left,1024
871,14396,"[256, 1024, 4, 2, 2, 32, 4, 0, 512, 16, 4, 0, 64, 0, 0, 0]",up,1024
872,14404,"[256, 1024, 8, 2, 2, 32, 4, 0, 512, 16, 0, 2, 64, 0, 0, 0]",up,1024
873,14406,"[256, 0, 0, 0, 2, 1024, 0, 0, 512, 32, 8, 2, 64, 16, 4, 4]",down,1024
874,14414,"[256, 0, 4, 0, 2, 1024, 0, 0, 512, 32, 8, 2, 64, 16, 8, 0]",left,1024
875,14422,"[256, 0, 0, 0, 2, 1024, 2, 0, 512, 32, 4, 0, 64, 16, 16, 2]",down,1024
876,14454,"[256, 0, 0, 0, 2, 1024, 2, 0, 512, 32, 4, 4, 64, 32, 2, 0]",left,1024
877,14486,"[256, 0, 2, 0, 2, 0, 2, 0, 512, 1024, 4, 0, 64, 64, 2, 4]",down,1024
878,14488,"[256, 2, 0, 0, 2, 0, 4, 0, 512, 1024, 4, 0, 64, 64, 2, 4]",down,1024
879,14492,"[256, 0, 0, 0, 2, 2, 0, 0, 512, 1024, 8, 2, 64, 64, 2, 4]",down,1024
880,14624,"[256, 0, 0, 0, 4, 0, 2, 0, 512, 1024, 8, 2, 128, 2, 4, 0]",left,1024
881,14624,"[0, 0, 0, 256, 2, 0, 4, 2, 512, 1024, 8, 2, 0, 128, 2, 4]",right,1024
882,14628,"[2, 1024, 4, 256, 512, 128, 8, 4, 0, 0, 2, 4, 0, 0, 0, 2]",up,1024
883,14636,"[2, 1024, 4, 256, 512, 128, 8, 8, 0, 0, 2, 2, 0, 2, 0, 0]",up,1024
884,14636,"[2, 1024, 4, 256, 512, 128, 8, 8, 0, 2, 2, 2, 0, 0, 2, 0]",up,1024
885,14640,"[2, 1024, 4, 256, 512, 128, 8, 8, 0, 2, 4, 2, 2, 0, 0, 0]",up,1024
886,14640,"[2, 1024, 4, 256, 512, 128, 8, 8, 2, 2, 4, 2, 2, 0, 0, 0]",up,1024
887,14660,"[2, 1024, 4, 256, 512, 128, 16, 2, 4, 4, 2, 0, 2, 0, 0, 0]",left,1024
888,14668,"[2, 1024, 4, 256, 512, 128, 16, 2, 0, 2, 8, 2, 0, 0, 0, 2]",right,1024
889,14672,"[2, 1024, 4, 256, 512, 128, 16, 4, 0, 2, 8, 2, 0, 0, 0, 2]",up,1024
890,14676,"[2, 1024, 4, 256, 512, 128, 16, 4, 0, 2, 8, 4, 2, 0, 0, 0]",up,1024
891,14680,"[2, 0, 0, 0, 2, 1024, 4, 0, 512, 128, 16, 256, 2, 2, 8, 8]",down,1024
892,14682,"[0, 0, 0, 2, 4, 1024, 4, 0, 512, 128, 16, 256, 2, 2, 8, 8]",down,1024
893,14682,"[4, 1024, 4, 2, 512, 128, 16, 256, 2, 2, 8, 8, 0, 2, 0, 0]",up,1024
894,14686,"[4, 1024, 4, 2, 512, 128, 16, 256, 2, 4, 8, 8, 0, 2, 0, 0]",up,1024
895,14702,"[4, 1024, 4, 2, 512, 128, 16, 256, 2, 4, 16, 0, 2, 0, 0, 2]",left,1024
896,14738,"[4, 1024, 4, 2, 512, 128, 32, 256, 4, 4, 0, 2, 0, 2, 0, 0]",up,1024
897,14746,"[4, 1024, 4, 2, 512, 128, 32, 256, 0, 2, 8, 2, 0, 0, 0, 2]",right,1024
898,14750,"[4, 1024, 4, 2, 512, 128, 32, 256, 0, 2, 8, 4, 0, 0, 0, 2]",up,1024
899,14750,"[4, 1024, 4, 2, 512, 128, 32, 256, 2, 8, 4, 0, 2, 0, 2, 0]",left,1024
900,14754,"[4, 1024, 4, 2, 512, 128, 32, 256, 0, 2, 8, 4, 0, 0, 2, 4]",right,1024
901,14762,"[4, 1024, 4, 2, 512, 128, 32, 256, 0, 2, 8, 8, 2, 0, 2, 0]",up,1024
902,14762,"[4, 1024, 4, 2, 512, 128, 32, 256, 2, 2, 8, 8, 0, 2, 2, 0]",up,1024
903,14786,"[4, 1024, 4, 2, 512, 128, 32, 256, 4, 16, 4, 0, 4, 0, 0, 0]",left,1024
904,14794,"[4, 1024, 4, 2, 512, 128, 32, 256, 8, 16, 4, 0, 0, 0, 0, 2]",up,1024
905,14794,"[4, 1024, 4, 2, 512, 128, 32, 256, 8, 16, 4, 2, 0, 0, 0, 2]",up,1024
906,14798,"[4, 1024, 4, 2, 512, 128, 32, 256, 8, 16, 4, 4, 0, 0, 0, 2]",up,1024
907,14806,"[4, 1024, 4, 2, 512, 128, 32, 256, 8, 16, 8, 0, 2, 0, 2, 0]",left,1024
908,14806,"[4, 0, 4, 2, 512, 1024, 32, 0, 8, 128, 8, 2, 2, 16, 2, 256]",down,1024
909,14810,"[4, 1024, 4, 4, 512, 128, 32, 256, 8, 16, 8, 0, 2, 2, 2, 0]",up,1024
910,14822,"[4, 1024, 8, 0, 512, 128, 32, 256, 8, 16, 8, 0, 4, 2, 0, 2]",left,1024
911,14826,"[4, 1024, 8, 0, 512, 128, 32, 256, 8, 16, 8, 0, 4, 4, 0, 2]",left,1024
912,14834,"[4, 1024, 8, 0, 512, 128, 32, 256, 8, 16, 8, 0, 8, 2, 2, 0]",left,1024
913,14850,"[4, 1024, 8, 256, 512, 128, 32, 0, 16, 16, 8, 0, 2, 2, 2, 0]",up,1024
914,14850,"[4, 1024, 8, 0, 512, 128, 32, 0, 16, 16, 8, 2, 2, 2, 2, 256]",down,1024
915,14850,"[4, 1024, 8, 2, 512, 128, 32, 256, 16, 16, 8, 0, 2, 2, 2, 2]",up,1024
916,14890,"[4, 1024, 8, 2, 512, 128, 32, 256, 4, 0, 32, 8, 0, 0, 4, 4]",right,1024
917,14898,"[4, 1024, 8, 2, 512, 128, 32, 256, 2, 4, 32, 8, 0, 0, 0, 8]",right,1024
918,14978,"[4, 1024, 8, 2, 512, 128, 64, 256, 2, 4, 0, 16, 0, 0, 0, 2]",up,1024
919,14978,"[4, 1024, 8, 2, 512, 128, 64, 256, 2, 4, 16, 2, 2, 0, 0, 0]",left,1024
920,14982,"[4, 1024, 8, 2, 512, 128, 64, 256, 4, 4, 16, 2, 0, 0, 2, 0]",up,1024
921,14982,"[0, 2, 8, 0, 4, 1024, 64, 2, 512, 128, 16, 256, 4, 4, 2, 2]",down,1024
922,14994,"[2, 8, 2, 0, 4, 1024, 64, 2, 512, 128, 16, 256, 8, 4, 0, 0]",left,1024
923,14994,"[2, 8, 2, 2, 4, 1024, 64, 256, 512, 128, 16, 0, 8, 4, 0, 2]",up,1024
924,14994,"[2, 8, 2, 2, 4, 1024, 64, 256, 512, 128, 16, 2, 8, 4, 0, 2]",up,1024
925,14998,"[2, 8, 2, 2, 4, 1024, 64, 256, 512, 128, 16, 4, 8, 4, 0, 2]",up,1024
926,15002,"[2, 8, 4, 2, 4, 1024, 64, 256, 512, 128, 16, 4, 8, 4, 2, 0]",left,1024
927,15002,"[2, 8, 4, 2, 4, 1024, 64, 2, 512, 128, 16, 256, 8, 4, 2, 4]",down,1024
928,15006,"[2, 8, 4, 4, 4, 1024, 64, 256, 512, 128, 16, 4, 8, 4, 2, 2]",up,1024
929,15018,"[2, 8, 8, 4, 4, 1024, 64, 256, 512, 128, 16, 4, 8, 4, 4, 0]",left,1024
930,15042,"[2, 16, 4, 2, 4, 1024, 64, 256, 512, 128, 16, 4, 8, 8, 0, 0]",left,1024
931,15042,"[2, 16, 0, 2, 4, 1024, 4, 2, 512, 128, 64, 256, 8, 8, 16, 4]",down,1024
932,15058,"[2, 16, 2, 0, 4, 1024, 4, 2, 512, 128, 64, 256, 16, 16, 4, 2]",left,1024
933,15058,"[2, 16, 2, 2, 4, 1024, 4, 256, 512, 128, 64, 2, 16, 16, 4, 2]",up,1024
934,15060,"[2, 16, 2, 2, 4, 1024, 4, 2, 512, 128, 64, 256, 16, 16, 4, 4]",down,1024
935,15062,"[2, 16, 2, 2, 4, 1024, 4, 4, 512, 128, 64, 256, 16, 16, 4, 4]",down,1024
936,15114,"[2, 16, 4, 0, 4, 1024, 8, 0, 512, 128, 64, 256, 32, 8, 2, 0]",left,1024
937,15114,"[2, 16, 4, 256, 4, 1024, 8, 0, 512, 128, 64, 0, 32, 8, 2, 2]",up,1024
938,15114,"[2, 16, 4, 2, 4, 1024, 8, 0, 512, 128, 64, 256, 32, 8, 2, 2]",down,1024
939,15114,"[2, 16, 4, 2, 4, 1024, 8, 2, 512, 128, 64, 256, 32, 8, 2, 2]",down,1024
940,15118,"[2, 16, 4, 4, 4, 1024, 8, 256, 512, 128, 64, 2, 32, 8, 2, 2]",up,1024
941,15130,"[2, 16, 8, 2, 4, 1024, 8, 256, 512, 128, 64, 2, 32, 8, 4, 0]",left,1024
942,15146,"[2, 16, 16, 2, 4, 1024, 64, 256, 512, 128, 4, 2, 32, 8, 0, 2]",up,1024
943,15150,"[2, 16, 16, 2, 4, 1024, 64, 256, 512, 128, 4, 4, 32, 8, 2, 0]",up,1024
944,15190,"[2, 32, 2, 0, 4, 1024, 64, 256, 512, 128, 8, 2, 32, 8, 2, 0]",left,1024
945,15190,"[2, 2, 32, 2, 4, 1024, 64, 256, 512, 128, 8, 2, 0, 32, 8, 2]",right,1024
946,15210,"[2, 2, 32, 2, 4, 1024, 64, 256, 512, 128, 16, 4, 0, 32, 2, 0]",up,1024
947,15214,"[4, 32, 2, 0, 4, 1024, 64, 256, 512, 128, 16, 4, 32, 2, 0, 2]",left,1024
948,15218,"[4, 32, 2, 0, 4, 1024, 64, 256, 512, 128, 16, 4, 32, 4, 0, 2]",left,1024
949,15226,"[8, 32, 2, 256, 512, 1024, 64, 4, 32, 128, 16, 2, 0, 4, 2, 0]",up,1024
950,15226,"[2, 32, 2, 0, 8, 1024, 64, 256, 512, 128, 16, 4, 32, 4, 2, 2]",down,1024
951,15230,"[2, 32, 2, 0, 8, 1024, 64, 256, 512, 128, 16, 4, 32, 4, 4, 2]",left,1024
952,15230,"[2, 32, 2, 256, 8, 1024, 64, 4, 512, 128, 16, 2, 32, 4, 4, 2]",up,1024
953,15234,"[2, 32, 2, 256, 8, 1024, 64, 4, 512, 128, 16, 4, 32, 4, 4, 2]",up,1024
954,15242,"[2, 32, 2, 256, 8, 1024, 64, 8, 512, 128, 16, 2, 32, 4, 4, 2]",up,1024
955,15246,"[2, 32, 2, 256, 8, 1024, 64, 8, 512, 128, 16, 4, 32, 4, 4, 4]",up,1024
956,15254,"[2, 32, 2, 256, 8, 1024, 64, 8, 512, 128, 16, 8, 32, 4, 4, 2]",up,1024
957,15262,"[2, 32, 2, 2, 8, 1024, 64, 256, 512, 128, 16, 16, 32, 4, 4, 2]",down,1024
958,15306,"[2, 32, 4, 4, 8, 1024, 64, 256, 512, 128, 32, 0, 32, 8, 2, 0]",left,1024
959,15314,"[2, 32, 8, 4, 8, 1024, 64, 256, 512, 128, 32, 0, 32, 8, 2, 0]",left,1024
960,15314,"[2, 32, 8, 2, 8, 1024, 64, 0, 512, 128, 32, 4, 32, 8, 2, 256]",down,1024
961,15314,"[2, 32, 8, 2, 8, 1024, 64, 4, 512, 128, 32, 256, 32, 8, 2, 2]",up,1024
962,15318,"[2, 32, 8, 2, 8, 1024, 64, 4, 512, 128, 32, 256, 32, 8, 4, 2]",left,1024
1,0,"[4, 0, 0, 0, 0, 0, 0, 0, 0, 0, 0, 0, 0, 0, 2, 0]",up,4
2,0,"[4, 0, 2, 0, 0, 0, 2, 0, 0, 0, 0, 0, 0, 0, 0, 0]",up,4
3,4,"[4, 0, 4, 0, 0, 0, 0, 0, 0, 2, 0, 0, 0, 0, 0, 0]",up,4
4,12,"[8, 0, 0, 0, 0, 0, 0, 0, 2, 2, 0, 0, 0, 0, 0, 0]",left,8
5,12,"[8, 2, 0, 0, 2, 0, 0, 0, 0, 0, 0, 0, 0, 0, 0, 2]",up,8
6,12,"[8, 2, 0, 2, 2, 2, 0, 0, 0, 0, 0, 0, 0, 0, 0, 0]",up,8
7,20,"[2, 0, 8, 4, 0, 0, 0, 4, 0, 0, 0, 0, 0, 0, 0, 0]",right,8
8,28,"[2, 0, 8, 8, 0, 0, 0, 0, 0, 4, 0, 0, 0, 0, 0, 0]",up,8
9,28,"[2, 4, 8, 8, 2, 0, 0, 0, 0, 0, 0, 0, 0, 0, 0, 0]",up,8
10,32,"[4, 4, 8, 8, 0, 0, 0, 0, 2, 0, 0, 0, 0, 0, 0, 0]",up,8
11,32,"[4, 4, 8, 8, 2, 0, 0, 0, 0, 0, 0, 0, 0, 0, 2, 0]",up,8
12,32,"[4, 4, 8, 8, 2, 0, 2, 0, 0, 0, 0, 2, 0, 0, 0, 0]",up,8
13,32,"[4, 4, 8, 8, 2, 2, 2, 2, 0, 0, 0, 0, 0, 0, 0, 0]",up,8
14,64,"[8, 16, 0, 0, 4, 4, 0, 0, 0, 0, 0, 0, 0, 0, 2, 0]",left,16
15,72,"[8, 16, 2, 0, 8, 0, 0, 0, 0, 0, 0, 0, 2, 0, 0, 0]",left,16
16,88,"[16, 16, 2, 0, 2, 0, 0, 0, 0, 0, 0, 0, 0, 0, 2, 0]",up,16
17,92,"[16, 16, 4, 0, 2, 0, 0, 0, 0, 0, 2, 0, 0, 0, 0, 0]",up,16
18,92,"[16, 16, 4, 0, 2, 0, 2, 0, 0, 0, 0, 0, 0, 2, 0, 0]",up,16
19,92,"[16, 16, 4, 0, 2, 2, 2, 0, 0, 0, 0, 0, 0, 2, 0, 0]",up,16
20,128,"[32, 4, 0, 0, 4, 2, 0, 0, 0, 0, 0, 0, 2, 2, 0, 0]",left,32
21,132,"[32, 4, 0, 0, 4, 4, 0, 0, 2, 0, 2, 0, 0, 0, 0, 0]",up,32
22,144,"[32, 4, 0, 0, 8, 0, 0, 0, 4, 0, 0, 0, 0, 0, 2, 0]",left,32
23,144,"[0, 0, 0, 0, 32, 0, 0, 0, 8, 2, 0, 0, 4, 4, 2, 0]",down,32
24,152,"[2, 0, 0, 0, 32, 0, 0, 0, 8, 2, 0, 0, 8, 2, 0, 0]",left,32
25,172,"[2, 4, 0, 0, 32, 0, 0, 0, 16, 0, 0, 0, 2, 0, 0, 0]",up,32
26,172,"[0, 0, 2, 4, 2, 0, 0, 32, 0, 0, 0, 16, 0, 0, 0, 2]",right,32
27,172,"[2, 0, 2, 4, 2, 0, 0, 32, 0, 0, 0, 16, 0, 0, 0, 2]",up,32
28,174,"[0, 0, 0, 4, 0, 0, 0, 32, 0, 0, 2, 16, 4, 0, 2, 2]",down,32
29,178,"[4, 0, 4, 4, 0, 0, 0, 32, 0, 0, 0, 16, 0, 2, 0, 2]",up,32
30,190,"[8, 4, 0, 0, 32, 0, 0, 2, 16, 0, 0, 0, 4, 0, 0, 0]",left,32
31,190,"[8, 4, 0, 2, 32, 0, 0, 0, 16, 0, 0, 0, 4, 0, 0, 2]",up,32
32,194,"[8, 4, 0, 4, 32, 0, 0, 0, 16, 0, 0, 0, 4, 0, 2, 0]",up,32
33,202,"[8, 8, 0, 0, 32, 0, 0, 0, 16, 0, 0, 0, 4, 2, 0, 2]",left,32
34,222,"[16, 0, 0, 0, 32, 0, 0, 0, 16, 0, 2, 0, 4, 4, 0, 0]",left,32
35,230,"[0, 0, 0, 16, 0, 0, 0, 32, 2, 0, 16, 2, 0, 0, 0, 8]",right,32
36,230,"[2, 0, 16, 16, 0, 2, 0, 32, 0, 0, 0, 2, 0, 0, 0, 8]",up,32
37,230,"[2, 2, 16, 16, 0, 0, 0, 32, 0, 0, 0, 2, 0, 0, 2, 8]",up,32
38,230,"[2, 2, 16, 16, 0, 2, 2, 32, 0, 0, 0, 2, 0, 0, 0, 8]",up,32
39,270,"[0, 0, 4, 32, 0, 0, 4, 32, 0, 0, 0, 2, 0, 2, 0, 8]",right,32
40,306,"[0, 0, 2, 0, 0, 0, 0, 64, 0, 0, 0, 2, 0, 2, 8, 8]",down,64
41,306,"[0, 2, 2, 64, 0, 0, 8, 2, 0, 0, 0, 8, 2, 0, 0, 0]",up,64
42,306,"[0, 0, 0, 0, 0, 0, 0, 64, 2, 0, 2, 2, 2, 2, 8, 8]",down,64
43,308,"[0, 0, 0, 0, 0, 0, 0, 64, 2, 0, 2, 2, 4, 2, 8, 8]",down,64
44,328,"[0, 0, 0, 0, 64, 4, 0, 0, 4, 2, 0, 0, 4, 2, 16, 0]",left,64
45,340,"[64, 4, 16, 0, 8, 4, 0, 0, 0, 0, 0, 0, 0, 0, 4, 0]",up,64
46,348,"[64, 8, 16, 0, 8, 0, 4, 0, 0, 0, 0, 2, 0, 0, 0, 0]",up,64
47,348,"[0, 64, 8, 16, 0, 2, 8, 4, 0, 0, 0, 2, 0, 0, 0, 0]",right,64
48,348,"[64, 8, 16, 0, 2, 8, 4, 0, 2, 0, 2, 0, 0, 0, 0, 0]",left,64
49,368,"[64, 16, 16, 0, 4, 0, 4, 0, 2, 0, 2, 0, 0, 0, 0, 0]",up,64
50,368,"[0, 0, 0, 0, 64, 0, 16, 0, 4, 0, 4, 0, 2, 16, 2, 2]",down,64
51,368,"[64, 16, 16, 2, 4, 0, 4, 0, 2, 0, 2, 0, 0, 0, 2, 0]",up,64
52,372,"[64, 16, 16, 2, 4, 0, 4, 0, 2, 0, 4, 0, 0, 4, 0, 0]",up,64
53,380,"[64, 16, 16, 2, 4, 4, 8, 0, 2, 0, 0, 0, 0, 2, 0, 0]",up,64
54,380,"[64, 16, 16, 2, 4, 4, 8, 0, 2, 2, 0, 2, 0, 0, 0, 0]",up,64
55,384,"[64, 16, 16, 4, 4, 4, 8, 0, 2, 2, 0, 0, 0, 2, 0, 0]",up,64
56,388,"[64, 16, 16, 4, 4, 4, 8, 0, 2, 4, 0, 0, 2, 0, 0, 0]",up,64
57,400,"[64, 16, 16, 4, 4, 8, 8, 0, 4, 0, 2, 0, 0, 0, 0, 0]",up,64
58,408,"[64, 16, 16, 4, 8, 8, 8, 0, 0, 0, 2, 2, 0, 0, 0, 0]",up,64
59,408,"[64, 16, 16, 4, 8, 8, 8, 2, 2, 0, 2, 0, 0, 0, 0, 0]",up,64
60,408,"[0, 0, 4, 0, 64, 0, 16, 0, 8, 16, 8, 4, 2, 8, 2, 2]",down,64
61,408,"[64, 16, 4, 4, 8, 8, 16, 2, 2, 0, 8, 0, 0, 0, 2, 2]",up,64
62,412,"[64, 16, 4, 4, 8, 8, 16, 4, 2, 0, 8, 0, 0, 0, 2, 2]",up,64
63,420,"[64, 16, 4, 8, 8, 8, 16, 2, 2, 0, 8, 0, 0, 2, 2, 0]",up,64
64,420,"[0, 0, 4, 0, 64, 16, 16, 2, 8, 8, 8, 8, 2, 2, 2, 2]",down,64
65,492,"[4, 2, 0, 0, 64, 32, 2, 0, 16, 16, 0, 0, 4, 4, 0, 0]",left,64
66,532,"[0, 0, 4, 2, 0, 64, 32, 2, 0, 0, 0, 32, 0, 0, 4, 8]",right,64
67,536,"[0, 64, 4, 4, 0, 0, 32, 32, 0, 0, 4, 8, 2, 0, 0, 0]",up,64
68,608,"[64, 8, 0, 0, 64, 0, 0, 0, 4, 8, 0, 0, 2, 0, 0, 2]",left,64
69,612,"[64, 8, 0, 0, 64, 0, 2, 0, 4, 8, 0, 0, 4, 0, 0, 0]",left,64
70,764,"[128, 16, 2, 0, 8, 0, 0, 0, 0, 0, 0, 0, 4, 0, 0, 0]",up,128
71,764,"[128, 16, 2, 0, 8, 0, 2, 0, 4, 0, 0, 0, 0, 0, 0, 0]",up,128
72,764,"[0, 128, 16, 2, 0, 0, 8, 2, 0, 0, 0, 4, 0, 0, 2, 0]",right,128
73,766,"[2, 0, 0, 0, 0, 0, 16, 0, 0, 0, 8, 4, 0, 128, 2, 4]",down,128
74,774,"[2, 128, 16, 8, 0, 2, 8, 0, 0, 0, 2, 0, 0, 0, 0, 0]",up,128
75,774,"[2, 128, 16, 8, 0, 0, 2, 8, 0, 0, 0, 2, 0, 0, 2, 0]",right,128
76,794,"[2, 128, 16, 16, 0, 0, 4, 2, 0, 0, 2, 0, 0, 0, 0, 0]",up,128
77,826,"[0, 2, 128, 32, 0, 0, 4, 2, 0, 2, 0, 2, 0, 0, 0, 0]",right,128
78,834,"[0, 4, 128, 32, 0, 0, 4, 4, 0, 0, 0, 0, 0, 0, 2, 0]",up,128
79,834,"[0, 4, 128, 32, 0, 0, 4, 4, 0, 0, 2, 2, 0, 0, 0, 0]",up,128
80,834,"[0, 2, 0, 0, 0, 0, 128, 32, 0, 0, 4, 4, 0, 4, 2, 2]",down,128
81,846,"[2, 0, 0, 2, 128, 32, 0, 0, 8, 0, 0, 0, 4, 4, 0, 0]",left,128
82,858,"[4, 0, 0, 0, 128, 32, 0, 0, 8, 0, 0, 0, 8, 2, 0, 0]",left,128
83,874,"[4, 32, 0, 0, 128, 2, 0, 0, 16, 0, 0, 0, 0, 0, 0, 2]",up,128
84,874,"[4, 32, 0, 2, 128, 2, 0, 0, 16, 0, 2, 0, 0, 0, 0, 0]",up,128
85,874,"[4, 32, 2, 2, 128, 2, 0, 0, 16, 0, 0, 0, 2, 0, 0, 0]",up,128
86,874,"[4, 0, 0, 0, 128, 0, 0, 0, 16, 32, 0, 2, 2, 2, 2, 2]",down,128
87,876,"[4, 2, 0, 0, 128, 0, 0, 0, 16, 32, 0, 0, 2, 2, 2, 4]",down,128
88,876,"[4, 2, 2, 4, 128, 32, 0, 0, 16, 2, 0, 2, 2, 0, 0, 0]",up,128
89,876,"[4, 0, 0, 0, 128, 2, 2, 0, 16, 32, 0, 4, 2, 2, 2, 2]",down,128
90,888,"[0, 0, 0, 4, 0, 2, 128, 4, 0, 16, 32, 4, 0, 0, 4, 4]",right,128
91,904,"[0, 2, 128, 8, 0, 16, 32, 8, 0, 0, 4, 2, 0, 0, 0, 0]",up,128
92,920,"[0, 2, 128, 16, 0, 16, 32, 2, 0, 4, 4, 0, 0, 0, 0, 0]",up,128
93,920,"[0, 0, 0, 0, 0, 2, 128, 0, 2, 16, 32, 16, 0, 4, 4, 2]",down,128
94,920,"[2, 2, 128, 16, 0, 16, 32, 2, 2, 4, 4, 0, 0, 0, 0, 0]",up,128
95,924,"[4, 2, 128, 16, 0, 16, 32, 2, 0, 4, 4, 0, 2, 0, 0, 0]",up,128
96,924,"[4, 2, 128, 16, 2, 16, 32, 2, 2, 4, 4, 0, 0, 0, 0, 0]",up,128
97,928,"[4, 2, 128, 16, 4, 16, 32, 2, 0, 4, 4, 0, 0, 2, 0, 0]",up,128
98,936,"[4, 2, 128, 16, 4, 16, 32, 2, 8, 0, 0, 0, 2, 0, 0, 2]",left,128
99,948,"[8, 2, 128, 16, 8, 16, 32, 4, 2, 0, 0, 0, 0, 2, 0, 0]",up,128
100,964,"[16, 2, 128, 16, 2, 16, 32, 4, 0, 2, 0, 0, 0, 0, 2, 0]",up,128
101,964,"[0, 0, 0, 2, 0, 2, 128, 0, 16, 16, 32, 16, 2, 2, 2, 4]",down,128
102,1000,"[0, 0, 0, 2, 0, 2, 2, 128, 0, 32, 32, 16, 0, 2, 4, 4]",right,128
103,1000,"[0, 2, 2, 2, 0, 32, 32, 128, 0, 2, 4, 16, 4, 0, 0, 4]",up,128
104,1076,"[0, 0, 2, 4, 0, 0, 64, 128, 0, 2, 4, 16, 2, 0, 0, 8]",right,128
105,1076,"[2, 2, 2, 4, 2, 0, 64, 128, 0, 0, 4, 16, 0, 0, 0, 8]",up,128
106,1080,"[0, 2, 4, 4, 2, 2, 64, 128, 0, 0, 4, 16, 0, 0, 0, 8]",right,128
107,1092,"[2, 8, 2, 0, 4, 64, 128, 0, 4, 16, 0, 0, 8, 0, 0, 0]",left,128
108,1100,"[2, 8, 2, 0, 8, 64, 128, 2, 8, 16, 0, 0, 0, 0, 0, 0]",up,128
109,1116,"[2, 8, 2, 2, 16, 64, 128, 0, 0, 16, 0, 0, 2, 0, 0, 0]",up,128
110,1116,"[0, 0, 0, 0, 2, 8, 0, 2, 16, 64, 2, 0, 2, 16, 128, 2]",down,128
111,1116,"[0, 0, 0, 4, 0, 2, 8, 2, 0, 16, 64, 2, 2, 16, 128, 2]",right,128
112,1152,"[2, 2, 8, 4, 0, 32, 64, 4, 0, 2, 128, 2, 0, 0, 0, 0]",up,128
113,1160,"[2, 2, 8, 8, 2, 32, 64, 2, 0, 2, 128, 0, 0, 0, 0, 0]",up,128
114,1180,"[4, 16, 4, 0, 2, 32, 64, 2, 2, 128, 0, 0, 0, 0, 0, 0]",left,128
115,1184,"[4, 16, 4, 2, 4, 32, 64, 0, 0, 128, 0, 4, 0, 0, 0, 0]",up,128
116,1192,"[8, 16, 4, 2, 0, 32, 64, 4, 0, 128, 0, 0, 0, 0, 0, 2]",up,128
117,1192,"[8, 16, 4, 2, 0, 32, 64, 4, 0, 128, 0, 2, 0, 0, 0, 4]",up,128
118,1192,"[0, 0, 0, 2, 0, 16, 2, 4, 0, 32, 4, 2, 8, 128, 64, 4]",down,128
119,1192,"[8, 16, 2, 2, 0, 32, 4, 4, 0, 128, 64, 2, 0, 2, 0, 4]",up,128
120,1192,"[0, 16, 0, 2, 2, 32, 2, 4, 0, 128, 4, 2, 8, 2, 64, 4]",down,128
121,1192,"[16, 2, 4, 0, 2, 32, 2, 4, 128, 4, 2, 0, 8, 2, 64, 4]",left,128
122,1198,"[16, 2, 0, 0, 2, 32, 4, 0, 128, 4, 4, 4, 8, 2, 64, 8]",down,128
123,1206,"[16, 2, 0, 2, 2, 32, 4, 0, 128, 8, 4, 0, 8, 2, 64, 8]",left,128
124,1210,"[16, 4, 2, 0, 2, 32, 4, 0, 128, 8, 4, 0, 8, 2, 64, 8]",left,128
125,1218,"[16, 4, 2, 8, 2, 32, 8, 0, 128, 8, 64, 0, 8, 2, 2, 0]",up,128
126,1222,"[16, 4, 2, 8, 2, 32, 8, 0, 128, 8, 64, 0, 8, 4, 0, 2]",left,128
127,1222,"[16, 4, 2, 8, 2, 32, 8, 2, 128, 8, 64, 0, 8, 4, 4, 0]",up,128
128,1230,"[16, 4, 2, 8, 2, 32, 8, 2, 0, 128, 8, 64, 2, 0, 8, 8]",right,128
129,1240,"[2, 0, 0, 8, 0, 4, 2, 2, 16, 32, 8, 64, 4, 128, 16, 8]",down,128
130,1244,"[2, 8, 0, 2, 4, 4, 0, 0, 16, 32, 8, 64, 4, 128, 16, 8]",left,128
131,1244,"[2, 8, 8, 2, 4, 4, 16, 64, 16, 32, 0, 8, 4, 128, 0, 2]",up,128
132,1268,"[2, 16, 2, 0, 8, 16, 64, 0, 16, 32, 8, 2, 4, 128, 2, 0]",left,128
133,1284,"[2, 0, 2, 2, 8, 32, 64, 0, 16, 32, 8, 0, 4, 128, 2, 2]",down,128
134,1318,"[2, 2, 2, 0, 8, 0, 64, 0, 16, 64, 8, 0, 4, 128, 2, 4]",down,128
135,1318,"[2, 2, 2, 4, 8, 64, 64, 0, 16, 128, 8, 0, 4, 2, 2, 0]",up,128
136,1454,"[0, 2, 4, 4, 0, 0, 8, 128, 2, 16, 128, 8, 0, 0, 4, 4]",right,128
137,1454,"[0, 2, 4, 4, 0, 0, 8, 128, 0, 2, 128, 8, 2, 16, 4, 4]",down,128
138,1470,"[0, 0, 2, 8, 0, 0, 8, 128, 0, 2, 128, 8, 2, 2, 16, 8]",right,128
139,1490,"[2, 4, 2, 8, 2, 0, 8, 128, 0, 0, 128, 16, 0, 0, 16, 0]",up,128
140,1494,"[4, 4, 2, 8, 0, 2, 8, 128, 0, 0, 128, 16, 0, 0, 16, 0]",up,128
141,1494,"[0, 0, 2, 0, 0, 2, 8, 8, 0, 4, 128, 128, 4, 2, 16, 16]",down,128
142,1798,"[2, 0, 0, 0, 2, 16, 0, 2, 4, 256, 0, 0, 4, 2, 32, 0]",left,256
143,1810,"[4, 16, 32, 2, 8, 256, 0, 0, 0, 2, 0, 0, 0, 0, 0, 2]",up,256
144,1814,"[4, 16, 32, 4, 8, 256, 0, 0, 0, 2, 0, 0, 2, 0, 0, 0]",up,256
145,1814,"[4, 16, 32, 4, 8, 256, 0, 0, 2, 2, 0, 0, 0, 2, 0, 0]",up,256
146,1818,"[4, 16, 32, 4, 8, 256, 0, 0, 2, 4, 0, 0, 2, 0, 0, 0]",up,256
147,1822,"[4, 16, 32, 4, 8, 256, 0, 0, 4, 4, 0, 0, 0, 0, 0, 2]",up,256
148,1830,"[4, 16, 32, 4, 8, 256, 0, 2, 8, 0, 0, 0, 2, 0, 0, 0]",left,256
149,1838,"[2, 0, 0, 0, 4, 0, 0, 0, 16, 16, 0, 4, 2, 256, 32, 2]",down,256
150,1870,"[2, 0, 2, 0, 4, 0, 0, 0, 32, 4, 0, 0, 2, 256, 32, 2]",left,256
151,1874,"[4, 0, 0, 2, 4, 0, 0, 0, 32, 4, 0, 0, 2, 256, 32, 2]",left,256
152,1880,"[0, 0, 0, 0, 8, 0, 2, 0, 32, 4, 0, 0, 2, 256, 32, 4]",down,256
153,1880,"[0, 0, 0, 0, 8, 2, 0, 0, 32, 4, 2, 0, 2, 256, 32, 4]",left,256
154,1880,"[8, 2, 2, 4, 32, 4, 32, 0, 2, 256, 0, 0, 0, 2, 0, 0]",up,256
155,1884,"[8, 4, 4, 0, 32, 4, 32, 4, 2, 256, 0, 0, 2, 0, 0, 0]",left,256
156,1896,"[8, 8, 4, 4, 32, 256, 32, 0, 4, 2, 0, 0, 0, 0, 0, 0]",up,256
157,1896,"[0, 0, 2, 0, 8, 8, 0, 0, 32, 256, 4, 0, 4, 2, 32, 4]",down,256
158,1896,"[8, 8, 2, 4, 32, 256, 4, 0, 4, 2, 32, 0, 0, 0, 2, 0]",up,256
159,1896,"[2, 0, 2, 0, 8, 8, 4, 0, 32, 256, 32, 0, 4, 2, 2, 4]",down,256
160,1920,"[4, 0, 0, 2, 16, 4, 0, 0, 32, 256, 32, 0, 4, 4, 4, 0]",left,256
161,1920,"[4, 4, 32, 2, 16, 256, 4, 2, 32, 4, 0, 0, 4, 0, 0, 0]",up,256
162,1922,"[4, 4, 0, 0, 16, 4, 0, 0, 32, 256, 32, 0, 4, 4, 4, 4]",down,256
163,1926,"[4, 0, 0, 0, 16, 8, 0, 0, 32, 256, 32, 2, 4, 4, 4, 4]",down,256
164,1942,"[4, 2, 0, 0, 16, 8, 0, 0, 32, 256, 32, 2, 8, 8, 0, 0]",left,256
165,1942,"[4, 2, 2, 0, 16, 8, 0, 0, 32, 256, 0, 0, 8, 8, 32, 2]",down,256
166,1962,"[4, 4, 0, 2, 16, 8, 0, 0, 32, 256, 0, 0, 16, 32, 2, 0]",left,256
167,1962,"[4, 4, 0, 0, 16, 8, 0, 0, 32, 256, 2, 0, 16, 32, 2, 2]",down,256
168,1974,"[8, 0, 2, 0, 16, 8, 0, 0, 32, 256, 2, 0, 16, 32, 4, 0]",left,256
169,1978,"[8, 8, 4, 0, 16, 256, 4, 0, 32, 32, 0, 2, 16, 0, 0, 0]",up,256
170,1986,"[8, 8, 8, 2, 16, 256, 0, 0, 32, 32, 0, 0, 16, 0, 2, 0]",up,256
171,1986,"[8, 8, 8, 2, 16, 256, 2, 0, 32, 32, 2, 0, 16, 0, 0, 0]",up,256
172,1990,"[8, 8, 8, 2, 16, 256, 4, 0, 32, 32, 0, 0, 16, 2, 0, 0]",up,256
173,1990,"[8, 8, 0, 0, 16, 256, 0, 0, 32, 32, 8, 2, 16, 2, 4, 2]",down,256
174,1994,"[8, 8, 8, 4, 16, 256, 4, 0, 32, 32, 0, 0, 16, 2, 0, 2]",up,256
175,2078,"[16, 8, 4, 0, 16, 256, 4, 0, 64, 0, 0, 0, 16, 4, 2, 0]",left,256
176,2118,"[32, 8, 8, 0, 64, 256, 2, 0, 16, 4, 0, 0, 0, 2, 0, 0]",up,256
177,2118,"[0, 8, 2, 0, 32, 256, 0, 0, 64, 4, 8, 0, 16, 2, 2, 0]",down,256
178,2122,"[8, 2, 2, 0, 32, 256, 0, 0, 64, 4, 8, 0, 16, 4, 0, 0]",left,256
179,2130,"[8, 2, 2, 2, 32, 256, 8, 0, 64, 8, 0, 0, 16, 0, 0, 0]",up,256
180,2134,"[8, 4, 2, 0, 32, 256, 8, 0, 64, 8, 0, 0, 16, 0, 4, 0]",left,256
181,2134,"[8, 4, 2, 0, 32, 256, 8, 0, 64, 8, 2, 0, 16, 4, 0, 0]",left,256
182,2134,"[8, 4, 0, 0, 32, 256, 2, 0, 64, 8, 8, 2, 16, 4, 2, 0]",down,256
183,2150,"[0, 0, 8, 4, 0, 32, 256, 2, 2, 64, 16, 2, 0, 16, 4, 2]",right,256
184,2154,"[2, 32, 8, 4, 2, 64, 256, 4, 0, 16, 16, 2, 0, 0, 4, 0]",up,256
185,2166,"[4, 32, 8, 8, 0, 64, 256, 2, 0, 16, 16, 0, 0, 2, 4, 0]",up,256
186,2166,"[2, 32, 8, 0, 0, 64, 256, 0, 0, 16, 16, 8, 4, 2, 4, 2]",down,256
187,2166,"[2, 32, 8, 8, 4, 64, 256, 2, 0, 16, 16, 4, 0, 2, 4, 0]",up,256
188,2166,"[0, 32, 8, 0, 2, 64, 256, 8, 2, 16, 16, 2, 4, 2, 4, 4]",down,256
189,2206,"[32, 8, 0, 0, 2, 64, 256, 8, 2, 32, 2, 2, 4, 2, 8, 0]",left,256
190,2208,"[0, 8, 2, 0, 32, 64, 256, 0, 4, 32, 2, 8, 4, 2, 8, 2]",down,256
191,2212,"[0, 8, 2, 2, 0, 64, 256, 0, 32, 32, 2, 8, 8, 2, 8, 2]",down,256
192,2280,"[8, 4, 0, 2, 64, 256, 0, 0, 64, 2, 8, 0, 8, 2, 8, 2]",left,256
193,2432,"[8, 4, 16, 4, 128, 256, 0, 0, 8, 4, 0, 0, 0, 2, 0, 0]",up,256
194,2432,"[0, 4, 0, 0, 8, 256, 0, 0, 128, 4, 0, 2, 8, 2, 16, 4]",down,256
195,2432,"[8, 4, 16, 2, 128, 256, 2, 4, 8, 4, 0, 0, 0, 2, 0, 0]",up,256
196,2432,"[4, 4, 0, 0, 8, 256, 0, 0, 128, 4, 16, 2, 8, 2, 2, 4]",down,256
197,2444,"[8, 0, 0, 0, 8, 256, 0, 0, 128, 4, 16, 2, 8, 4, 4, 2]",left,256
198,2458,"[0, 0, 0, 2, 16, 0, 0, 0, 128, 256, 16, 0, 8, 8, 4, 4]",down,256
199,2458,"[0, 0, 2, 0, 16, 0, 0, 0, 128, 256, 16, 2, 8, 8, 4, 4]",down,256
200,2458,"[0, 0, 2, 0, 16, 0, 2, 0, 128, 256, 16, 2, 8, 8, 4, 4]",down,256
201,2460,"[0, 0, 4, 0, 16, 0, 4, 0, 128, 256, 16, 2, 8, 8, 4, 4]",down,256
202,2464,"[0, 0, 2, 0, 16, 0, 8, 0, 128, 256, 16, 2, 8, 8, 4, 4]",down,256
203,2464,"[16, 256, 2, 2, 128, 8, 8, 4, 8, 0, 16, 0, 2, 0, 4, 0]",up,256
204,2484,"[16, 256, 4, 0, 128, 16, 4, 0, 8, 16, 0, 0, 2, 4, 4, 0]",left,256
205,2504,"[16, 0, 0, 0, 128, 256, 0, 4, 8, 32, 4, 0, 2, 4, 8, 0]",down,256
206,2504,"[2, 0, 0, 16, 0, 128, 256, 4, 0, 8, 32, 4, 0, 2, 4, 8]",right,256
207,2508,"[0, 2, 0, 0, 0, 128, 256, 16, 0, 8, 32, 8, 2, 2, 4, 8]",down,256
208,2524,"[2, 2, 256, 16, 0, 128, 32, 16, 2, 8, 4, 0, 0, 2, 0, 0]",up,256
209,2528,"[4, 256, 16, 2, 128, 32, 16, 0, 2, 8, 4, 0, 2, 0, 0, 0]",left,256
210,2564,"[4, 256, 32, 2, 128, 32, 4, 0, 4, 8, 0, 0, 0, 2, 0, 0]",up,256
211,2564,"[4, 256, 32, 2, 0, 128, 32, 4, 0, 0, 4, 8, 0, 0, 2, 2]",right,256
212,2628,"[4, 256, 64, 2, 2, 128, 4, 4, 0, 0, 2, 8, 0, 0, 0, 2]",up,256
213,2636,"[4, 256, 64, 2, 2, 128, 8, 0, 2, 8, 0, 2, 2, 0, 0, 0]",left,256
214,2644,"[4, 256, 64, 4, 4, 128, 8, 0, 2, 8, 0, 0, 2, 0, 0, 0]",up,256
215,2656,"[8, 256, 64, 4, 4, 128, 8, 0, 0, 8, 2, 0, 0, 0, 0, 0]",up,256
216,2656,"[0, 0, 0, 0, 2, 256, 64, 0, 8, 128, 8, 0, 4, 8, 2, 4]",down,256
217,2656,"[2, 0, 0, 0, 0, 2, 256, 64, 0, 8, 128, 8, 4, 8, 2, 4]",right,256
218,2672,"[2, 2, 256, 64, 4, 16, 128, 8, 0, 0, 2, 4, 0, 0, 0, 2]",up,256
219,2672,"[0, 2, 0, 64, 0, 0, 256, 8, 2, 2, 128, 4, 4, 16, 2, 2]",down,256
220,2680,"[0, 2, 2, 64, 0, 0, 256, 8, 0, 4, 128, 4, 0, 4, 16, 4]",right,256
221,2696,"[0, 2, 2, 64, 0, 8, 256, 8, 2, 0, 128, 8, 0, 0, 16, 0]",up,256
222,2704,"[0, 0, 2, 0, 0, 0, 256, 2, 0, 2, 128, 64, 2, 8, 16, 16]",down,256
223,2704,"[2, 2, 2, 2, 0, 8, 256, 64, 0, 0, 128, 16, 0, 2, 16, 0]",up,256
224,2712,"[4, 4, 0, 2, 8, 256, 64, 0, 128, 16, 0, 0, 2, 16, 0, 0]",left,256
225,2744,"[4, 4, 64, 2, 8, 256, 0, 2, 128, 32, 0, 0, 2, 0, 0, 0]",up,256
226,2748,"[4, 4, 64, 4, 8, 256, 0, 0, 128, 32, 0, 0, 2, 0, 2, 0]",up,256
227,2760,"[8, 64, 4, 0, 8, 256, 0, 0, 128, 32, 0, 0, 4, 4, 0, 0]",left,256
228,2776,"[16, 64, 4, 0, 128, 256, 0, 0, 4, 32, 2, 0, 0, 4, 0, 0]",up,256
229,2776,"[16, 64, 4, 0, 128, 256, 2, 0, 4, 32, 2, 0, 0, 4, 0, 0]",up,256
230,2780,"[16, 64, 4, 0, 128, 256, 4, 0, 4, 32, 0, 0, 2, 4, 0, 0]",up,256
231,2784,"[16, 64, 2, 0, 128, 256, 0, 0, 4, 32, 0, 0, 2, 4, 8, 0]",down,256
232,2784,"[0, 16, 64, 2, 0, 2, 128, 256, 0, 0, 4, 32, 0, 2, 4, 8]",right,256
233,2796,"[0, 16, 64, 2, 0, 4, 128, 256, 0, 0, 8, 32, 0, 2, 0, 8]",up,256
234,2796,"[0, 16, 64, 2, 0, 4, 128, 256, 0, 2, 8, 32, 2, 0, 0, 8]",up,256
235,2796,"[0, 0, 2, 2, 0, 16, 64, 256, 0, 4, 128, 32, 2, 2, 8, 8]",down,256
236,2820,"[4, 0, 0, 0, 16, 64, 256, 2, 4, 128, 32, 0, 4, 16, 0, 0]",left,256
237,2824,"[0, 0, 0, 2, 4, 64, 0, 0, 16, 128, 256, 0, 8, 16, 32, 2]",down,256
238,2824,"[0, 0, 0, 2, 2, 0, 4, 64, 0, 16, 128, 256, 8, 16, 32, 2]",right,256
239,2856,"[2, 32, 4, 2, 8, 0, 128, 64, 2, 0, 32, 256, 0, 0, 0, 2]",up,256
240,2856,"[0, 0, 0, 2, 2, 2, 4, 64, 8, 0, 128, 256, 2, 32, 32, 2]",down,256
241,2924,"[2, 0, 0, 0, 4, 4, 64, 0, 8, 128, 256, 0, 2, 64, 2, 2]",left,256
242,2924,"[2, 4, 64, 2, 4, 128, 256, 0, 8, 64, 2, 0, 2, 0, 0, 2]",up,256
243,2928,"[2, 4, 64, 4, 4, 128, 256, 2, 8, 64, 2, 0, 2, 0, 0, 0]",up,256
244,2928,"[2, 0, 4, 0, 4, 4, 64, 0, 8, 128, 256, 4, 2, 64, 2, 2]",down,256
245,2928,"[2, 4, 4, 4, 4, 128, 64, 2, 8, 64, 256, 2, 2, 0, 2, 0]",up,256
246,2932,"[2, 4, 4, 4, 4, 128, 64, 4, 8, 64, 256, 0, 2, 2, 2, 0]",up,256
247,2944,"[0, 2, 4, 8, 4, 128, 64, 4, 0, 8, 64, 256, 0, 4, 2, 4]",right,256
248,3008,"[0, 2, 0, 8, 0, 128, 4, 4, 2, 8, 128, 256, 4, 4, 2, 4]",down,256
249,3024,"[0, 0, 2, 8, 0, 0, 128, 8, 2, 8, 128, 256, 2, 8, 2, 4]",right,256
250,3170,"[0, 0, 0, 2, 0, 0, 2, 16, 0, 0, 256, 256, 4, 16, 2, 4]",down,256
251,3682,"[2, 2, 0, 0, 2, 16, 0, 0, 512, 0, 0, 0, 4, 16, 2, 4]",left,512
252,3718,"[4, 2, 2, 4, 512, 32, 0, 0, 4, 0, 0, 0, 0, 0, 0, 2]",up,512
253,3718,"[4, 2, 2, 4, 512, 32, 0, 2, 4, 0, 0, 0, 0, 0, 0, 2]",up,512
254,3722,"[4, 2, 2, 4, 512, 32, 0, 4, 4, 0, 0, 2, 0, 0, 0, 0]",up,512
255,3730,"[4, 2, 2, 8, 512, 32, 0, 2, 4, 0, 0, 0, 0, 0, 0, 2]",up,512
256,3734,"[4, 4, 8, 0, 512, 32, 2, 0, 4, 0, 2, 0, 2, 0, 0, 0]",left,512
257,3738,"[4, 4, 8, 0, 512, 32, 4, 0, 4, 0, 0, 0, 2, 2, 0, 0]",up,512
258,3750,"[8, 8, 0, 0, 512, 32, 4, 0, 4, 0, 2, 0, 4, 0, 0, 0]",left,512
259,3758,"[8, 8, 4, 2, 512, 32, 2, 0, 8, 0, 0, 0, 0, 0, 0, 0]",up,512
260,3774,"[16, 4, 2, 0, 512, 32, 2, 0, 8, 0, 0, 0, 0, 0, 0, 2]",left,512
261,3778,"[16, 4, 4, 2, 512, 32, 0, 0, 8, 2, 0, 0, 0, 0, 0, 0]",up,512
262,3786,"[16, 8, 2, 0, 512, 32, 0, 0, 8, 2, 2, 0, 0, 0, 0, 0]",left,512
263,3790,"[16, 8, 4, 0, 512, 32, 0, 0, 8, 2, 0, 2, 0, 0, 0, 0]",up,512
264,3794,"[16, 8, 4, 0, 512, 32, 0, 0, 8, 4, 0, 0, 0, 0, 0, 2]",left,512
265,3794,"[0, 0, 2, 0, 16, 8, 0, 0, 512, 32, 0, 0, 8, 4, 4, 2]",down,512
266,3794,"[0, 0, 0, 0, 16, 8, 2, 0, 512, 32, 2, 0, 8, 4, 4, 2]",down,512
267,3798,"[16, 8, 4, 2, 512, 32, 4, 0, 8, 4, 0, 0, 0, 0, 0, 2]",up,512
268,3810,"[16, 8, 8, 4, 512, 32, 0, 0, 8, 4, 0, 0, 0, 0, 2, 0]",up,512
269,3810,"[16, 8, 8, 4, 512, 32, 2, 0, 8, 4, 2, 0, 0, 0, 0, 0]",up,512
270,3826,"[16, 16, 4, 0, 512, 32, 2, 0, 8, 4, 2, 0, 2, 0, 0, 0]",left,512
271,3830,"[16, 16, 4, 0, 512, 32, 4, 0, 8, 4, 0, 0, 2, 2, 0, 0]",up,512
272,3866,"[0, 0, 32, 4, 0, 512, 32, 4, 0, 0, 8, 4, 0, 0, 2, 4]",right,512
273,3946,"[0, 512, 64, 8, 0, 0, 8, 8, 0, 0, 2, 2, 0, 0, 0, 0]",up,512
274,3962,"[0, 512, 64, 16, 0, 0, 8, 2, 0, 0, 2, 0, 0, 0, 2, 0]",up,512
275,3966,"[0, 512, 64, 16, 0, 0, 8, 2, 0, 0, 4, 0, 0, 0, 2, 0]",up,512
276,3966,"[0, 0, 64, 0, 0, 0, 8, 0, 0, 0, 4, 16, 2, 512, 2, 2]",down,512
277,3966,"[2, 512, 64, 16, 0, 0, 8, 2, 0, 0, 4, 2, 0, 0, 2, 0]",up,512
278,3970,"[2, 512, 64, 16, 0, 0, 8, 4, 0, 0, 4, 2, 0, 0, 2, 0]",up,512
279,3970,"[0, 4, 64, 0, 0, 0, 8, 16, 0, 0, 4, 4, 2, 512, 2, 2]",down,512
280,3982,"[4, 64, 0, 2, 8, 16, 0, 0, 8, 0, 0, 0, 2, 512, 4, 0]",left,512
281,3990,"[0, 0, 0, 2, 4, 64, 0, 0, 16, 16, 0, 0, 2, 512, 4, 2]",down,512
282,3994,"[4, 64, 4, 4, 16, 16, 0, 0, 2, 512, 0, 0, 0, 0, 2, 0]",up,512
283,4034,"[4, 64, 8, 0, 32, 0, 2, 0, 2, 512, 0, 0, 2, 0, 0, 0]",left,512
284,4038,"[4, 64, 8, 0, 32, 512, 2, 0, 4, 0, 0, 0, 0, 0, 2, 0]",up,512
285,4042,"[4, 64, 8, 0, 32, 512, 4, 0, 4, 0, 0, 0, 0, 0, 2, 0]",up,512
286,4042,"[0, 4, 64, 8, 2, 32, 512, 4, 0, 0, 0, 4, 0, 0, 0, 2]",right,512
287,4050,"[2, 4, 64, 8, 0, 32, 512, 8, 0, 0, 0, 2, 0, 0, 2, 0]",up,512
288,4066,"[2, 4, 64, 16, 0, 32, 512, 2, 0, 0, 2, 0, 2, 0, 0, 0]",up,512
289,4070,"[4, 4, 64, 16, 0, 32, 512, 2, 0, 0, 2, 2, 0, 0, 0, 0]",up,512
290,4074,"[4, 4, 64, 16, 2, 32, 512, 4, 0, 0, 2, 0, 0, 0, 0, 0]",up,512
291,4082,"[8, 64, 16, 0, 2, 32, 512, 4, 2, 0, 0, 0, 0, 0, 0, 4]",left,512
292,4082,"[8, 64, 16, 2, 2, 32, 512, 4, 2, 0, 0, 0, 4, 0, 0, 0]",left,512
293,4086,"[8, 64, 16, 2, 4, 32, 512, 4, 4, 0, 0, 0, 0, 0, 4, 0]",up,512
294,4094,"[8, 64, 16, 2, 8, 32, 512, 4, 0, 2, 4, 0, 0, 0, 0, 0]",up,512
295,4110,"[16, 64, 16, 2, 0, 32, 512, 4, 2, 2, 4, 0, 0, 0, 0, 0]",up,512
296,4110,"[16, 64, 16, 2, 2, 32, 512, 4, 0, 2, 4, 0, 2, 0, 0, 0]",up,512
297,4114,"[16, 64, 16, 2, 4, 32, 512, 4, 0, 2, 4, 0, 0, 0, 2, 0]",up,512
298,4114,"[0, 0, 16, 2, 0, 64, 512, 0, 16, 32, 4, 2, 4, 2, 2, 4]",down,512
299,4116,"[0, 0, 16, 0, 0, 64, 512, 2, 16, 32, 4, 4, 4, 2, 2, 4]",down,512
300,4128,"[16, 0, 0, 0, 64, 512, 2, 0, 16, 32, 8, 0, 4, 4, 4, 2]",left,512
301,4128,"[16, 512, 2, 2, 64, 32, 8, 0, 16, 4, 4, 2, 4, 0, 0, 0]",up,512
302,4130,"[16, 0, 0, 2, 64, 512, 2, 0, 16, 32, 8, 0, 4, 4, 4, 4]",down,512
303,4146,"[16, 2, 0, 0, 64, 512, 2, 0, 16, 32, 8, 2, 8, 8, 0, 0]",left,512
304,4162,"[16, 2, 0, 4, 64, 512, 2, 0, 16, 32, 8, 2, 16, 0, 0, 0]",left,512
305,4194,"[16, 2, 2, 4, 64, 512, 8, 2, 32, 32, 0, 0, 0, 2, 0, 0]",up,512
306,4262,"[16, 4, 4, 0, 64, 512, 8, 2, 64, 0, 2, 0, 2, 0, 0, 0]",left,512
307,4270,"[16, 8, 0, 0, 64, 512, 8, 2, 64, 2, 0, 0, 2, 0, 0, 2]",left,512
308,4402,"[16, 8, 8, 4, 128, 512, 0, 4, 2, 2, 0, 0, 0, 0, 0, 0]",up,512
309,4410,"[16, 8, 8, 8, 128, 512, 2, 0, 2, 2, 0, 0, 0, 0, 0, 0]",up,512
310,4430,"[16, 16, 8, 0, 128, 512, 2, 0, 4, 0, 0, 2, 0, 0, 0, 0]",left,512
311,4430,"[16, 16, 8, 2, 128, 512, 2, 0, 4, 2, 0, 0, 0, 0, 0, 0]",up,512
312,4430,"[0, 0, 4, 0, 16, 16, 0, 0, 128, 512, 8, 0, 4, 2, 2, 2]",down,512
313,4430,"[16, 16, 4, 2, 128, 512, 8, 0, 4, 2, 2, 0, 2, 0, 0, 0]",up,512
314,4466,"[32, 4, 2, 0, 128, 512, 8, 0, 4, 4, 0, 0, 2, 2, 0, 0]",left,512
315,4478,"[32, 4, 2, 0, 128, 512, 8, 0, 8, 0, 0, 0, 4, 2, 0, 0]",left,512
316,4478,"[2, 32, 4, 2, 0, 128, 512, 8, 0, 0, 0, 8, 0, 0, 4, 2]",right,512
317,4494,"[2, 32, 4, 2, 0, 128, 512, 16, 0, 0, 4, 2, 0, 0, 2, 0]",up,512
318,4494,"[2, 32, 4, 2, 0, 128, 512, 16, 0, 2, 4, 2, 0, 0, 0, 2]",right,512
319,4498,"[2, 32, 4, 2, 0, 128, 512, 16, 0, 2, 4, 4, 0, 0, 2, 0]",up,512
320,4498,"[0, 0, 4, 4, 0, 32, 512, 2, 0, 128, 4, 16, 2, 2, 2, 4]",down,512
321,4498,"[2, 32, 4, 4, 0, 128, 512, 2, 0, 2, 4, 16, 0, 2, 2, 4]",up,512
322,4502,"[2, 32, 4, 4, 0, 128, 512, 2, 0, 4, 4, 16, 0, 2, 2, 4]",up,512
323,4522,"[2, 32, 8, 0, 128, 512, 2, 2, 8, 16, 0, 0, 4, 4, 0, 0]",left,512
324,4534,"[2, 32, 8, 2, 128, 512, 4, 0, 8, 16, 0, 0, 8, 0, 0, 0]",left,512
325,4550,"[2, 32, 8, 2, 128, 512, 4, 0, 16, 16, 0, 0, 0, 0, 4, 0]",up,512
326,4582,"[2, 32, 8, 2, 128, 512, 4, 0, 32, 0, 0, 0, 4, 0, 2, 0]",left,512
327,4582,"[2, 0, 2, 0, 128, 0, 8, 0, 32, 32, 4, 0, 4, 512, 2, 2]",down,512
328,4654,"[0, 0, 0, 4, 0, 0, 128, 8, 0, 2, 64, 4, 0, 4, 512, 4]",right,512
329,4662,"[0, 2, 128, 4, 0, 4, 64, 8, 2, 0, 512, 8, 0, 0, 0, 0]",up,512
330,4678,"[2, 2, 128, 4, 0, 4, 64, 16, 0, 0, 512, 2, 0, 0, 0, 0]",up,512
331,4682,"[4, 128, 4, 2, 4, 64, 16, 0, 512, 2, 0, 0, 0, 0, 0, 0]",left,512
332,4690,"[8, 128, 4, 2, 512, 64, 16, 0, 0, 2, 0, 0, 0, 0, 2, 0]",up,512
333,4690,"[8, 128, 4, 2, 512, 64, 16, 0, 0, 2, 2, 4, 0, 0, 0, 0]",up,512
334,4690,"[8, 128, 4, 2, 512, 64, 16, 4, 0, 2, 2, 0, 0, 0, 2, 0]",up,512
335,4694,"[8, 128, 4, 2, 512, 64, 16, 4, 0, 2, 4, 0, 0, 2, 0, 0]",up,512
336,4698,"[8, 128, 4, 2, 512, 64, 16, 4, 0, 4, 4, 0, 0, 0, 0, 2]",up,512
337,4698,"[8, 128, 4, 2, 512, 64, 16, 4, 2, 4, 4, 2, 0, 0, 0, 0]",up,512
338,4698,"[0, 2, 0, 0, 8, 128, 4, 2, 512, 64, 16, 4, 2, 4, 4, 2]",down,512
339,4706,"[2, 0, 0, 2, 8, 128, 4, 2, 512, 64, 16, 4, 2, 8, 2, 0]",left,512
340,4710,"[2, 128, 4, 4, 8, 64, 16, 4, 512, 8, 2, 4, 2, 0, 0, 0]",up,512
341,4718,"[2, 128, 8, 2, 8, 64, 16, 4, 512, 8, 2, 4, 2, 0, 0, 0]",left,512
342,4726,"[2, 128, 8, 2, 8, 64, 16, 8, 512, 8, 2, 0, 2, 0, 2, 0]",up,512
343,4730,"[2, 128, 8, 2, 8, 64, 16, 8, 0, 512, 8, 2, 0, 2, 0, 4]",right,512
344,4730,"[0, 128, 2, 2, 0, 64, 8, 8, 2, 512, 16, 2, 8, 2, 8, 4]",down,512
345,4730,"[2, 128, 2, 2, 8, 64, 8, 8, 0, 512, 16, 2, 2, 2, 8, 4]",up,512
346,4730,"[2, 128, 2, 2, 8, 64, 8, 8, 2, 512, 16, 2, 2, 2, 8, 4]",up,512
347,4734,"[2, 128, 2, 2, 8, 64, 8, 8, 4, 512, 16, 2, 2, 2, 8, 4]",up,512
348,4758,"[2, 128, 4, 0, 8, 64, 16, 0, 4, 512, 16, 2, 4, 8, 4, 2]",left,512
349,4802,"[2, 128, 4, 4, 8, 64, 32, 0, 8, 512, 4, 0, 0, 8, 0, 2]",up,512
350,4818,"[2, 128, 4, 4, 16, 64, 32, 2, 2, 512, 4, 0, 0, 8, 0, 0]",up,512
351,4818,"[2, 128, 0, 0, 2, 64, 4, 0, 16, 512, 32, 4, 2, 8, 4, 2]",down,512
352,4822,"[4, 128, 4, 4, 16, 64, 32, 2, 2, 512, 4, 2, 0, 8, 0, 0]",up,512
353,4826,"[4, 128, 4, 4, 16, 64, 32, 4, 2, 512, 4, 0, 2, 8, 0, 0]",up,512
354,4834,"[0, 4, 128, 8, 16, 64, 32, 4, 0, 2, 512, 4, 0, 2, 2, 8]",right,512
355,4846,"[16, 4, 128, 8, 0, 64, 32, 8, 0, 4, 512, 8, 0, 0, 2, 2]",up,512
356,4854,"[0, 2, 128, 0, 0, 4, 32, 8, 0, 64, 512, 16, 16, 4, 2, 2]",down,512
357,4858,"[2, 128, 0, 2, 4, 32, 8, 0, 64, 512, 16, 0, 16, 4, 4, 0]",left,512
358,4858,"[2, 128, 8, 2, 4, 32, 16, 0, 64, 512, 4, 0, 16, 4, 2, 0]",up,512
359,4858,"[2, 128, 8, 2, 4, 32, 16, 0, 64, 512, 4, 0, 16, 4, 2, 2]",down,512
360,4860,"[2, 128, 8, 0, 4, 32, 16, 0, 64, 512, 4, 2, 16, 4, 2, 4]",down,512
361,4860,"[2, 128, 8, 2, 4, 32, 16, 4, 64, 512, 4, 0, 16, 4, 2, 2]",up,512
362,4864,"[2, 128, 8, 2, 4, 32, 16, 4, 64, 512, 4, 2, 16, 4, 4, 0]",left,512
363,4872,"[2, 128, 8, 2, 4, 32, 16, 4, 64, 512, 8, 2, 16, 4, 0, 2]",up,512
364,4876,"[2, 128, 8, 2, 4, 32, 16, 4, 64, 512, 8, 4, 16, 4, 0, 2]",up,512
365,4876,"[2, 128, 8, 2, 4, 32, 16, 4, 64, 512, 8, 4, 2, 16, 4, 2]",right,512
366,4880,"[2, 128, 8, 2, 4, 32, 16, 2, 64, 512, 8, 8, 2, 16, 4, 2]",down,512
367,4896,"[2, 128, 8, 2, 4, 32, 16, 2, 64, 512, 16, 2, 2, 16, 4, 2]",left,512
368,4936,"[2, 128, 8, 4, 4, 32, 32, 4, 64, 512, 4, 0, 2, 16, 0, 2]",up,512
369,4944,"[2, 128, 8, 8, 4, 32, 32, 2, 64, 512, 4, 0, 2, 16, 0, 2]",up,512
370,4948,"[2, 128, 8, 8, 4, 32, 32, 4, 64, 512, 4, 0, 2, 16, 4, 0]",up,512
371,4956,"[2, 128, 8, 8, 4, 32, 32, 4, 64, 512, 8, 0, 2, 16, 0, 2]",up,512
372,4956,"[2, 128, 8, 8, 4, 32, 32, 4, 64, 512, 8, 2, 2, 16, 4, 0]",up,512
373,4956,"[2, 128, 8, 2, 4, 32, 32, 8, 64, 512, 8, 4, 2, 16, 4, 2]",down,512
374,5020,"[2, 128, 8, 2, 4, 64, 8, 2, 64, 512, 8, 4, 2, 16, 4, 2]",left,512
375,5030,"[2, 128, 0, 2, 4, 64, 8, 4, 64, 512, 16, 4, 2, 16, 4, 2]",down,512
376,5030,"[2, 2, 128, 2, 4, 64, 8, 4, 64, 512, 16, 4, 2, 16, 4, 2]",right,512
377,5034,"[4, 4, 128, 2, 4, 64, 8, 4, 64, 512, 16, 4, 2, 16, 4, 2]",right,512
378,5050,"[8, 4, 128, 2, 64, 64, 8, 8, 2, 512, 16, 2, 4, 16, 4, 0]",up,512
379,5194,"[8, 4, 128, 2, 128, 16, 0, 2, 2, 512, 16, 2, 4, 16, 4, 0]",left,512
380,5194,"[8, 4, 128, 2, 2, 128, 16, 2, 2, 512, 16, 2, 0, 4, 16, 4]",right,512
381,5214,"[0, 4, 2, 0, 0, 128, 128, 2, 8, 512, 16, 4, 4, 4, 32, 4]",down,512
382,5478,"[4, 2, 0, 0, 256, 2, 2, 0, 8, 512, 16, 4, 8, 32, 4, 0]",left,512
383,5498,"[4, 4, 2, 4, 256, 512, 16, 0, 16, 32, 4, 0, 0, 2, 0, 0]",up,512
384,5498,"[2, 4, 0, 0, 4, 512, 2, 0, 256, 32, 16, 0, 16, 2, 4, 4]",down,512
385,5498,"[2, 4, 2, 4, 4, 512, 16, 0, 256, 32, 4, 0, 16, 2, 2, 0]",up,512
386,5502,"[2, 4, 2, 4, 4, 512, 16, 2, 256, 32, 4, 0, 16, 4, 0, 0]",left,512
387,5502,"[2, 4, 0, 2, 4, 512, 2, 0, 256, 32, 16, 4, 16, 4, 4, 2]",down,512
388,5502,"[2, 4, 0, 2, 4, 512, 2, 2, 256, 32, 16, 4, 16, 4, 4, 2]",down,512
389,5506,"[2, 4, 2, 4, 4, 512, 16, 4, 256, 32, 4, 2, 16, 4, 2, 0]",up,512
390,5510,"[2, 4, 2, 4, 4, 512, 16, 0, 256, 32, 4, 8, 16, 4, 2, 2]",down,512
391,5514,"[2, 4, 2, 4, 4, 512, 16, 2, 256, 32, 4, 8, 16, 4, 4, 0]",left,512
392,5522,"[2, 4, 2, 4, 4, 512, 16, 2, 256, 32, 8, 8, 16, 4, 2, 0]",up,512
393,5538,"[2, 4, 2, 4, 4, 512, 16, 2, 256, 32, 16, 0, 16, 4, 2, 2]",left,512
394,5574,"[2, 4, 2, 4, 4, 512, 32, 4, 256, 32, 2, 0, 16, 4, 0, 2]",up,512
395,5582,"[2, 4, 2, 8, 4, 512, 32, 2, 256, 32, 2, 4, 16, 4, 0, 0]",up,512
396,5582,"[2, 4, 2, 0, 4, 512, 2, 8, 256, 32, 32, 2, 16, 4, 2, 4]",down,512
397,5646,"[2, 4, 2, 2, 4, 512, 2, 8, 256, 64, 2, 0, 16, 4, 2, 4]",left,512
398,5650,"[2, 4, 2, 0, 4, 512, 0, 2, 256, 64, 4, 8, 16, 4, 4, 4]",down,512
399,5658,"[0, 2, 4, 2, 2, 4, 512, 2, 256, 64, 4, 8, 0, 16, 4, 8]",right,512
400,5686,"[2, 2, 4, 4, 256, 4, 512, 16, 0, 64, 8, 2, 0, 16, 0, 0]",up,512
401,5698,"[0, 2, 4, 8, 256, 4, 512, 16, 0, 64, 8, 2, 0, 0, 0, 16]",right,512
402,5698,"[2, 4, 8, 0, 256, 4, 512, 16, 64, 8, 2, 0, 16, 0, 2, 0]",left,512
403,5710,"[2, 8, 8, 16, 256, 8, 512, 0, 64, 0, 4, 0, 16, 0, 2, 0]",up,512
404,5726,"[2, 16, 8, 16, 256, 0, 512, 2, 64, 0, 4, 0, 16, 0, 2, 0]",up,512
405,5726,"[2, 0, 8, 0, 256, 2, 512, 0, 64, 0, 4, 16, 16, 16, 2, 2]",down,512
406,5762,"[2, 8, 0, 0, 256, 2, 512, 0, 64, 4, 16, 4, 32, 4, 0, 0]",left,512
407,5762,"[2, 0, 2, 8, 0, 256, 2, 512, 64, 4, 16, 4, 0, 0, 32, 4]",right,512
408,5774,"[2, 256, 4, 8, 64, 4, 16, 512, 2, 0, 32, 8, 0, 0, 0, 0]",up,512
409,5774,"[2, 0, 0, 0, 2, 0, 4, 8, 64, 256, 16, 512, 2, 4, 32, 8]",down,512
410,5776,"[0, 0, 0, 2, 4, 0, 4, 8, 64, 256, 16, 512, 2, 4, 32, 8]",down,512
411,5784,"[2, 0, 0, 0, 8, 8, 4, 0, 64, 256, 16, 512, 2, 4, 32, 8]",left,512
412,5800,"[2, 0, 0, 2, 16, 4, 0, 0, 64, 256, 16, 512, 2, 4, 32, 8]",left,512
413,5804,"[4, 0, 0, 0, 16, 4, 2, 0, 64, 256, 16, 512, 2, 4, 32, 8]",left,512
414,5804,"[4, 4, 2, 512, 16, 256, 16, 8, 64, 4, 32, 0, 2, 2, 0, 0]",up,512
415,5804,"[4, 4, 2, 0, 16, 256, 2, 0, 64, 4, 16, 512, 2, 2, 32, 8]",down,512
416,5816,"[0, 2, 8, 2, 0, 16, 256, 2, 64, 4, 16, 512, 0, 4, 32, 8]",right,512
417,5822,"[4, 0, 8, 0, 0, 2, 256, 4, 0, 16, 16, 512, 64, 8, 32, 8]",down,512
418,5854,"[0, 0, 4, 8, 0, 2, 256, 4, 2, 0, 32, 512, 64, 8, 32, 8]",right,512
419,5918,"[2, 2, 4, 8, 64, 8, 256, 4, 0, 2, 64, 512, 0, 0, 0, 8]",up,512
420,5918,"[0, 0, 0, 8, 2, 2, 4, 4, 2, 8, 256, 512, 64, 2, 64, 8]",down,512
421,5920,"[2, 0, 0, 8, 0, 2, 4, 4, 4, 8, 256, 512, 64, 2, 64, 8]",down,512
422,5928,"[2, 8, 2, 0, 2, 8, 0, 0, 4, 8, 256, 512, 64, 2, 64, 8]",left,512
423,5938,"[0, 2, 0, 0, 4, 8, 2, 0, 4, 16, 256, 512, 64, 2, 64, 8]",down,512
424,5946,"[8, 2, 2, 512, 64, 8, 256, 8, 0, 16, 64, 0, 2, 2, 0, 0]",up,512
425,5954,"[0, 8, 4, 512, 64, 8, 256, 8, 0, 0, 16, 64, 2, 0, 0, 4]",right,512
426,5970,"[64, 16, 4, 512, 2, 0, 256, 8, 2, 0, 16, 64, 0, 0, 0, 4]",up,512
427,5974,"[64, 16, 4, 512, 4, 0, 256, 8, 0, 0, 16, 64, 2, 0, 0, 4]",up,512
428,5974,"[64, 16, 4, 512, 4, 0, 256, 8, 2, 0, 16, 64, 2, 0, 0, 4]",up,512
429,5978,"[64, 16, 4, 512, 4, 0, 256, 8, 4, 0, 16, 64, 0, 2, 0, 4]",up,512
430,5978,"[64, 16, 4, 512, 0, 4, 256, 8, 0, 4, 16, 64, 2, 0, 2, 4]",right,512
431,5982,"[64, 16, 4, 512, 0, 4, 256, 8, 0, 4, 16, 64, 2, 0, 4, 4]",right,512
432,5986,"[0, 2, 4, 512, 0, 0, 256, 8, 64, 16, 16, 64, 2, 8, 4, 4]",down,512
433,5986,"[64, 2, 4, 512, 2, 16, 256, 8, 0, 8, 16, 64, 0, 4, 4, 4]",up,512
434,5994,"[64, 2, 4, 512, 2, 16, 256, 8, 8, 16, 64, 2, 8, 4, 0, 0]",left,512
435,6042,"[64, 2, 4, 512, 2, 32, 256, 8, 16, 4, 64, 2, 0, 0, 0, 4]",up,512
436,6042,"[64, 2, 4, 512, 2, 32, 256, 8, 16, 4, 64, 2, 4, 0, 0, 2]",left,512
437,6044,"[64, 0, 0, 2, 2, 2, 4, 512, 16, 32, 256, 8, 4, 4, 64, 4]",down,512
438,6044,"[64, 2, 4, 2, 2, 32, 256, 512, 16, 4, 64, 8, 4, 2, 0, 4]",up,512
439,6044,"[64, 2, 4, 2, 2, 32, 256, 512, 16, 4, 64, 8, 4, 2, 4, 2]",left,512
1,0,"[4, 0, 0, 0, 0, 0, 0, 0, 0, 0, 0, 0, 0, 0, 2, 0]",up,4
2,0,"[4, 0, 2, 0, 0, 0, 2, 0, 0, 0, 0, 0, 0, 0, 0, 0]",up,4
3,4,"[4, 0, 4, 0, 0, 0, 0, 0, 0, 2, 0, 0, 0, 0, 0, 0]",up,4
4,12,"[8, 0, 0, 0, 0, 0, 0, 0, 2, 2, 0, 0, 0, 0, 0, 0]",left,8
5,12,"[8, 2, 0, 0, 2, 0, 0, 0, 0, 0, 0, 0, 0, 0, 0, 2]",up,8
6,12,"[8, 2, 0, 2, 2, 2, 0, 0, 0, 0, 0, 0, 0, 0, 0, 0]",up,8
7,20,"[8, 4, 2, 0, 4, 0, 0, 0, 0, 0, 0, 0, 0, 0, 0, 0]",left,8
8,20,"[0, 0, 0, 0, 0, 0, 4, 0, 8, 0, 0, 0, 4, 4, 2, 0]",down,8
9,20,"[8, 4, 4, 2, 4, 0, 2, 0, 0, 0, 0, 0, 0, 0, 0, 0]",up,8
10,20,"[0, 0, 0, 0, 2, 0, 0, 0, 8, 0, 4, 0, 4, 4, 2, 2]",down,8
11,20,"[2, 4, 4, 2, 8, 0, 2, 2, 4, 0, 0, 0, 0, 0, 0, 0]",up,8
12,32,"[2, 2, 8, 2, 0, 0, 8, 4, 0, 0, 0, 4, 0, 0, 0, 0]",right,8
13,56,"[2, 2, 16, 2, 2, 0, 0, 8, 0, 0, 0, 0, 0, 0, 0, 0]",up,16
14,58,"[2, 0, 0, 0, 0, 0, 0, 0, 0, 0, 0, 2, 4, 2, 16, 8]",down,16
15,58,"[2, 2, 16, 2, 4, 0, 0, 8, 0, 2, 0, 0, 0, 0, 0, 0]",up,16
16,62,"[4, 16, 2, 2, 4, 8, 0, 0, 2, 0, 0, 0, 0, 0, 0, 0]",left,16
17,66,"[0, 0, 0, 2, 0, 0, 0, 0, 8, 16, 0, 0, 2, 8, 2, 2]",down,16
18,68,"[0, 0, 0, 0, 0, 0, 0, 2, 8, 16, 0, 0, 2, 8, 2, 4]",down,16
19,68,"[0, 0, 0, 2, 0, 0, 0, 2, 0, 0, 8, 16, 2, 8, 2, 4]",right,16
20,72,"[2, 8, 8, 4, 0, 0, 2, 16, 0, 2, 0, 4, 0, 0, 0, 0]",up,16
21,72,"[2, 8, 8, 4, 0, 2, 2, 16, 0, 0, 0, 4, 0, 0, 0, 2]",up,16
22,72,"[2, 0, 0, 4, 0, 0, 0, 16, 0, 8, 8, 4, 2, 2, 2, 2]",down,16
23,96,"[2, 4, 0, 0, 16, 0, 0, 0, 16, 4, 0, 0, 4, 4, 0, 2]",left,16
24,116,"[0, 0, 2, 0, 2, 0, 0, 0, 32, 4, 0, 0, 4, 8, 0, 2]",down,32
25,116,"[2, 4, 2, 2, 32, 8, 0, 2, 4, 0, 0, 0, 0, 0, 0, 0]",up,32
26,120,"[2, 4, 4, 0, 32, 8, 2, 0, 4, 0, 0, 0, 0, 0, 0, 2]",left,32
27,120,"[2, 4, 4, 2, 32, 8, 2, 0, 4, 0, 0, 2, 0, 0, 0, 0]",up,32
28,124,"[2, 4, 4, 4, 32, 8, 2, 0, 4, 0, 0, 0, 4, 0, 0, 0]",up,32
29,132,"[2, 8, 4, 0, 32, 8, 2, 0, 4, 0, 0, 0, 4, 0, 0, 2]",left,32
30,132,"[2, 8, 4, 0, 32, 8, 2, 0, 4, 0, 4, 0, 4, 2, 0, 0]",left,32
31,156,"[2, 16, 4, 2, 32, 2, 2, 0, 8, 0, 4, 0, 0, 0, 0, 0]",up,32
32,160,"[2, 16, 4, 2, 0, 0, 32, 4, 0, 2, 8, 4, 0, 0, 0, 0]",right,32
33,164,"[0, 0, 0, 0, 0, 0, 4, 2, 0, 16, 32, 2, 2, 2, 8, 8]",down,32
34,168,"[2, 16, 4, 4, 0, 2, 32, 8, 0, 0, 8, 0, 0, 2, 0, 0]",up,32
35,176,"[2, 16, 8, 0, 2, 32, 8, 0, 8, 0, 0, 0, 2, 2, 0, 0]",left,32
36,196,"[4, 16, 16, 0, 8, 32, 0, 0, 2, 2, 0, 0, 0, 0, 2, 0]",up,32
37,232,"[0, 2, 4, 32, 0, 0, 8, 32, 0, 0, 0, 4, 0, 0, 0, 2]",right,32
38,232,"[2, 4, 32, 0, 8, 32, 0, 0, 4, 0, 0, 0, 2, 0, 0, 2]",left,32
39,236,"[2, 4, 32, 0, 8, 32, 0, 0, 4, 0, 0, 2, 4, 0, 0, 0]",left,32
40,244,"[2, 4, 32, 2, 8, 32, 2, 0, 8, 0, 0, 0, 0, 0, 0, 0]",up,32
41,244,"[2, 4, 32, 2, 2, 8, 32, 2, 0, 0, 0, 8, 0, 0, 0, 0]",right,32
42,316,"[4, 4, 64, 4, 0, 8, 0, 8, 0, 0, 0, 0, 0, 0, 0, 4]",up,64
43,316,"[4, 4, 64, 4, 0, 8, 0, 8, 0, 0, 0, 4, 0, 2, 0, 0]",up,64
44,316,"[4, 4, 64, 4, 0, 8, 0, 8, 2, 2, 0, 4, 0, 0, 0, 0]",up,64
45,316,"[0, 2, 0, 0, 0, 4, 0, 4, 4, 8, 0, 8, 2, 2, 64, 4]",down,64
46,344,"[2, 0, 0, 0, 8, 2, 0, 0, 4, 16, 0, 0, 4, 64, 4, 0]",left,64
47,352,"[2, 2, 4, 0, 8, 16, 0, 0, 8, 64, 0, 0, 0, 0, 0, 2]",up,64
48,368,"[2, 2, 4, 2, 16, 16, 0, 0, 0, 64, 0, 0, 0, 2, 0, 0]",up,64
49,404,"[4, 4, 2, 0, 32, 0, 0, 0, 64, 0, 4, 0, 2, 0, 0, 0]",left,64
50,404,"[4, 4, 2, 0, 32, 0, 4, 0, 64, 0, 0, 2, 2, 0, 0, 0]",up,64
51,404,"[4, 4, 2, 2, 32, 0, 4, 0, 64, 0, 0, 2, 2, 0, 0, 0]",up,64
52,416,"[8, 4, 2, 0, 32, 4, 0, 0, 64, 2, 0, 0, 2, 0, 0, 0]",left,64
53,424,"[8, 8, 2, 0, 32, 2, 0, 0, 64, 0, 0, 0, 2, 0, 0, 2]",up,64
54,424,"[8, 0, 0, 0, 32, 2, 0, 0, 64, 8, 0, 0, 2, 2, 2, 2]",down,64
55,432,"[8, 2, 0, 0, 32, 2, 0, 0, 64, 8, 0, 0, 4, 4, 0, 0]",left,64
56,436,"[8, 4, 0, 0, 32, 8, 0, 0, 64, 4, 0, 4, 4, 0, 0, 0]",up,64
57,436,"[8, 4, 0, 4, 32, 8, 0, 0, 64, 4, 2, 0, 4, 0, 0, 0]",up,64
58,444,"[8, 8, 0, 0, 32, 8, 0, 0, 64, 4, 2, 0, 4, 0, 2, 0]",left,64
59,460,"[0, 0, 0, 16, 0, 0, 32, 8, 2, 64, 4, 2, 0, 0, 4, 2]",right,64
60,472,"[2, 64, 32, 16, 0, 0, 8, 8, 0, 0, 0, 4, 2, 0, 0, 0]",up,64
61,488,"[2, 64, 32, 16, 0, 0, 0, 16, 0, 0, 0, 4, 0, 0, 2, 2]",right,64
62,492,"[2, 64, 32, 16, 0, 0, 0, 16, 0, 0, 2, 4, 0, 0, 0, 4]",right,64
63,532,"[2, 64, 32, 32, 0, 0, 2, 8, 0, 0, 0, 0, 0, 0, 0, 2]",up,64
64,532,"[2, 64, 32, 32, 0, 0, 2, 8, 0, 2, 0, 2, 0, 0, 0, 0]",up,64
65,600,"[2, 64, 64, 0, 2, 8, 0, 0, 4, 0, 0, 0, 0, 0, 4, 0]",left,64
66,604,"[4, 64, 64, 0, 4, 8, 4, 0, 2, 0, 0, 0, 0, 0, 0, 0]",up,64
67,612,"[8, 64, 64, 0, 2, 8, 4, 0, 0, 0, 0, 0, 0, 0, 2, 0]",up,64
68,740,"[8, 128, 2, 0, 2, 8, 4, 0, 0, 0, 0, 0, 2, 0, 0, 0]",left,128
69,744,"[8, 128, 2, 0, 4, 8, 4, 2, 0, 0, 0, 0, 0, 0, 0, 0]",up,128
70,744,"[8, 128, 2, 2, 4, 8, 4, 0, 0, 0, 0, 0, 0, 0, 2, 0]",up,128
71,744,"[8, 128, 2, 2, 4, 8, 4, 0, 0, 0, 2, 0, 2, 0, 0, 0]",up,128
72,744,"[8, 128, 2, 2, 4, 8, 4, 0, 2, 0, 2, 2, 0, 0, 0, 0]",up,128
73,748,"[8, 128, 2, 4, 4, 8, 4, 0, 2, 0, 2, 0, 0, 0, 0, 4]",up,128
74,756,"[8, 128, 2, 8, 4, 8, 4, 0, 2, 2, 2, 0, 0, 0, 0, 0]",up,128
75,760,"[8, 128, 2, 8, 4, 8, 4, 0, 4, 2, 0, 2, 0, 0, 0, 0]",left,128
76,764,"[8, 128, 2, 8, 4, 8, 4, 0, 4, 4, 2, 0, 0, 0, 0, 0]",left,128
77,768,"[0, 0, 2, 0, 0, 128, 2, 0, 8, 8, 4, 0, 8, 4, 2, 8]",down,128
78,788,"[16, 128, 4, 8, 0, 8, 4, 0, 2, 4, 2, 0, 0, 0, 0, 0]",up,128
79,796,"[16, 128, 8, 8, 2, 8, 2, 0, 0, 4, 0, 0, 2, 0, 0, 0]",up,128
80,800,"[16, 128, 8, 8, 4, 8, 2, 0, 0, 4, 0, 0, 0, 2, 0, 0]",up,128
81,800,"[0, 128, 0, 0, 2, 8, 0, 0, 16, 4, 8, 0, 4, 2, 2, 8]",down,128
82,804,"[128, 2, 0, 0, 2, 8, 0, 0, 16, 4, 8, 0, 4, 4, 8, 0]",left,128
83,812,"[0, 0, 128, 2, 0, 2, 2, 8, 0, 16, 4, 8, 0, 0, 8, 8]",right,128
84,820,"[0, 0, 128, 0, 2, 0, 2, 2, 0, 2, 4, 8, 0, 16, 8, 16]",down,128
85,820,"[0, 0, 128, 2, 0, 0, 2, 2, 0, 2, 4, 8, 2, 16, 8, 16]",down,128
86,822,"[0, 0, 128, 2, 0, 0, 2, 4, 0, 2, 4, 8, 2, 16, 8, 16]",down,128
87,822,"[128, 2, 0, 4, 2, 4, 0, 0, 2, 4, 8, 0, 2, 16, 8, 16]",left,128
88,822,"[0, 128, 2, 4, 0, 0, 2, 4, 2, 2, 4, 8, 2, 16, 8, 16]",right,128
89,838,"[4, 128, 4, 8, 0, 2, 4, 8, 2, 16, 8, 16, 0, 0, 0, 0]",up,128
90,862,"[4, 128, 8, 16, 2, 2, 8, 16, 0, 16, 0, 0, 2, 0, 0, 0]",up,128
91,914,"[4, 128, 16, 32, 4, 2, 2, 0, 0, 16, 0, 0, 0, 0, 0, 0]",up,128
92,922,"[8, 128, 16, 32, 0, 2, 2, 0, 0, 16, 0, 0, 0, 0, 2, 0]",up,128
93,926,"[8, 128, 16, 32, 0, 2, 4, 0, 0, 16, 0, 0, 0, 2, 0, 0]",up,128
94,926,"[0, 128, 0, 0, 2, 2, 0, 0, 0, 16, 16, 0, 8, 2, 4, 32]",down,128
95,926,"[0, 128, 0, 0, 2, 2, 0, 0, 2, 16, 16, 0, 8, 2, 4, 32]",down,128
96,962,"[2, 0, 0, 128, 0, 0, 0, 4, 0, 0, 2, 32, 8, 2, 4, 32]",right,128
97,1026,"[2, 2, 2, 128, 8, 0, 4, 4, 0, 0, 0, 64, 0, 2, 0, 0]",up,128
98,1030,"[2, 4, 2, 128, 8, 2, 4, 4, 0, 0, 0, 64, 0, 0, 0, 0]",up,128
99,1038,"[2, 4, 2, 128, 8, 2, 8, 0, 64, 0, 2, 0, 0, 0, 0, 0]",left,128
100,1038,"[2, 0, 0, 0, 2, 0, 2, 0, 8, 4, 8, 0, 64, 2, 2, 128]",down,128
101,1042,"[4, 4, 2, 128, 8, 2, 8, 2, 64, 0, 2, 0, 0, 0, 0, 0]",up,128
102,1042,"[0, 0, 2, 0, 4, 0, 2, 0, 8, 4, 8, 128, 64, 2, 2, 2]",down,128
103,1044,"[0, 0, 0, 0, 4, 0, 4, 2, 8, 4, 8, 128, 64, 2, 2, 2]",down,128
104,1056,"[0, 0, 0, 4, 8, 2, 0, 0, 8, 4, 8, 128, 64, 4, 2, 0]",left,128
105,1056,"[4, 0, 0, 2, 8, 2, 0, 0, 8, 4, 8, 128, 64, 4, 2, 0]",left,128
106,1056,"[4, 2, 2, 0, 8, 2, 0, 0, 8, 4, 8, 128, 64, 4, 2, 0]",left,128
107,1084,"[4, 4, 2, 128, 16, 8, 8, 0, 64, 0, 2, 0, 0, 0, 0, 2]",up,128
108,1084,"[4, 4, 2, 128, 16, 8, 8, 2, 64, 0, 2, 0, 0, 0, 2, 0]",up,128
109,1088,"[4, 4, 2, 128, 16, 8, 8, 2, 64, 0, 4, 0, 0, 0, 2, 0]",up,128
110,1112,"[8, 2, 128, 0, 16, 16, 2, 4, 64, 4, 0, 0, 2, 0, 0, 0]",left,128
111,1144,"[8, 2, 128, 0, 32, 2, 4, 0, 64, 4, 0, 0, 2, 2, 0, 0]",left,128
112,1146,"[8, 0, 0, 0, 32, 4, 2, 0, 64, 4, 128, 0, 2, 2, 4, 0]",down,128
113,1154,"[8, 8, 2, 0, 32, 2, 128, 0, 64, 2, 4, 0, 2, 0, 0, 0]",up,128
114,1170,"[16, 2, 0, 4, 32, 2, 128, 0, 64, 2, 4, 0, 2, 0, 0, 0]",left,128
115,1172,"[16, 0, 0, 0, 32, 0, 0, 2, 64, 2, 128, 0, 2, 4, 4, 4]",down,128
116,1180,"[0, 0, 0, 16, 0, 2, 32, 2, 0, 64, 2, 128, 0, 2, 4, 8]",right,128
117,1180,"[0, 2, 32, 16, 0, 64, 2, 2, 0, 2, 4, 128, 2, 0, 0, 8]",up,128
118,1180,"[2, 2, 32, 16, 0, 64, 2, 2, 0, 2, 4, 128, 0, 2, 0, 8]",up,128
119,1184,"[2, 2, 32, 16, 0, 64, 2, 2, 0, 4, 4, 128, 0, 0, 2, 8]",up,128
120,1200,"[4, 32, 16, 2, 64, 4, 0, 0, 8, 128, 0, 0, 2, 8, 0, 0]",left,128
121,1200,"[4, 32, 0, 0, 64, 4, 0, 0, 8, 128, 2, 0, 2, 8, 16, 2]",down,128
122,1200,"[0, 0, 4, 32, 2, 0, 64, 4, 0, 8, 128, 2, 2, 8, 16, 2]",right,128
123,1224,"[4, 16, 4, 32, 0, 2, 64, 4, 0, 0, 128, 4, 0, 0, 16, 0]",up,128
124,1232,"[4, 16, 4, 32, 0, 2, 64, 8, 0, 0, 128, 0, 0, 0, 16, 2]",up,128
125,1232,"[4, 16, 4, 32, 0, 2, 64, 8, 0, 0, 128, 2, 0, 2, 16, 0]",up,128
126,1234,"[0, 0, 4, 2, 0, 0, 64, 32, 0, 16, 128, 8, 4, 4, 16, 2]",down,128
127,1234,"[4, 16, 4, 2, 0, 4, 64, 32, 2, 0, 128, 8, 0, 0, 16, 2]",up,128
128,1234,"[4, 16, 4, 2, 4, 64, 32, 2, 2, 128, 8, 0, 16, 2, 0, 0]",left,128
129,1234,"[4, 16, 4, 2, 4, 64, 32, 2, 0, 2, 128, 8, 0, 2, 16, 2]",right,128
130,1250,"[8, 16, 4, 4, 0, 64, 32, 8, 0, 4, 128, 2, 0, 0, 16, 2]",up,128
131,1258,"[0, 8, 16, 8, 0, 64, 32, 8, 0, 4, 128, 2, 0, 2, 16, 2]",right,128
132,1278,"[2, 8, 16, 16, 0, 64, 32, 4, 0, 4, 128, 0, 0, 2, 16, 0]",up,128
133,1310,"[2, 8, 32, 2, 64, 32, 4, 0, 4, 128, 0, 0, 2, 16, 0, 0]",left,128
134,1310,"[2, 8, 32, 2, 0, 64, 32, 4, 2, 0, 4, 128, 0, 0, 2, 16]",right,128
135,1378,"[4, 8, 64, 2, 0, 64, 4, 4, 0, 0, 2, 128, 0, 2, 0, 16]",up,128
136,1378,"[4, 8, 64, 2, 0, 64, 4, 4, 0, 2, 2, 128, 2, 0, 0, 16]",up,128
137,1378,"[4, 8, 64, 2, 2, 64, 4, 4, 0, 2, 2, 128, 0, 2, 0, 16]",up,128
138,1382,"[4, 8, 64, 2, 2, 64, 4, 4, 0, 4, 2, 128, 0, 2, 0, 16]",up,128
139,1390,"[4, 8, 64, 2, 2, 64, 8, 2, 4, 2, 128, 0, 2, 16, 0, 0]",left,128
140,1394,"[4, 8, 64, 4, 2, 64, 8, 0, 4, 2, 128, 4, 2, 16, 0, 0]",up,128
141,1402,"[4, 8, 64, 8, 2, 64, 8, 0, 4, 2, 128, 0, 2, 16, 0, 2]",up,128
142,1402,"[4, 8, 0, 0, 2, 64, 64, 2, 4, 2, 8, 8, 2, 16, 128, 2]",down,128
143,1402,"[4, 8, 64, 2, 2, 64, 8, 8, 4, 2, 128, 2, 2, 16, 2, 0]",up,128
144,1418,"[4, 8, 64, 2, 2, 2, 64, 16, 4, 2, 128, 2, 0, 2, 16, 2]",right,128
145,1422,"[4, 8, 64, 2, 2, 4, 64, 16, 4, 2, 128, 2, 0, 2, 16, 2]",right,128
146,1558,"[4, 8, 128, 2, 2, 4, 128, 16, 4, 4, 16, 4, 0, 2, 0, 0]",up,128
147,1822,"[4, 8, 256, 2, 2, 8, 16, 16, 4, 2, 0, 4, 0, 2, 0, 0]",up,256
148,1854,"[4, 8, 256, 2, 2, 8, 32, 0, 4, 2, 4, 0, 2, 0, 0, 4]",left,256
149,1870,"[4, 16, 256, 2, 2, 2, 32, 4, 4, 0, 4, 0, 2, 0, 2, 0]",up,256
150,1886,"[4, 16, 256, 2, 4, 32, 4, 0, 8, 0, 0, 0, 4, 2, 0, 0]",left,256
151,1890,"[0, 4, 0, 0, 8, 16, 0, 0, 8, 32, 256, 0, 4, 2, 4, 2]",down,256
152,1898,"[2, 4, 0, 0, 0, 16, 0, 0, 16, 32, 256, 0, 4, 2, 4, 2]",down,256
153,1898,"[2, 4, 256, 2, 16, 16, 4, 0, 4, 32, 0, 2, 0, 2, 0, 0]",up,256
154,1902,"[2, 4, 256, 4, 16, 16, 4, 0, 4, 32, 0, 0, 0, 2, 2, 0]",up,256
155,1938,"[2, 4, 256, 4, 2, 0, 32, 4, 0, 0, 4, 32, 0, 0, 0, 4]",right,256
156,1950,"[4, 4, 256, 8, 0, 0, 32, 32, 0, 0, 4, 4, 2, 0, 0, 0]",up,256
157,1950,"[0, 0, 0, 0, 0, 0, 256, 8, 4, 2, 32, 32, 2, 4, 4, 4]",down,256
158,1950,"[4, 2, 256, 8, 2, 4, 32, 32, 0, 0, 4, 4, 2, 0, 0, 0]",up,256
159,1954,"[4, 2, 256, 8, 4, 4, 32, 32, 0, 0, 4, 4, 0, 0, 2, 0]",up,256
160,2034,"[4, 2, 256, 8, 8, 64, 0, 2, 8, 0, 0, 0, 2, 0, 0, 0]",left,256
161,2050,"[4, 2, 256, 8, 16, 64, 0, 2, 2, 2, 0, 0, 0, 0, 0, 0]",up,256
162,2054,"[4, 2, 256, 8, 16, 64, 2, 0, 4, 0, 0, 2, 0, 0, 0, 0]",left,256
163,2054,"[4, 2, 256, 8, 16, 64, 2, 2, 4, 0, 0, 0, 0, 0, 0, 4]",up,256
164,2058,"[4, 2, 256, 8, 16, 64, 4, 0, 4, 0, 0, 2, 4, 0, 0, 0]",left,256
165,2066,"[4, 2, 256, 8, 16, 64, 4, 2, 8, 2, 0, 0, 0, 0, 0, 0]",up,256
166,2066,"[4, 2, 256, 8, 16, 64, 4, 2, 0, 2, 8, 2, 0, 0, 0, 0]",right,256
167,2070,"[4, 2, 256, 8, 16, 64, 4, 4, 0, 2, 8, 2, 0, 0, 0, 0]",up,256
168,2070,"[0, 0, 0, 2, 0, 2, 256, 8, 4, 64, 4, 4, 16, 2, 8, 2]",down,256
169,2070,"[4, 2, 256, 2, 16, 64, 4, 8, 0, 2, 8, 4, 0, 2, 0, 2]",up,256
170,2072,"[0, 0, 2, 2, 0, 2, 256, 8, 4, 64, 4, 4, 16, 4, 8, 2]",down,256
171,2084,"[4, 0, 0, 2, 2, 256, 8, 0, 4, 64, 8, 0, 16, 4, 8, 2]",left,256
172,2104,"[4, 256, 16, 4, 2, 64, 8, 0, 4, 4, 2, 0, 16, 0, 0, 0]",up,256
173,2104,"[4, 2, 0, 0, 2, 256, 16, 0, 4, 64, 8, 0, 16, 4, 2, 4]",down,256
174,2104,"[4, 2, 16, 4, 2, 256, 8, 2, 4, 64, 2, 0, 16, 4, 0, 0]",up,256
175,2104,"[4, 2, 0, 0, 2, 256, 16, 4, 4, 64, 8, 4, 16, 4, 2, 2]",down,256
176,2108,"[4, 2, 0, 2, 2, 256, 16, 0, 4, 64, 8, 8, 16, 4, 2, 2]",down,256
177,2132,"[4, 4, 0, 0, 2, 256, 16, 0, 4, 64, 16, 2, 16, 4, 4, 0]",left,256
178,2164,"[4, 4, 32, 2, 2, 256, 4, 0, 4, 64, 0, 0, 16, 4, 2, 0]",up,256
179,2164,"[4, 4, 2, 0, 2, 256, 32, 0, 4, 64, 4, 0, 16, 4, 2, 2]",down,256
180,2164,"[4, 4, 2, 2, 2, 256, 32, 0, 4, 64, 4, 0, 16, 4, 2, 2]",up,256
181,2168,"[4, 4, 2, 4, 2, 256, 32, 2, 4, 64, 4, 0, 16, 4, 2, 0]",up,256
182,2168,"[4, 4, 2, 4, 2, 256, 32, 0, 4, 64, 4, 4, 16, 4, 2, 2]",down,256
183,2188,"[8, 2, 4, 0, 2, 256, 32, 0, 4, 64, 8, 0, 16, 4, 4, 2]",left,256
184,2188,"[8, 2, 4, 2, 2, 256, 32, 0, 4, 64, 8, 2, 16, 4, 4, 0]",up,256
185,2192,"[8, 2, 4, 4, 2, 256, 32, 0, 4, 64, 8, 0, 16, 4, 4, 2]",up,256
186,2192,"[8, 2, 4, 4, 2, 256, 32, 2, 4, 64, 8, 0, 16, 4, 4, 2]",up,256
187,2196,"[8, 2, 4, 4, 2, 256, 32, 4, 4, 64, 8, 2, 16, 4, 4, 0]",up,256
188,2204,"[8, 2, 4, 8, 2, 256, 32, 2, 4, 64, 8, 2, 16, 4, 4, 0]",up,256
189,2208,"[8, 2, 4, 8, 2, 256, 32, 4, 4, 64, 8, 2, 16, 4, 4, 0]",up,256
190,2208,"[8, 2, 4, 4, 2, 256, 32, 8, 4, 64, 8, 4, 16, 4, 4, 2]",down,256
191,2224,"[0, 8, 2, 8, 2, 256, 32, 8, 4, 64, 8, 4, 2, 16, 8, 2]",right,256
192,2240,"[0, 8, 2, 0, 2, 256, 2, 16, 4, 64, 32, 4, 2, 16, 16, 2]",down,256
193,2242,"[2, 8, 0, 0, 2, 256, 4, 16, 4, 64, 32, 4, 2, 16, 16, 2]",down,256
194,2244,"[2, 8, 0, 0, 4, 256, 4, 16, 4, 64, 32, 4, 2, 16, 16, 2]",down,256
195,2276,"[0, 0, 2, 8, 4, 256, 4, 16, 4, 64, 32, 4, 2, 2, 32, 2]",right,256
196,2348,"[8, 256, 2, 8, 2, 64, 4, 16, 0, 2, 64, 4, 2, 0, 0, 2]",up,256
197,2352,"[8, 256, 2, 8, 2, 64, 4, 16, 2, 64, 4, 2, 4, 0, 0, 0]",left,256
198,2492,"[8, 256, 2, 8, 4, 128, 8, 16, 4, 0, 0, 2, 0, 0, 4, 0]",up,256
199,2500,"[8, 256, 2, 8, 8, 128, 8, 16, 0, 0, 4, 2, 0, 0, 2, 0]",up,256
200,2516,"[16, 256, 2, 8, 0, 128, 8, 16, 2, 0, 4, 2, 0, 0, 2, 0]",up,256
201,2516,"[16, 256, 2, 8, 2, 128, 8, 16, 2, 0, 4, 2, 0, 0, 2, 0]",up,256
202,2520,"[16, 256, 2, 8, 4, 128, 8, 16, 0, 0, 4, 2, 0, 2, 2, 0]",up,256
203,2520,"[0, 0, 2, 2, 0, 256, 8, 8, 16, 128, 4, 16, 4, 2, 2, 2]",down,256
204,2520,"[16, 256, 2, 2, 4, 128, 8, 8, 2, 2, 4, 16, 0, 0, 2, 2]",up,256
205,2548,"[16, 256, 4, 2, 4, 128, 16, 0, 4, 4, 16, 0, 4, 0, 0, 0]",left,256
206,2588,"[16, 256, 4, 2, 8, 128, 32, 0, 4, 4, 0, 2, 0, 0, 0, 0]",up,256
207,2592,"[16, 256, 4, 4, 8, 128, 32, 0, 4, 4, 0, 0, 2, 0, 0, 0]",up,256
208,2608,"[16, 256, 8, 0, 8, 128, 32, 0, 8, 2, 0, 0, 2, 0, 0, 0]",left,256
209,2624,"[16, 256, 8, 0, 16, 128, 32, 0, 2, 2, 0, 0, 0, 2, 0, 0]",up,256
210,2660,"[32, 256, 8, 0, 2, 128, 32, 0, 0, 4, 0, 0, 0, 0, 0, 2]",up,256
211,2660,"[0, 32, 256, 8, 0, 2, 128, 32, 2, 0, 0, 4, 0, 0, 0, 2]",right,256
212,2660,"[2, 32, 256, 8, 0, 2, 128, 32, 2, 0, 0, 4, 0, 0, 0, 2]",up,256
213,2664,"[4, 32, 256, 8, 0, 2, 128, 32, 0, 2, 0, 4, 0, 0, 0, 2]",up,256
214,2668,"[4, 32, 256, 8, 0, 4, 128, 32, 0, 0, 0, 4, 0, 2, 0, 2]",up,256
215,2672,"[4, 32, 256, 8, 4, 128, 32, 0, 4, 0, 0, 0, 4, 0, 0, 4]",left,256
216,2688,"[8, 32, 256, 8, 8, 128, 32, 4, 0, 0, 0, 0, 2, 0, 0, 0]",up,256
217,2688,"[8, 32, 256, 8, 8, 128, 32, 4, 0, 2, 0, 0, 0, 0, 0, 2]",right,256
218,2704,"[16, 32, 256, 8, 0, 128, 32, 4, 0, 2, 0, 2, 0, 2, 0, 0]",up,256
219,2708,"[16, 32, 256, 8, 128, 32, 4, 0, 4, 0, 0, 0, 2, 0, 0, 2]",left,256
220,2712,"[16, 32, 256, 8, 128, 32, 4, 0, 4, 0, 0, 0, 4, 0, 0, 4]",left,256
221,2748,"[0, 0, 0, 2, 16, 0, 0, 0, 128, 0, 256, 8, 8, 64, 4, 4]",down,256
222,2756,"[2, 0, 0, 0, 16, 0, 2, 0, 128, 256, 8, 0, 8, 64, 8, 0]",left,256
223,2756,"[2, 0, 0, 0, 16, 2, 0, 2, 128, 256, 8, 0, 8, 64, 8, 0]",left,256
224,2772,"[2, 2, 16, 2, 16, 256, 2, 0, 128, 64, 0, 0, 8, 0, 0, 0]",up,256
225,2776,"[4, 16, 2, 0, 16, 256, 2, 0, 128, 64, 2, 0, 8, 0, 0, 0]",left,256
226,2780,"[4, 16, 4, 0, 16, 256, 2, 0, 128, 64, 0, 0, 8, 0, 2, 0]",up,256
227,2784,"[4, 16, 4, 0, 16, 256, 4, 0, 128, 64, 0, 0, 8, 0, 0, 2]",up,256
228,2792,"[4, 16, 8, 2, 16, 256, 0, 0, 128, 64, 0, 0, 8, 2, 0, 0]",up,256
229,2792,"[4, 16, 0, 0, 16, 256, 0, 0, 128, 64, 2, 0, 8, 2, 8, 2]",down,256
230,2792,"[0, 0, 4, 16, 0, 0, 16, 256, 2, 128, 64, 2, 8, 2, 8, 2]",right,256
231,2796,"[2, 128, 4, 16, 8, 2, 16, 256, 2, 0, 64, 4, 0, 0, 8, 0]",up,256
232,2796,"[0, 0, 4, 2, 2, 0, 16, 16, 8, 128, 64, 256, 2, 2, 8, 4]",down,256
233,2832,"[4, 2, 0, 0, 2, 32, 2, 0, 8, 128, 64, 256, 4, 8, 4, 0]",left,256
234,2832,"[4, 2, 2, 0, 2, 32, 2, 0, 8, 128, 64, 0, 4, 8, 4, 256]",down,256
235,2836,"[4, 4, 2, 0, 2, 32, 2, 0, 8, 128, 64, 0, 4, 8, 4, 256]",left,256
236,2840,"[4, 4, 4, 256, 2, 32, 64, 0, 8, 128, 4, 0, 4, 8, 4, 0]",up,256
237,2848,"[4, 4, 4, 256, 2, 32, 64, 0, 8, 128, 8, 4, 4, 8, 0, 0]",up,256
238,2848,"[4, 4, 4, 256, 2, 32, 64, 4, 8, 128, 8, 2, 4, 8, 0, 0]",up,256
239,2848,"[4, 4, 0, 2, 2, 32, 4, 256, 8, 128, 64, 4, 4, 8, 8, 2]",down,256
240,2872,"[0, 4, 8, 2, 2, 32, 4, 256, 8, 128, 64, 4, 0, 4, 16, 2]",right,256
241,2872,"[2, 4, 8, 2, 8, 32, 4, 256, 0, 128, 64, 4, 2, 4, 16, 2]",up,256
242,2872,"[2, 4, 8, 2, 8, 32, 4, 256, 128, 64, 4, 2, 2, 4, 16, 2]",left,256
243,2884,"[2, 4, 8, 2, 8, 32, 8, 256, 128, 64, 16, 4, 2, 4, 0, 2]",up,256
244,2900,"[2, 4, 16, 2, 8, 32, 16, 256, 128, 64, 2, 4, 2, 4, 0, 2]",up,256
245,2916,"[2, 4, 0, 2, 8, 32, 2, 256, 128, 64, 32, 4, 2, 4, 2, 2]",down,256
246,2916,"[2, 4, 2, 2, 8, 32, 32, 256, 128, 64, 2, 4, 2, 4, 2, 2]",up,256
247,2988,"[2, 4, 4, 2, 8, 64, 256, 0, 128, 64, 2, 4, 2, 4, 4, 0]",left,256
248,3004,"[2, 8, 2, 0, 8, 64, 256, 0, 128, 64, 2, 4, 2, 8, 0, 2]",left,256
249,3068,"[2, 0, 2, 0, 8, 8, 2, 0, 128, 128, 256, 4, 2, 8, 2, 2]",down,256
250,3070,"[2, 0, 0, 2, 8, 8, 4, 0, 128, 128, 256, 4, 2, 8, 2, 2]",down,256
251,3350,"[4, 0, 0, 0, 16, 4, 0, 2, 256, 256, 4, 0, 2, 8, 4, 0]",left,256
252,3358,"[4, 4, 8, 2, 16, 256, 0, 0, 256, 8, 0, 0, 2, 0, 2, 0]",up,256
253,3358,"[4, 2, 0, 0, 16, 4, 0, 0, 256, 256, 8, 0, 2, 8, 2, 2]",down,256
254,3874,"[4, 2, 0, 0, 16, 4, 0, 0, 512, 8, 0, 0, 2, 8, 4, 2]",left,512
255,3890,"[4, 2, 4, 2, 16, 4, 0, 0, 512, 16, 0, 0, 2, 0, 2, 0]",up,512
256,3894,"[4, 2, 4, 2, 16, 4, 0, 2, 512, 16, 0, 0, 4, 0, 0, 0]",left,512
257,3898,"[4, 2, 4, 4, 16, 4, 0, 0, 512, 16, 0, 0, 4, 0, 0, 2]",up,512
258,3898,"[4, 0, 0, 2, 16, 2, 0, 0, 512, 4, 0, 4, 4, 16, 4, 2]",down,512
259,3906,"[0, 0, 4, 2, 0, 0, 16, 2, 0, 2, 512, 8, 4, 16, 4, 2]",right,512
260,3910,"[4, 2, 4, 4, 0, 16, 16, 8, 0, 0, 512, 2, 0, 2, 4, 0]",up,512
261,3950,"[0, 4, 2, 8, 2, 0, 32, 8, 0, 0, 512, 2, 0, 0, 2, 4]",right,512
262,3950,"[0, 4, 2, 8, 0, 2, 32, 8, 0, 0, 512, 2, 2, 0, 2, 4]",right,512
263,3966,"[2, 4, 2, 16, 4, 2, 32, 2, 0, 0, 512, 4, 0, 0, 2, 0]",up,512
264,3966,"[0, 0, 2, 0, 0, 4, 32, 16, 2, 4, 512, 2, 4, 2, 2, 4]",down,512
265,3970,"[2, 0, 0, 0, 4, 32, 16, 2, 2, 4, 512, 2, 4, 4, 4, 0]",left,512
266,3982,"[2, 32, 16, 4, 4, 8, 512, 0, 2, 2, 4, 0, 4, 0, 0, 0]",up,512
267,3986,"[2, 32, 16, 4, 4, 8, 512, 0, 4, 4, 0, 0, 4, 2, 0, 0]",left,512
268,3994,"[2, 32, 16, 4, 8, 8, 512, 0, 4, 4, 0, 0, 0, 2, 2, 0]",up,512
269,3994,"[2, 32, 16, 4, 8, 8, 512, 0, 4, 4, 2, 0, 0, 2, 2, 0]",up,512
270,3998,"[2, 32, 16, 4, 8, 8, 512, 0, 4, 4, 4, 0, 2, 2, 0, 0]",up,512
271,4026,"[2, 32, 16, 4, 0, 0, 16, 512, 0, 0, 4, 8, 2, 0, 0, 4]",right,512
272,4062,"[4, 32, 32, 4, 2, 0, 4, 512, 0, 0, 0, 8, 0, 0, 0, 4]",up,512
273,4062,"[2, 0, 0, 4, 0, 0, 0, 512, 4, 0, 32, 8, 2, 32, 4, 4]",down,512
274,4070,"[2, 4, 0, 0, 512, 0, 0, 0, 4, 32, 8, 2, 2, 32, 8, 0]",left,512
275,4150,"[2, 4, 16, 2, 512, 64, 0, 0, 4, 0, 0, 2, 2, 0, 0, 0]",up,512
276,4154,"[2, 4, 16, 4, 512, 64, 0, 0, 4, 4, 0, 0, 2, 0, 0, 0]",up,512
277,4162,"[2, 4, 16, 4, 512, 64, 0, 2, 8, 0, 0, 0, 2, 0, 0, 0]",left,512
278,4162,"[2, 0, 0, 0, 512, 0, 0, 0, 8, 4, 2, 4, 2, 64, 16, 2]",down,512
279,4162,"[0, 0, 0, 2, 2, 0, 0, 512, 8, 4, 2, 4, 2, 64, 16, 2]",right,512
280,4162,"[0, 0, 0, 2, 2, 0, 2, 512, 8, 4, 2, 4, 2, 64, 16, 2]",right,512
281,4164,"[0, 0, 2, 2, 2, 0, 0, 512, 8, 4, 4, 4, 2, 64, 16, 2]",down,512
282,4164,"[0, 4, 0, 2, 2, 0, 2, 512, 8, 4, 4, 4, 2, 64, 16, 2]",down,512
283,4172,"[2, 8, 2, 2, 8, 64, 4, 512, 2, 0, 16, 4, 0, 0, 2, 2]",up,512
284,4172,"[2, 0, 2, 2, 2, 0, 4, 512, 8, 8, 16, 4, 2, 64, 2, 2]",down,512
285,4174,"[0, 0, 2, 2, 4, 2, 4, 512, 8, 8, 16, 4, 2, 64, 2, 2]",down,512
286,4198,"[0, 0, 0, 4, 4, 2, 4, 512, 2, 16, 16, 4, 0, 2, 64, 4]",right,512
287,4230,"[0, 0, 2, 4, 4, 2, 4, 512, 0, 2, 32, 4, 0, 2, 64, 4]",right,512
288,4236,"[0, 2, 2, 0, 0, 0, 4, 4, 0, 2, 32, 512, 4, 4, 64, 8]",down,512
289,4240,"[4, 4, 2, 4, 0, 4, 4, 512, 0, 0, 32, 8, 0, 0, 64, 2]",up,512
290,4248,"[4, 8, 2, 4, 2, 0, 4, 512, 0, 0, 32, 8, 0, 0, 64, 2]",up,512
291,4248,"[0, 0, 2, 4, 0, 0, 4, 512, 4, 2, 32, 8, 2, 8, 64, 2]",down,512
292,4248,"[4, 2, 2, 4, 2, 8, 4, 512, 2, 0, 32, 8, 0, 0, 64, 2]",up,512
293,4252,"[4, 2, 2, 4, 4, 8, 4, 512, 0, 2, 32, 8, 0, 0, 64, 2]",up,512
294,4256,"[4, 4, 4, 0, 4, 8, 4, 512, 2, 32, 8, 2, 64, 2, 0, 0]",left,512
295,4264,"[0, 4, 0, 2, 8, 8, 0, 0, 2, 32, 8, 512, 64, 2, 8, 2]",down,512
296,4280,"[4, 2, 0, 0, 16, 0, 0, 2, 2, 32, 8, 512, 64, 2, 8, 2]",left,512
297,4280,"[0, 0, 4, 2, 2, 0, 16, 2, 2, 32, 8, 512, 64, 2, 8, 2]",right,512
298,4292,"[0, 0, 0, 0, 2, 0, 4, 4, 4, 32, 16, 512, 64, 2, 16, 2]",down,512
299,4324,"[2, 32, 4, 4, 4, 2, 32, 512, 64, 0, 0, 2, 0, 0, 0, 2]",up,512
300,4328,"[2, 32, 4, 4, 4, 2, 32, 512, 64, 0, 2, 4, 0, 0, 0, 0]",up,512
301,4328,"[0, 0, 2, 0, 2, 0, 4, 4, 4, 32, 32, 512, 64, 2, 2, 4]",down,512
302,4404,"[2, 0, 0, 0, 2, 8, 2, 0, 4, 64, 512, 0, 64, 4, 4, 0]",left,512
303,4408,"[4, 8, 2, 0, 4, 64, 512, 0, 64, 4, 4, 0, 0, 0, 0, 2]",up,512
304,4416,"[8, 8, 2, 2, 64, 64, 512, 0, 0, 4, 4, 0, 0, 2, 0, 0]",up,512
305,4416,"[0, 8, 2, 0, 0, 64, 2, 0, 8, 4, 512, 0, 64, 2, 4, 2]",down,512
306,4420,"[8, 8, 4, 2, 64, 64, 512, 2, 0, 4, 4, 0, 0, 2, 0, 0]",up,512
307,4424,"[8, 8, 4, 4, 64, 64, 512, 4, 0, 4, 4, 0, 0, 2, 0, 0]",up,512
308,4584,"[16, 8, 2, 0, 128, 512, 4, 0, 8, 0, 0, 0, 2, 0, 0, 0]",left,512
309,4584,"[16, 0, 0, 0, 128, 0, 2, 0, 8, 8, 2, 0, 2, 512, 4, 0]",down,512
310,4588,"[16, 8, 4, 0, 128, 512, 4, 2, 8, 0, 0, 0, 2, 0, 0, 0]",up,512
311,4596,"[16, 8, 8, 2, 128, 512, 0, 0, 8, 0, 0, 0, 2, 4, 0, 0]",up,512
312,4596,"[16, 8, 8, 2, 128, 512, 0, 0, 8, 4, 0, 0, 2, 0, 0, 2]",up,512
313,4616,"[16, 16, 2, 0, 128, 512, 0, 0, 8, 4, 0, 0, 4, 0, 2, 0]",left,512
314,4620,"[16, 16, 4, 0, 128, 512, 0, 0, 8, 4, 0, 0, 4, 2, 0, 0]",up,512
315,4620,"[16, 16, 0, 0, 128, 512, 2, 0, 8, 4, 0, 0, 4, 2, 4, 0]",down,512
316,4620,"[16, 16, 2, 2, 128, 512, 4, 0, 8, 4, 0, 0, 4, 2, 0, 0]",up,512
317,4656,"[0, 0, 32, 4, 0, 128, 512, 4, 0, 0, 8, 4, 2, 0, 4, 2]",right,512
318,4660,"[0, 0, 32, 2, 0, 0, 512, 4, 0, 0, 8, 8, 2, 128, 4, 2]",down,512
319,4660,"[2, 128, 32, 2, 0, 0, 512, 4, 0, 0, 8, 8, 2, 0, 4, 2]",up,512
320,4676,"[2, 128, 32, 2, 512, 4, 0, 0, 16, 4, 0, 0, 2, 4, 2, 0]",left,512
321,4684,"[2, 128, 32, 2, 512, 8, 2, 0, 16, 4, 0, 0, 2, 2, 0, 0]",up,512
322,4688,"[2, 128, 32, 2, 0, 512, 8, 2, 0, 0, 16, 4, 0, 0, 2, 4]",right,512
323,4700,"[2, 128, 32, 4, 0, 512, 8, 8, 0, 0, 16, 2, 0, 0, 2, 0]",up,512
324,4716,"[2, 128, 32, 4, 512, 16, 0, 0, 16, 2, 0, 0, 2, 2, 0, 0]",left,512
325,4720,"[2, 128, 32, 4, 512, 16, 0, 0, 16, 4, 4, 0, 2, 0, 0, 0]",up,512
326,4720,"[2, 128, 32, 4, 512, 16, 4, 0, 16, 4, 0, 0, 2, 0, 0, 2]",up,512
327,4724,"[2, 128, 32, 4, 512, 16, 4, 0, 16, 4, 2, 0, 4, 0, 0, 0]",left,512
328,4724,"[2, 0, 0, 0, 512, 128, 32, 0, 16, 16, 4, 2, 4, 4, 2, 4]",down,512
329,4724,"[2, 128, 32, 2, 512, 16, 4, 4, 16, 4, 2, 0, 4, 0, 0, 2]",up,512
330,4724,"[2, 0, 0, 2, 512, 128, 32, 2, 16, 16, 4, 4, 4, 4, 2, 2]",down,512
331,4780,"[0, 0, 0, 4, 512, 128, 32, 2, 4, 0, 32, 8, 0, 0, 8, 4]",right,512
332,4780,"[4, 0, 0, 0, 512, 128, 32, 2, 4, 32, 8, 0, 8, 4, 0, 2]",left,512
333,4784,"[4, 128, 32, 4, 512, 32, 8, 0, 4, 4, 2, 0, 8, 0, 0, 0]",up,512
334,4792,"[4, 128, 32, 4, 512, 32, 8, 0, 8, 2, 0, 0, 8, 0, 2, 0]",left,512
335,4808,"[4, 128, 32, 4, 512, 32, 8, 0, 16, 2, 2, 0, 0, 0, 0, 2]",up,512
336,4808,"[4, 128, 32, 4, 512, 32, 8, 2, 16, 2, 2, 0, 0, 0, 0, 2]",up,512
337,4812,"[4, 128, 32, 4, 512, 32, 8, 4, 16, 2, 2, 0, 0, 0, 2, 0]",up,512
338,4824,"[4, 128, 32, 8, 512, 32, 8, 0, 16, 2, 4, 0, 0, 0, 4, 0]",up,512
339,4832,"[4, 128, 32, 8, 512, 32, 8, 0, 16, 2, 8, 0, 0, 0, 0, 2]",up,512
340,4848,"[4, 128, 32, 8, 512, 32, 16, 2, 16, 2, 0, 0, 0, 2, 0, 0]",up,512
341,4852,"[4, 128, 32, 8, 512, 32, 16, 2, 16, 4, 0, 0, 0, 0, 0, 2]",up,512
342,4856,"[4, 128, 32, 8, 512, 32, 16, 4, 16, 4, 0, 0, 0, 0, 0, 2]",up,512
343,4856,"[4, 128, 32, 8, 512, 32, 16, 4, 16, 4, 0, 0, 2, 0, 2, 0]",left,512
344,4860,"[4, 128, 32, 8, 512, 32, 16, 4, 16, 4, 0, 0, 4, 0, 2, 0]",left,512
345,4860,"[4, 128, 32, 8, 512, 32, 16, 4, 16, 4, 0, 2, 4, 2, 0, 0]",left,512
346,4860,"[4, 128, 32, 8, 512, 32, 16, 4, 0, 16, 4, 2, 0, 2, 4, 2]",right,512
347,4872,"[4, 128, 32, 8, 512, 32, 16, 4, 0, 16, 8, 4, 0, 2, 2, 0]",up,512
348,4876,"[0, 128, 32, 0, 0, 32, 16, 2, 4, 16, 8, 8, 512, 2, 2, 8]",down,512
349,4896,"[128, 32, 0, 0, 32, 16, 2, 2, 4, 16, 16, 0, 512, 4, 8, 0]",left,512
350,4928,"[128, 32, 2, 2, 32, 32, 16, 0, 4, 4, 8, 0, 512, 0, 2, 0]",up,512
351,5004,"[128, 32, 4, 0, 64, 16, 0, 0, 8, 8, 2, 0, 512, 2, 0, 0]",left,512
352,5020,"[128, 32, 4, 0, 64, 16, 0, 0, 16, 2, 2, 0, 512, 2, 0, 0]",left,512
353,5022,"[128, 2, 0, 0, 64, 32, 0, 0, 16, 16, 4, 0, 512, 4, 2, 0]",down,512
354,5054,"[128, 2, 0, 0, 64, 32, 0, 0, 32, 4, 2, 0, 512, 4, 2, 0]",left,512
355,5060,"[128, 0, 0, 0, 64, 2, 0, 0, 32, 32, 0, 2, 512, 8, 4, 0]",down,512
356,5124,"[128, 0, 0, 0, 64, 2, 0, 0, 64, 2, 2, 0, 512, 8, 4, 0]",left,512
357,5128,"[0, 0, 0, 128, 0, 0, 64, 2, 0, 0, 64, 4, 2, 512, 8, 4]",right,512
358,5264,"[2, 512, 128, 128, 0, 0, 8, 2, 2, 0, 0, 8, 0, 0, 0, 0]",up,512
359,5268,"[4, 512, 128, 128, 0, 0, 8, 2, 2, 0, 0, 8, 0, 0, 0, 0]",up,512
360,5268,"[4, 512, 128, 128, 2, 0, 8, 2, 0, 0, 0, 8, 0, 0, 2, 0]",up,512
361,5268,"[4, 512, 128, 128, 2, 0, 8, 2, 0, 0, 2, 8, 0, 2, 0, 0]",up,512
362,5524,"[4, 512, 256, 0, 2, 8, 2, 2, 2, 8, 0, 0, 2, 0, 0, 0]",left,512
363,5544,"[4, 512, 256, 2, 4, 16, 2, 0, 2, 0, 0, 2, 0, 0, 0, 0]",up,512
364,5548,"[4, 512, 256, 2, 4, 16, 2, 0, 4, 0, 0, 0, 0, 2, 0, 0]",left,512
365,5552,"[0, 2, 0, 0, 0, 512, 0, 0, 4, 16, 256, 0, 8, 2, 2, 2]",down,512
366,5552,"[4, 2, 256, 2, 8, 512, 2, 0, 0, 16, 0, 0, 0, 2, 2, 0]",up,512
367,5556,"[4, 2, 256, 2, 8, 512, 2, 0, 16, 0, 0, 0, 4, 0, 2, 0]",left,512
368,5556,"[4, 2, 256, 2, 8, 512, 2, 0, 16, 0, 0, 2, 4, 2, 0, 0]",left,512
369,5556,"[4, 2, 256, 2, 0, 8, 512, 2, 0, 0, 16, 2, 0, 2, 4, 2]",right,512
370,5564,"[4, 2, 256, 4, 0, 8, 512, 4, 2, 2, 16, 0, 0, 0, 4, 0]",up,512
371,5568,"[4, 2, 256, 4, 8, 512, 4, 0, 4, 16, 0, 0, 4, 0, 0, 2]",left,512
372,5576,"[4, 2, 256, 4, 8, 512, 4, 2, 8, 16, 0, 0, 2, 0, 0, 0]",up,512
373,5592,"[4, 2, 256, 4, 16, 512, 4, 2, 2, 16, 0, 0, 0, 0, 2, 0]",up,512
374,5592,"[4, 2, 256, 4, 16, 512, 4, 2, 0, 0, 2, 16, 0, 2, 0, 2]",right,512
375,5592,"[4, 2, 256, 4, 16, 512, 4, 2, 0, 2, 2, 16, 0, 0, 2, 2]",up,512
376,5600,"[4, 2, 256, 4, 16, 512, 4, 2, 0, 0, 4, 16, 0, 2, 0, 4]",right,512
377,5608,"[4, 2, 256, 4, 16, 512, 8, 2, 0, 2, 0, 16, 0, 0, 2, 4]",up,512
378,5608,"[4, 2, 256, 4, 16, 512, 8, 2, 2, 16, 0, 2, 2, 4, 0, 0]",left,512
379,5616,"[4, 2, 256, 4, 16, 512, 8, 4, 4, 16, 0, 0, 0, 4, 0, 2]",up,512
380,5624,"[4, 2, 256, 8, 16, 512, 8, 2, 4, 16, 4, 0, 0, 4, 0, 0]",up,512
381,5624,"[0, 2, 0, 0, 4, 512, 256, 2, 16, 16, 8, 8, 4, 4, 4, 2]",down,512
382,5680,"[2, 0, 0, 0, 4, 512, 256, 2, 32, 16, 2, 0, 8, 4, 2, 0]",left,512
383,5682,"[2, 0, 0, 2, 4, 512, 0, 0, 32, 16, 256, 0, 8, 4, 4, 2]",down,512
384,5694,"[4, 2, 0, 0, 4, 512, 0, 0, 32, 16, 256, 0, 8, 8, 2, 0]",left,512
385,5698,"[0, 2, 0, 0, 8, 512, 0, 0, 32, 16, 256, 0, 8, 8, 2, 4]",down,512
386,5714,"[0, 0, 0, 2, 4, 0, 8, 512, 0, 32, 16, 256, 0, 16, 2, 4]",right,512
387,5714,"[4, 32, 8, 2, 0, 16, 16, 512, 0, 0, 2, 256, 0, 0, 2, 4]",up,512
388,5746,"[4, 32, 8, 2, 0, 0, 32, 512, 0, 0, 2, 256, 2, 0, 2, 4]",right,512
389,5750,"[4, 32, 8, 2, 2, 0, 32, 512, 0, 0, 4, 256, 2, 0, 0, 4]",up,512
390,5754,"[4, 32, 8, 2, 4, 0, 32, 512, 2, 0, 4, 256, 0, 0, 0, 4]",up,512
391,5762,"[8, 32, 8, 2, 2, 0, 32, 512, 2, 0, 4, 256, 0, 0, 0, 4]",up,512
392,5766,"[8, 32, 8, 2, 4, 0, 32, 512, 0, 2, 4, 256, 0, 0, 0, 4]",up,512
393,5766,"[8, 32, 8, 2, 4, 2, 32, 512, 0, 0, 4, 256, 0, 2, 0, 4]",up,512
394,5768,"[2, 0, 0, 2, 0, 0, 8, 512, 8, 32, 32, 256, 4, 4, 4, 4]",down,512
395,5852,"[4, 0, 0, 0, 8, 512, 0, 2, 8, 64, 256, 0, 8, 8, 0, 0]",left,512
396,5868,"[4, 512, 256, 2, 16, 64, 0, 2, 8, 8, 0, 0, 0, 0, 0, 0]",up,512
397,5872,"[4, 512, 256, 4, 16, 64, 0, 0, 8, 8, 0, 0, 0, 0, 2, 0]",up,512
398,5872,"[4, 512, 256, 4, 16, 64, 2, 0, 8, 8, 0, 0, 2, 0, 0, 0]",up,512
399,5888,"[4, 512, 256, 4, 16, 64, 2, 0, 16, 2, 0, 0, 2, 0, 0, 0]",left,512
400,5920,"[4, 512, 256, 4, 32, 64, 2, 4, 2, 2, 0, 0, 0, 0, 0, 0]",up,512
401,5928,"[4, 512, 256, 8, 32, 64, 2, 2, 2, 2, 0, 0, 0, 0, 0, 0]",up,512
402,5928,"[0, 0, 0, 0, 4, 512, 0, 2, 32, 64, 256, 8, 2, 2, 2, 2]",down,512
403,5936,"[0, 0, 0, 2, 4, 512, 2, 0, 32, 64, 256, 8, 4, 4, 0, 0]",left,512
404,5936,"[4, 512, 2, 2, 32, 64, 256, 8, 4, 4, 0, 0, 0, 0, 0, 4]",up,512
405,5936,"[0, 0, 0, 2, 4, 512, 0, 2, 32, 64, 2, 8, 4, 4, 256, 4]",down,512
406,5944,"[2, 0, 0, 2, 4, 512, 2, 0, 32, 64, 2, 8, 8, 256, 4, 0]",left,512
407,5948,"[4, 0, 0, 0, 4, 512, 2, 0, 32, 64, 2, 8, 8, 256, 4, 2]",left,512
408,5960,"[8, 512, 4, 8, 32, 64, 4, 2, 8, 256, 2, 0, 0, 0, 0, 0]",up,512
409,5960,"[8, 512, 4, 8, 32, 64, 4, 2, 0, 8, 256, 2, 0, 0, 2, 0]",right,512
410,5972,"[8, 512, 8, 8, 32, 64, 256, 4, 0, 8, 2, 0, 0, 2, 0, 0]",up,512
411,5972,"[0, 512, 0, 0, 2, 64, 8, 0, 8, 8, 256, 8, 32, 2, 2, 4]",down,512
412,5992,"[512, 0, 2, 0, 2, 64, 8, 0, 16, 256, 8, 0, 32, 4, 4, 0]",left,512
413,6000,"[512, 2, 0, 0, 2, 64, 8, 2, 16, 256, 8, 0, 32, 8, 0, 0]",left,512
414,6016,"[512, 2, 16, 2, 2, 64, 0, 0, 16, 256, 0, 0, 32, 8, 4, 0]",up,512
415,6016,"[512, 2, 16, 2, 2, 64, 4, 0, 16, 256, 0, 0, 32, 8, 2, 0]",up,512
416,6016,"[512, 2, 0, 0, 2, 64, 16, 0, 16, 256, 4, 2, 32, 8, 2, 2]",down,512
417,6020,"[512, 2, 0, 0, 2, 64, 16, 2, 16, 256, 4, 2, 32, 8, 4, 0]",left,512
418,6032,"[512, 2, 16, 4, 2, 64, 8, 0, 16, 256, 0, 0, 32, 8, 0, 2]",up,512
419,6032,"[512, 2, 0, 2, 2, 64, 0, 0, 16, 256, 16, 4, 32, 8, 8, 2]",down,512
420,6032,"[512, 2, 2, 0, 2, 64, 0, 2, 16, 256, 16, 4, 32, 8, 8, 2]",down,512
421,6052,"[2, 0, 512, 4, 0, 2, 64, 2, 16, 256, 16, 4, 0, 32, 16, 2]",right,512
422,6052,"[0, 2, 512, 4, 2, 2, 64, 2, 16, 256, 16, 4, 0, 32, 16, 2]",right,512
423,6088,"[2, 4, 512, 4, 16, 256, 64, 2, 0, 32, 32, 4, 0, 2, 0, 2]",up,512
424,6088,"[0, 4, 2, 4, 0, 256, 512, 2, 2, 32, 64, 4, 16, 2, 32, 2]",down,512
425,6088,"[2, 4, 2, 4, 16, 256, 512, 2, 2, 32, 64, 4, 0, 2, 32, 2]",up,512
426,6088,"[2, 4, 2, 4, 2, 256, 512, 2, 16, 32, 64, 4, 2, 2, 32, 2]",down,512
427,6092,"[4, 4, 2, 4, 16, 256, 512, 2, 2, 32, 64, 4, 2, 2, 32, 2]",up,512
428,6096,"[4, 4, 2, 4, 16, 256, 512, 2, 4, 32, 64, 4, 4, 2, 32, 2]",up,512
429,6104,"[4, 4, 2, 4, 16, 256, 512, 2, 8, 32, 64, 4, 2, 2, 32, 2]",up,512
430,6116,"[8, 2, 4, 2, 16, 256, 512, 2, 8, 32, 64, 4, 4, 32, 2, 0]",left,512
431,6184,"[8, 2, 4, 4, 16, 256, 512, 4, 8, 64, 64, 0, 4, 2, 2, 0]",up,512
432,6324,"[8, 2, 8, 2, 16, 256, 512, 4, 8, 128, 0, 0, 4, 4, 0, 0]",left,512
433,6332,"[8, 2, 8, 2, 16, 256, 512, 4, 8, 128, 0, 0, 8, 0, 0, 2]",left,512
434,6340,"[0, 0, 0, 0, 8, 2, 2, 2, 16, 256, 8, 4, 16, 128, 512, 2]",down,512
435,6344,"[2, 0, 0, 0, 0, 8, 2, 4, 16, 256, 8, 4, 16, 128, 512, 2]",right,512
436,6344,"[2, 2, 0, 0, 8, 2, 4, 0, 16, 256, 8, 4, 16, 128, 512, 2]",left,512
437,6380,"[2, 4, 4, 4, 8, 256, 8, 2, 32, 128, 512, 2, 0, 0, 0, 0]",up,512
438,6384,"[2, 4, 4, 4, 8, 256, 8, 4, 32, 128, 512, 2, 0, 0, 0, 0]",up,512
439,6392,"[2, 4, 4, 8, 8, 256, 8, 2, 32, 128, 512, 0, 2, 0, 0, 0]",up,512
440,6392,"[2, 0, 2, 0, 8, 4, 4, 0, 32, 256, 8, 8, 2, 128, 512, 2]",down,512
441,6420,"[4, 0, 0, 0, 8, 8, 2, 0, 32, 256, 16, 0, 2, 128, 512, 2]",left,512
442,6420,"[4, 8, 2, 2, 8, 256, 16, 0, 32, 128, 512, 0, 2, 2, 0, 0]",up,512
443,6428,"[4, 8, 4, 0, 8, 256, 16, 0, 32, 128, 512, 0, 4, 0, 0, 2]",left,512
444,6428,"[4, 8, 4, 2, 8, 256, 16, 0, 32, 128, 512, 2, 4, 0, 0, 0]",up,512
445,6432,"[4, 8, 4, 4, 8, 256, 16, 0, 32, 128, 512, 0, 4, 0, 0, 4]",up,512
446,6448,"[4, 8, 8, 0, 8, 256, 16, 2, 32, 128, 512, 0, 8, 0, 0, 0]",left,512
447,6448,"[4, 8, 8, 2, 8, 256, 16, 0, 32, 128, 512, 0, 8, 0, 4, 0]",up,512
448,6448,"[4, 2, 8, 0, 8, 8, 16, 0, 32, 256, 512, 0, 8, 128, 4, 2]",down,512
449,6448,"[4, 2, 8, 2, 8, 8, 16, 0, 32, 256, 512, 0, 8, 128, 4, 2]",up,512
450,6450,"[4, 2, 8, 0, 8, 8, 16, 0, 32, 256, 512, 2, 8, 128, 4, 4]",down,512
451,6474,"[4, 2, 8, 0, 16, 16, 0, 0, 32, 256, 512, 2, 8, 128, 8, 2]",left,512
452,6478,"[4, 2, 8, 4, 16, 16, 512, 0, 32, 256, 8, 0, 8, 128, 4, 0]",up,512
453,6478,"[4, 2, 8, 0, 16, 16, 512, 0, 32, 256, 8, 2, 8, 128, 4, 4]",down,512
454,6478,"[4, 2, 8, 2, 16, 16, 512, 4, 32, 256, 8, 0, 8, 128, 4, 2]",up,512
455,6510,"[4, 2, 8, 2, 32, 512, 4, 2, 32, 256, 8, 0, 8, 128, 4, 2]",left,512
456,6544,"[2, 2, 8, 0, 4, 512, 4, 0, 64, 256, 8, 2, 8, 128, 4, 4]",down,512
457,6544,"[2, 2, 8, 2, 4, 512, 4, 4, 64, 256, 8, 0, 8, 128, 4, 2]",up,512
458,6544,"[2, 2, 8, 2, 4, 512, 4, 4, 64, 256, 8, 2, 8, 128, 4, 2]",up,512
459,6548,"[2, 2, 8, 2, 4, 512, 4, 4, 64, 256, 8, 4, 8, 128, 4, 2]",up,512
460,6552,"[2, 2, 8, 2, 4, 512, 4, 2, 64, 256, 8, 8, 8, 128, 4, 2]",down,512
461,6556,"[2, 2, 8, 4, 4, 512, 4, 8, 64, 256, 8, 2, 8, 128, 4, 2]",up,512
462,6560,"[2, 2, 8, 4, 4, 512, 4, 8, 64, 256, 8, 4, 8, 128, 4, 2]",up,512
463,6564,"[4, 8, 4, 2, 4, 512, 4, 8, 64, 256, 8, 4, 8, 128, 4, 2]",left,512
464,6580,"[8, 8, 8, 2, 64, 512, 8, 8, 8, 256, 4, 4, 2, 128, 0, 2]",up,512
465,6596,"[8, 8, 16, 2, 64, 512, 4, 8, 8, 256, 0, 4, 2, 128, 2, 2]",up,512
466,6596,"[8, 8, 16, 2, 64, 512, 4, 8, 8, 256, 2, 4, 2, 128, 2, 2]",up,512
467,6616,"[0, 16, 16, 2, 64, 512, 4, 8, 8, 256, 2, 4, 2, 2, 128, 4]",right,512
468,6624,"[64, 16, 16, 2, 8, 512, 4, 8, 2, 256, 2, 8, 2, 2, 128, 0]",up,512
469,6644,"[64, 16, 16, 2, 8, 512, 4, 16, 4, 256, 2, 2, 0, 2, 128, 0]",up,512
470,6644,"[2, 16, 16, 0, 64, 512, 4, 2, 8, 256, 2, 16, 4, 2, 128, 2]",down,512
471,6644,"[2, 16, 16, 2, 64, 512, 4, 16, 8, 256, 2, 2, 4, 2, 128, 2]",up,512
472,6648,"[2, 16, 16, 2, 64, 512, 4, 16, 8, 256, 2, 4, 4, 2, 128, 2]",up,512
473,6680,"[2, 32, 2, 2, 64, 512, 4, 16, 8, 256, 2, 4, 4, 2, 128, 2]",left,512
474,6684,"[2, 32, 4, 2, 64, 512, 4, 16, 8, 256, 2, 4, 4, 2, 128, 2]",left,512
475,6692,"[2, 32, 8, 2, 64, 512, 2, 16, 8, 256, 128, 4, 4, 2, 2, 2]",up,512
476,6696,"[2, 32, 8, 2, 64, 512, 2, 16, 8, 256, 128, 4, 4, 4, 2, 2]",left,512
477,6708,"[2, 32, 8, 2, 64, 512, 2, 16, 8, 256, 128, 4, 0, 2, 8, 4]",right,512
478,6716,"[2, 32, 8, 2, 64, 512, 2, 16, 8, 256, 128, 8, 0, 2, 8, 4]",up,512
479,6716,"[2, 32, 8, 2, 2, 512, 2, 16, 64, 256, 128, 8, 8, 2, 8, 4]",down,512
480,6720,"[4, 32, 8, 2, 64, 512, 2, 16, 8, 256, 128, 8, 2, 2, 8, 4]",up,512
481,6724,"[4, 32, 8, 2, 64, 512, 2, 16, 8, 256, 128, 8, 4, 8, 4, 2]",left,512
1,0,"[4, 0, 0, 0, 0, 0, 0, 0, 0, 0, 0, 0, 0, 0, 2, 0]",up,4
2,0,"[4, 0, 2, 0, 0, 0, 2, 0, 0, 0, 0, 0, 0, 0, 0, 0]",up,4
3,4,"[4, 0, 4, 0, 0, 0, 0, 0, 0, 2, 0, 0, 0, 0, 0, 0]",up,4
4,12,"[8, 0, 0, 0, 0, 0, 0, 0, 2, 2, 0, 0, 0, 0, 0, 0]",left,8
5,16,"[8, 0, 0, 0, 0, 0, 0, 0, 4, 0, 0, 0, 0, 0, 2, 0]",left,8
6,16,"[8, 0, 2, 2, 4, 0, 0, 0, 0, 0, 0, 0, 0, 0, 0, 0]",up,8
7,20,"[8, 4, 2, 0, 4, 0, 0, 0, 0, 0, 0, 0, 0, 0, 0, 0]",left,8
8,20,"[0, 0, 0, 0, 0, 0, 4, 0, 8, 0, 0, 0, 4, 4, 2, 0]",down,8
9,28,"[2, 0, 0, 0, 4, 0, 0, 0, 8, 0, 0, 0, 8, 2, 0, 0]",left,8
10,44,"[2, 2, 0, 0, 4, 0, 0, 2, 16, 0, 0, 0, 0, 0, 0, 0]",up,16
11,48,"[4, 0, 0, 0, 4, 2, 0, 0, 16, 0, 0, 0, 0, 2, 0, 0]",left,16
12,60,"[8, 4, 0, 0, 16, 0, 0, 0, 2, 0, 0, 0, 0, 0, 0, 0]",up,16
13,60,"[2, 0, 0, 0, 8, 0, 0, 0, 16, 0, 0, 0, 2, 4, 0, 0]",down,16
14,60,"[2, 4, 0, 0, 8, 0, 0, 0, 16, 0, 0, 0, 2, 0, 0, 2]",up,16
15,64,"[2, 4, 2, 0, 8, 0, 0, 0, 16, 0, 0, 0, 4, 0, 0, 0]",left,16
16,64,"[2, 0, 0, 0, 8, 2, 0, 0, 16, 0, 0, 0, 4, 4, 2, 0]",down,16
17,72,"[2, 2, 0, 0, 8, 2, 0, 0, 16, 0, 0, 0, 8, 2, 0, 0]",left,16
18,76,"[2, 4, 0, 0, 8, 2, 0, 2, 16, 0, 0, 0, 8, 0, 0, 0]",up,16
19,80,"[2, 4, 0, 0, 8, 4, 0, 0, 16, 0, 0, 0, 8, 2, 0, 0]",left,16
20,88,"[2, 8, 0, 0, 8, 2, 0, 2, 16, 0, 0, 0, 8, 0, 0, 0]",up,16
21,92,"[2, 8, 0, 0, 8, 4, 0, 2, 16, 0, 0, 0, 8, 0, 0, 0]",left,16
22,92,"[2, 8, 0, 2, 8, 4, 0, 0, 16, 0, 0, 0, 8, 0, 2, 0]",up,16
23,92,"[2, 8, 2, 2, 8, 4, 2, 0, 16, 0, 0, 0, 8, 0, 0, 0]",up,16
24,96,"[2, 8, 4, 2, 8, 4, 0, 2, 16, 0, 0, 0, 8, 0, 0, 0]",up,16
25,100,"[2, 8, 4, 4, 8, 4, 0, 0, 16, 0, 0, 2, 8, 0, 0, 0]",up,16
26,108,"[2, 8, 8, 0, 8, 4, 0, 0, 16, 2, 0, 0, 8, 2, 0, 0]",left,16
27,124,"[2, 16, 0, 0, 8, 4, 0, 0, 16, 2, 0, 0, 8, 2, 2, 0]",left,16
28,128,"[2, 16, 2, 0, 8, 4, 0, 0, 16, 4, 2, 0, 8, 0, 0, 0]",up,16
29,140,"[2, 16, 4, 0, 8, 8, 0, 0, 16, 0, 4, 0, 8, 0, 0, 0]",up,16
30,156,"[2, 16, 4, 0, 16, 0, 0, 0, 16, 4, 0, 0, 8, 0, 2, 0]",left,16
31,188,"[2, 16, 4, 0, 32, 4, 2, 0, 8, 0, 0, 0, 0, 4, 0, 0]",up,32
32,196,"[2, 16, 4, 2, 32, 8, 2, 0, 8, 0, 0, 0, 0, 0, 0, 0]",up,32
33,196,"[0, 0, 0, 2, 2, 0, 0, 0, 32, 16, 4, 0, 8, 8, 2, 2]",down,32
34,216,"[2, 0, 0, 0, 2, 0, 0, 0, 32, 16, 4, 2, 16, 4, 0, 0]",left,32
35,220,"[4, 16, 4, 2, 32, 4, 0, 0, 16, 0, 0, 0, 2, 0, 0, 0]",up,32
36,220,"[4, 0, 0, 0, 32, 0, 0, 2, 16, 16, 0, 0, 2, 4, 4, 2]",down,32
37,260,"[4, 0, 0, 0, 32, 2, 0, 0, 32, 0, 0, 2, 2, 8, 2, 0]",left,32
38,324,"[4, 2, 2, 2, 64, 8, 0, 2, 2, 0, 0, 0, 0, 0, 0, 0]",up,64
39,328,"[4, 2, 2, 4, 64, 8, 0, 0, 2, 0, 0, 0, 0, 0, 0, 2]",up,64
40,332,"[4, 4, 4, 0, 64, 8, 0, 0, 2, 0, 0, 2, 2, 0, 0, 0]",left,64
41,344,"[8, 4, 2, 0, 64, 8, 0, 0, 4, 0, 0, 0, 2, 0, 0, 0]",left,64
42,344,"[8, 2, 0, 0, 64, 0, 0, 0, 4, 4, 0, 0, 2, 8, 2, 0]",down,64
43,352,"[8, 2, 0, 0, 64, 0, 0, 0, 8, 0, 2, 0, 2, 8, 2, 0]",left,64
44,356,"[8, 2, 4, 0, 64, 8, 0, 2, 8, 0, 0, 0, 2, 0, 0, 0]",up,64
45,356,"[8, 2, 4, 2, 64, 8, 0, 0, 8, 0, 2, 0, 2, 0, 0, 0]",up,64
46,356,"[8, 2, 4, 2, 64, 8, 2, 0, 8, 0, 0, 0, 2, 0, 0, 2]",up,64
47,360,"[8, 2, 4, 4, 64, 8, 2, 0, 8, 0, 0, 0, 2, 2, 0, 0]",up,64
48,372,"[8, 2, 8, 0, 64, 8, 2, 0, 8, 0, 2, 0, 4, 0, 0, 0]",left,64
49,376,"[8, 2, 8, 0, 64, 8, 4, 0, 8, 0, 0, 0, 4, 4, 0, 0]",up,64
50,384,"[8, 2, 8, 0, 64, 8, 4, 0, 8, 0, 0, 0, 8, 2, 0, 0]",left,64
51,400,"[8, 2, 8, 0, 64, 8, 4, 0, 16, 2, 0, 0, 2, 0, 0, 0]",up,64
52,400,"[8, 0, 0, 0, 64, 2, 0, 2, 16, 8, 8, 0, 2, 2, 4, 0]",down,64
53,424,"[8, 0, 0, 0, 64, 4, 0, 0, 16, 16, 0, 2, 4, 4, 0, 0]",left,64
54,464,"[8, 0, 0, 2, 64, 4, 0, 0, 32, 2, 0, 0, 8, 0, 0, 0]",left,64
55,464,"[8, 4, 0, 2, 64, 2, 0, 0, 32, 0, 0, 0, 8, 0, 0, 2]",up,64
56,468,"[8, 4, 0, 4, 64, 2, 0, 0, 32, 0, 0, 0, 8, 2, 0, 0]",up,64
57,476,"[8, 8, 0, 0, 64, 2, 0, 0, 32, 0, 0, 0, 8, 2, 2, 0]",left,64
58,496,"[16, 0, 0, 0, 64, 2, 0, 0, 32, 0, 0, 0, 8, 4, 0, 2]",left,64
59,496,"[16, 2, 0, 2, 64, 4, 0, 0, 32, 2, 0, 0, 8, 0, 0, 0]",up,64
60,500,"[16, 4, 0, 0, 64, 4, 0, 0, 32, 2, 0, 0, 8, 2, 0, 0]",left,64
61,512,"[16, 8, 0, 0, 64, 4, 0, 0, 32, 0, 2, 0, 8, 0, 0, 0]",up,64
62,512,"[16, 8, 2, 0, 64, 4, 0, 0, 32, 0, 0, 2, 8, 0, 0, 0]",up,64
63,512,"[16, 8, 2, 2, 64, 4, 0, 0, 32, 0, 0, 0, 8, 2, 0, 0]",up,64
64,516,"[16, 8, 4, 2, 64, 4, 0, 0, 32, 0, 0, 0, 8, 2, 0, 0]",left,64
65,516,"[16, 8, 4, 2, 64, 4, 0, 0, 32, 2, 0, 0, 8, 0, 2, 0]",up,64
66,516,"[16, 8, 4, 2, 64, 4, 2, 0, 32, 2, 0, 0, 8, 0, 4, 0]",up,64
67,516,"[16, 8, 4, 2, 64, 4, 2, 0, 32, 2, 4, 2, 8, 0, 0, 0]",up,64
68,520,"[16, 8, 4, 4, 64, 4, 2, 0, 32, 2, 4, 0, 8, 0, 0, 2]",up,64
69,528,"[16, 8, 8, 2, 64, 4, 2, 0, 32, 2, 4, 0, 8, 2, 0, 0]",left,64
70,544,"[16, 16, 2, 2, 64, 4, 2, 0, 32, 2, 4, 0, 8, 2, 0, 0]",left,64
71,580,"[32, 4, 0, 0, 64, 4, 2, 0, 32, 2, 4, 2, 8, 2, 0, 0]",left,64
72,592,"[32, 8, 2, 2, 64, 4, 4, 0, 32, 0, 0, 0, 8, 0, 0, 2]",up,64
73,604,"[32, 8, 4, 0, 64, 8, 0, 0, 32, 2, 0, 0, 8, 2, 0, 0]",left,64
74,624,"[32, 16, 4, 0, 64, 4, 4, 0, 32, 0, 0, 0, 8, 0, 0, 0]",up,64
75,632,"[32, 16, 8, 0, 64, 4, 0, 2, 32, 0, 0, 0, 8, 0, 0, 0]",up,64
76,632,"[32, 16, 8, 2, 64, 4, 0, 0, 32, 0, 0, 2, 8, 0, 0, 0]",up,64
77,636,"[32, 16, 8, 4, 64, 4, 0, 0, 32, 2, 0, 0, 8, 0, 0, 0]",up,64
78,636,"[32, 0, 0, 2, 64, 16, 0, 0, 32, 4, 0, 0, 8, 2, 8, 4]",down,64
79,636,"[32, 16, 8, 2, 64, 4, 0, 4, 32, 2, 2, 0, 8, 0, 0, 0]",up,64
80,648,"[32, 16, 8, 2, 64, 8, 0, 0, 32, 4, 0, 0, 8, 0, 2, 0]",left,64
81,648,"[32, 16, 8, 2, 64, 8, 2, 0, 32, 4, 0, 0, 8, 2, 0, 0]",up,64
82,648,"[32, 16, 0, 0, 64, 8, 0, 2, 32, 4, 8, 0, 8, 2, 2, 2]",down,64
83,652,"[32, 16, 8, 4, 64, 8, 2, 2, 32, 4, 0, 0, 8, 2, 0, 0]",up,64
84,656,"[32, 16, 8, 4, 64, 8, 4, 0, 32, 4, 0, 2, 8, 2, 0, 0]",left,64
85,656,"[32, 16, 8, 4, 64, 8, 4, 2, 32, 4, 0, 0, 8, 2, 2, 0]",up,64
86,660,"[32, 16, 8, 4, 64, 8, 4, 2, 32, 4, 0, 2, 8, 4, 0, 0]",left,64
87,672,"[32, 16, 8, 4, 64, 8, 4, 4, 32, 8, 2, 0, 8, 0, 0, 0]",up,64
88,696,"[32, 16, 8, 8, 64, 16, 4, 0, 32, 0, 2, 0, 8, 0, 0, 2]",up,64
89,728,"[32, 32, 8, 8, 64, 0, 4, 2, 32, 4, 2, 0, 8, 0, 0, 0]",up,64
90,808,"[64, 16, 0, 0, 64, 4, 2, 0, 32, 4, 2, 2, 8, 0, 0, 0]",left,64
91,948,"[128, 16, 4, 2, 32, 8, 0, 0, 8, 0, 2, 0, 0, 0, 0, 0]",up,128
92,948,"[128, 16, 4, 2, 32, 8, 2, 0, 8, 0, 0, 0, 0, 0, 2, 0]",up,128
93,952,"[128, 16, 4, 2, 32, 8, 4, 2, 8, 0, 0, 0, 0, 0, 0, 0]",up,128
94,964,"[128, 16, 8, 4, 32, 8, 0, 0, 8, 0, 0, 0, 0, 0, 2, 0]",up,128
95,964,"[128, 16, 8, 4, 32, 8, 2, 0, 8, 0, 0, 0, 0, 0, 2, 0]",up,128
96,968,"[128, 16, 8, 4, 32, 8, 4, 0, 8, 0, 0, 2, 0, 0, 0, 0]",up,128
97,968,"[128, 16, 8, 4, 32, 8, 4, 2, 8, 0, 0, 0, 2, 0, 0, 0]",up,128
98,968,"[128, 0, 0, 0, 32, 0, 2, 0, 8, 16, 8, 4, 2, 8, 4, 2]",down,128
99,968,"[128, 16, 2, 4, 32, 8, 8, 2, 8, 0, 4, 0, 2, 0, 4, 0]",up,128
100,984,"[128, 16, 2, 4, 32, 16, 2, 0, 8, 4, 0, 2, 2, 4, 0, 0]",left,128
101,1028,"[128, 32, 4, 4, 32, 8, 2, 2, 8, 0, 0, 0, 2, 0, 0, 0]",up,128
102,1040,"[128, 32, 8, 0, 32, 8, 4, 0, 8, 2, 0, 0, 2, 0, 0, 0]",left,128
103,1040,"[128, 2, 0, 0, 32, 32, 0, 0, 8, 8, 8, 0, 2, 2, 4, 0]",down,128
104,1124,"[128, 2, 0, 2, 64, 0, 0, 0, 16, 8, 0, 0, 4, 4, 0, 0]",left,128
105,1136,"[128, 4, 0, 0, 64, 0, 0, 2, 16, 8, 0, 0, 8, 0, 0, 0]",left,128
106,1136,"[128, 4, 0, 2, 64, 8, 0, 2, 16, 0, 0, 0, 8, 0, 0, 0]",up,128
107,1140,"[128, 4, 0, 4, 64, 8, 0, 0, 16, 0, 2, 0, 8, 0, 0, 0]",up,128
108,1148,"[128, 8, 2, 0, 64, 8, 0, 0, 16, 2, 0, 0, 8, 0, 0, 0]",left,128
109,1164,"[128, 16, 2, 4, 64, 2, 0, 0, 16, 0, 0, 0, 8, 0, 0, 0]",up,128
110,1164,"[128, 0, 0, 0, 64, 4, 0, 0, 16, 16, 0, 0, 8, 2, 2, 4]",down,128
111,1200,"[128, 0, 0, 0, 64, 4, 0, 0, 32, 0, 0, 2, 8, 4, 4, 0]",left,128
112,1208,"[128, 8, 4, 2, 64, 0, 0, 0, 32, 0, 0, 0, 8, 0, 0, 2]",up,128
113,1212,"[128, 8, 4, 4, 64, 0, 0, 0, 32, 0, 0, 0, 8, 2, 0, 0]",up,128
114,1220,"[128, 8, 8, 0, 64, 0, 0, 0, 32, 0, 2, 0, 8, 2, 0, 0]",left,128
115,1236,"[128, 16, 0, 0, 64, 0, 4, 0, 32, 2, 0, 0, 8, 2, 0, 0]",left,128
116,1240,"[128, 16, 4, 0, 64, 4, 0, 0, 32, 0, 0, 0, 8, 4, 0, 0]",up,128
117,1248,"[128, 16, 4, 0, 64, 8, 0, 0, 32, 2, 0, 0, 8, 0, 0, 0]",up,128
118,1248,"[128, 0, 2, 0, 64, 16, 0, 0, 32, 8, 0, 0, 8, 2, 4, 0]",down,128
119,1248,"[128, 16, 2, 0, 64, 8, 4, 0, 32, 2, 2, 0, 8, 0, 0, 0]",up,128
120,1252,"[128, 16, 2, 0, 64, 8, 4, 0, 32, 4, 0, 2, 8, 0, 0, 0]",left,128
121,1252,"[128, 16, 2, 2, 64, 8, 4, 0, 32, 4, 0, 4, 8, 0, 0, 0]",up,128
122,1264,"[128, 16, 4, 0, 64, 8, 4, 0, 32, 8, 0, 0, 8, 0, 0, 2]",left,128
123,1288,"[128, 16, 8, 2, 64, 16, 0, 0, 32, 0, 0, 2, 8, 0, 0, 0]",up,128
124,1324,"[128, 32, 8, 4, 64, 0, 0, 2, 32, 0, 0, 0, 8, 0, 0, 0]",up,128
125,1324,"[128, 0, 0, 0, 64, 0, 0, 4, 32, 0, 0, 4, 8, 32, 8, 2]",down,128
126,1332,"[128, 32, 8, 8, 64, 0, 0, 2, 32, 2, 0, 0, 8, 0, 0, 0]",up,128
127,1348,"[128, 32, 16, 0, 64, 2, 0, 0, 32, 2, 0, 0, 8, 0, 2, 0]",left,128
128,1352,"[128, 32, 16, 0, 64, 4, 2, 0, 32, 0, 0, 2, 8, 0, 0, 0]",up,128
129,1352,"[128, 32, 16, 2, 64, 4, 2, 0, 32, 0, 0, 0, 8, 0, 0, 2]",up,128
130,1356,"[128, 32, 16, 4, 64, 4, 2, 0, 32, 0, 0, 0, 8, 2, 0, 0]",up,128
131,1356,"[128, 32, 16, 4, 64, 4, 2, 0, 32, 2, 0, 0, 8, 0, 0, 2]",up,128
132,1356,"[128, 32, 16, 4, 64, 4, 2, 2, 32, 2, 0, 0, 8, 0, 2, 0]",up,128
133,1360,"[128, 32, 16, 4, 64, 4, 4, 2, 32, 2, 0, 2, 8, 0, 0, 0]",up,128
134,1372,"[128, 32, 16, 4, 64, 8, 2, 0, 32, 4, 0, 0, 8, 0, 0, 2]",left,128
135,1372,"[128, 32, 16, 4, 64, 8, 2, 2, 32, 4, 2, 0, 8, 0, 0, 0]",up,128
136,1376,"[128, 32, 16, 4, 64, 8, 4, 2, 32, 4, 0, 2, 8, 0, 0, 0]",up,128
137,1380,"[128, 32, 16, 4, 64, 8, 4, 4, 32, 4, 0, 0, 8, 0, 0, 2]",up,128
138,1388,"[128, 32, 16, 8, 64, 8, 4, 2, 32, 4, 0, 0, 8, 2, 0, 0]",up,128
139,1388,"[128, 32, 0, 0, 64, 8, 2, 0, 32, 4, 16, 8, 8, 2, 4, 2]",down,128
140,1388,"[128, 32, 2, 8, 64, 8, 16, 2, 32, 4, 4, 0, 8, 2, 2, 0]",up,128
141,1400,"[128, 32, 2, 8, 64, 8, 16, 2, 32, 8, 2, 0, 8, 4, 0, 0]",left,128
142,1416,"[128, 32, 2, 8, 64, 16, 16, 2, 32, 4, 2, 0, 8, 4, 0, 0]",up,128
143,1448,"[128, 32, 2, 8, 64, 32, 2, 0, 32, 4, 2, 0, 8, 4, 0, 2]",left,128
144,1524,"[128, 64, 4, 8, 64, 8, 2, 2, 32, 0, 0, 0, 8, 0, 2, 0]",up,128
145,1528,"[128, 64, 4, 8, 64, 8, 4, 2, 32, 2, 0, 0, 8, 0, 0, 0]",up,128
146,1536,"[128, 64, 8, 8, 64, 8, 2, 2, 32, 2, 0, 0, 8, 0, 0, 0]",up,128
147,1556,"[128, 64, 16, 2, 64, 8, 4, 0, 32, 2, 0, 0, 8, 0, 0, 0]",left,128
148,1556,"[128, 0, 2, 0, 64, 64, 0, 0, 32, 8, 16, 0, 8, 2, 4, 2]",down,128
149,1684,"[128, 2, 0, 0, 128, 2, 0, 0, 32, 8, 16, 0, 8, 2, 4, 2]",left,128
150,1944,"[256, 4, 16, 2, 32, 8, 4, 0, 8, 2, 0, 0, 0, 4, 0, 0]",up,256
151,1944,"[0, 4, 0, 0, 256, 8, 2, 0, 32, 2, 16, 0, 8, 4, 4, 2]",down,256
152,1952,"[4, 0, 0, 0, 256, 8, 2, 0, 32, 2, 16, 2, 8, 8, 2, 0]",left,256
153,1968,"[4, 0, 4, 0, 256, 8, 2, 0, 32, 2, 16, 2, 16, 2, 0, 0]",left,256
154,1976,"[8, 2, 0, 0, 256, 8, 2, 0, 32, 2, 16, 2, 16, 2, 0, 0]",left,256
155,1980,"[8, 2, 2, 2, 256, 8, 16, 0, 32, 4, 0, 2, 16, 0, 0, 0]",up,256
156,1984,"[8, 2, 2, 4, 256, 8, 16, 0, 32, 4, 0, 0, 16, 0, 2, 0]",up,256
157,1988,"[8, 4, 4, 2, 256, 8, 16, 0, 32, 4, 0, 0, 16, 2, 0, 0]",left,256
158,1996,"[8, 8, 2, 0, 256, 8, 16, 0, 32, 4, 2, 0, 16, 2, 0, 0]",left,256
159,2012,"[8, 16, 2, 2, 256, 4, 16, 0, 32, 2, 2, 0, 16, 0, 0, 0]",up,256
160,2020,"[8, 16, 4, 4, 256, 4, 16, 0, 32, 4, 0, 0, 16, 0, 0, 0]",left,256
161,2028,"[8, 16, 4, 4, 256, 8, 16, 0, 32, 0, 0, 0, 16, 0, 2, 0]",up,256
162,2036,"[8, 16, 8, 2, 256, 8, 16, 0, 32, 0, 0, 0, 16, 2, 0, 0]",left,256
163,2036,"[8, 16, 8, 2, 256, 8, 16, 2, 32, 2, 0, 0, 16, 0, 0, 0]",up,256
164,2040,"[8, 16, 8, 4, 256, 8, 16, 0, 32, 2, 2, 0, 16, 0, 0, 0]",up,256
165,2044,"[8, 16, 8, 4, 256, 8, 16, 0, 32, 4, 0, 0, 16, 0, 2, 0]",left,256
166,2044,"[8, 16, 8, 4, 256, 8, 16, 0, 32, 4, 2, 2, 16, 0, 0, 0]",up,256
167,2048,"[8, 16, 8, 4, 256, 8, 16, 0, 32, 4, 4, 0, 16, 0, 2, 0]",left,256
168,2056,"[8, 16, 8, 4, 256, 8, 16, 0, 32, 8, 2, 0, 16, 2, 0, 0]",left,256
169,2072,"[8, 16, 8, 4, 256, 16, 16, 2, 32, 2, 2, 0, 16, 0, 0, 0]",up,256
170,2108,"[8, 16, 8, 4, 256, 32, 2, 0, 32, 4, 0, 0, 16, 2, 0, 0]",left,256
171,2108,"[8, 16, 0, 0, 256, 32, 2, 0, 32, 4, 8, 0, 16, 2, 2, 4]",down,256
172,2112,"[8, 16, 0, 0, 256, 32, 2, 2, 32, 4, 8, 0, 16, 4, 4, 0]",left,256
173,2124,"[8, 16, 0, 0, 256, 32, 4, 2, 32, 4, 8, 0, 16, 8, 0, 0]",left,256
174,2124,"[8, 16, 4, 2, 256, 32, 8, 0, 32, 4, 2, 0, 16, 8, 0, 0]",up,256
175,2124,"[8, 16, 2, 0, 256, 32, 4, 0, 32, 4, 8, 0, 16, 8, 2, 2]",down,256
176,2128,"[8, 16, 2, 2, 256, 32, 4, 0, 32, 4, 8, 0, 16, 8, 4, 0]",left,256
177,2132,"[8, 16, 4, 0, 256, 32, 4, 0, 32, 4, 8, 2, 16, 8, 4, 0]",left,256
178,2136,"[8, 16, 0, 0, 256, 32, 8, 0, 32, 4, 8, 2, 16, 8, 4, 2]",down,256
179,2156,"[8, 16, 16, 4, 256, 32, 4, 0, 32, 4, 0, 0, 16, 8, 2, 0]",up,256
180,2188,"[8, 32, 4, 2, 256, 32, 4, 0, 32, 4, 0, 0, 16, 8, 2, 0]",left,256
181,2260,"[8, 64, 8, 2, 256, 4, 2, 0, 32, 8, 0, 0, 16, 0, 2, 0]",up,256
182,2264,"[8, 64, 8, 2, 256, 4, 4, 2, 32, 8, 0, 0, 16, 0, 0, 0]",up,256
183,2272,"[8, 64, 8, 2, 256, 8, 2, 0, 32, 8, 4, 0, 16, 0, 0, 0]",left,256
184,2288,"[8, 64, 8, 2, 256, 16, 2, 0, 32, 0, 4, 0, 16, 0, 2, 0]",up,256
185,2288,"[8, 0, 8, 0, 256, 2, 2, 0, 32, 64, 4, 0, 16, 16, 2, 2]",down,256
186,2344,"[16, 0, 0, 2, 256, 4, 0, 0, 32, 64, 4, 0, 32, 4, 0, 0]",left,256
187,2408,"[16, 4, 4, 2, 256, 64, 0, 0, 64, 4, 0, 2, 0, 0, 0, 0]",up,256
188,2416,"[16, 8, 2, 0, 256, 64, 0, 0, 64, 4, 2, 2, 0, 0, 0, 0]",left,256
189,2420,"[16, 8, 4, 2, 256, 64, 0, 0, 64, 4, 0, 0, 0, 2, 0, 0]",up,256
190,2420,"[0, 8, 0, 0, 16, 64, 0, 0, 256, 4, 0, 2, 64, 2, 4, 2]",down,256
191,2424,"[16, 8, 4, 4, 256, 64, 2, 0, 64, 4, 0, 0, 0, 2, 0, 0]",up,256
192,2432,"[16, 8, 8, 4, 256, 64, 2, 0, 64, 4, 0, 0, 2, 0, 0, 0]",left,256
193,2448,"[16, 16, 4, 0, 256, 64, 2, 0, 64, 4, 0, 0, 2, 0, 2, 0]",left,256
194,2484,"[32, 4, 0, 0, 256, 64, 2, 0, 64, 4, 2, 0, 4, 0, 0, 0]",left,256
195,2488,"[32, 4, 4, 0, 256, 64, 0, 0, 64, 4, 0, 2, 4, 0, 0, 0]",up,256
196,2496,"[32, 8, 0, 0, 256, 64, 0, 0, 64, 4, 2, 0, 4, 2, 0, 0]",left,256
197,2496,"[32, 8, 2, 0, 256, 64, 0, 4, 64, 4, 0, 0, 4, 2, 0, 0]",up,256
198,2496,"[32, 8, 2, 4, 256, 64, 0, 0, 64, 4, 2, 0, 4, 2, 0, 0]",up,256
199,2500,"[32, 8, 4, 4, 256, 64, 0, 0, 64, 4, 2, 0, 4, 2, 0, 0]",up,256
200,2508,"[32, 8, 8, 0, 256, 64, 0, 0, 64, 4, 2, 0, 4, 2, 4, 0]",left,256
201,2524,"[32, 16, 0, 0, 256, 64, 0, 0, 64, 4, 2, 4, 4, 2, 4, 0]",left,256
202,2524,"[32, 16, 2, 4, 256, 64, 4, 2, 64, 4, 0, 0, 4, 2, 0, 0]",up,256
203,2524,"[32, 16, 0, 2, 256, 64, 0, 0, 64, 4, 2, 4, 4, 2, 4, 2]",down,256
204,2524,"[32, 16, 2, 2, 256, 64, 4, 4, 64, 4, 2, 2, 4, 2, 0, 0]",up,256
205,2540,"[32, 16, 4, 2, 256, 64, 8, 0, 64, 4, 4, 0, 4, 2, 0, 0]",left,256
206,2548,"[32, 16, 4, 2, 256, 64, 8, 0, 64, 8, 0, 0, 4, 2, 0, 2]",left,256
207,2552,"[32, 16, 4, 4, 256, 64, 8, 2, 64, 8, 0, 0, 4, 2, 0, 0]",up,256
208,2560,"[32, 16, 8, 2, 256, 64, 8, 2, 64, 8, 0, 0, 4, 2, 0, 0]",left,256
209,2580,"[32, 16, 16, 4, 256, 64, 0, 0, 64, 8, 2, 0, 4, 2, 0, 0]",up,256
210,2612,"[32, 32, 4, 0, 256, 64, 0, 0, 64, 8, 2, 2, 4, 2, 0, 0]",left,256
211,2680,"[64, 4, 2, 0, 256, 64, 0, 0, 64, 8, 4, 0, 4, 2, 0, 0]",left,256
212,2680,"[64, 4, 2, 0, 256, 64, 4, 0, 64, 8, 2, 0, 4, 2, 0, 0]",up,256
213,2680,"[64, 4, 0, 0, 256, 64, 2, 0, 64, 8, 4, 0, 4, 2, 2, 2]",down,256
214,2684,"[64, 4, 0, 2, 256, 64, 2, 0, 64, 8, 4, 0, 4, 4, 2, 0]",left,256
215,2692,"[64, 4, 2, 0, 256, 64, 2, 2, 64, 8, 4, 0, 8, 2, 0, 0]",left,256
216,2694,"[64, 4, 0, 0, 256, 64, 2, 0, 64, 8, 4, 0, 8, 2, 4, 2]",down,256
217,2702,"[64, 4, 2, 2, 256, 64, 8, 0, 64, 8, 0, 0, 8, 2, 0, 4]",up,256
218,2706,"[64, 4, 4, 0, 256, 64, 8, 0, 64, 8, 2, 0, 8, 2, 4, 0]",left,256
219,2714,"[64, 8, 0, 2, 256, 64, 8, 0, 64, 8, 2, 0, 8, 2, 4, 0]",left,256
220,2714,"[64, 8, 8, 2, 256, 64, 2, 2, 64, 8, 4, 0, 8, 2, 0, 0]",up,256
221,2734,"[64, 16, 2, 0, 256, 64, 4, 0, 64, 8, 4, 0, 8, 2, 0, 2]",left,256
222,2742,"[64, 16, 2, 2, 256, 64, 8, 0, 64, 8, 2, 0, 8, 2, 0, 0]",up,256
223,2746,"[64, 16, 4, 0, 256, 64, 8, 0, 64, 8, 2, 2, 8, 2, 0, 0]",left,256
224,2750,"[64, 16, 4, 0, 256, 64, 8, 0, 64, 8, 4, 0, 8, 2, 0, 2]",left,256
225,2754,"[64, 16, 4, 2, 256, 64, 8, 0, 64, 8, 4, 0, 8, 4, 0, 0]",left,256
226,2754,"[64, 16, 0, 0, 256, 64, 4, 2, 64, 8, 8, 0, 8, 4, 4, 2]",down,256
227,2778,"[64, 16, 0, 0, 256, 64, 4, 2, 64, 16, 0, 2, 8, 8, 2, 0]",left,256
228,2794,"[64, 16, 0, 0, 256, 64, 4, 2, 64, 16, 2, 0, 16, 2, 0, 2]",left,256
229,2798,"[64, 16, 4, 4, 256, 64, 2, 0, 64, 16, 0, 0, 16, 2, 0, 2]",up,256
230,2810,"[64, 16, 8, 0, 256, 64, 2, 0, 64, 16, 0, 0, 16, 4, 2, 0]",left,256
231,2814,"[64, 16, 8, 2, 256, 64, 4, 0, 64, 16, 0, 0, 16, 4, 0, 0]",up,256
232,2814,"[64, 16, 0, 0, 256, 64, 2, 0, 64, 16, 8, 0, 16, 4, 4, 2]",down,256
233,2822,"[64, 16, 0, 0, 256, 64, 2, 2, 64, 16, 8, 0, 16, 8, 2, 0]",left,256
234,2826,"[64, 16, 2, 0, 256, 64, 4, 0, 64, 16, 8, 0, 16, 8, 2, 0]",left,256
235,2826,"[2, 64, 16, 2, 0, 256, 64, 4, 0, 64, 16, 8, 0, 16, 8, 2]",right,256
236,2826,"[0, 64, 16, 2, 0, 256, 64, 4, 2, 64, 16, 8, 2, 16, 8, 2]",down,256
237,2830,"[4, 64, 16, 2, 0, 256, 64, 4, 0, 64, 16, 8, 2, 16, 8, 2]",up,256
238,2830,"[4, 64, 16, 2, 2, 256, 64, 4, 2, 64, 16, 8, 0, 16, 8, 2]",up,256
239,2834,"[4, 64, 16, 2, 4, 256, 64, 4, 0, 64, 16, 8, 2, 16, 8, 2]",up,256
240,2842,"[8, 64, 16, 2, 2, 256, 64, 4, 0, 64, 16, 8, 4, 16, 8, 2]",up,256
241,2842,"[8, 64, 16, 2, 2, 256, 64, 4, 4, 64, 16, 8, 2, 16, 8, 2]",up,256
1,0,"[4, 0, 0, 0, 0, 0, 0, 0, 0, 0, 0, 0, 0, 0, 2, 0]",up,4
2,0,"[4, 0, 2, 0, 0, 0, 2, 0, 0, 0, 0, 0, 0, 0, 0, 0]",up,4
3,4,"[4, 0, 4, 0, 0, 0, 0, 0, 0, 2, 0, 0, 0, 0, 0, 0]",up,4
4,12,"[8, 0, 0, 0, 0, 0, 0, 0, 2, 2, 0, 0, 0, 0, 0, 0]",left,8
5,12,"[8, 2, 0, 0, 2, 0, 0, 0, 0, 0, 0, 0, 0, 0, 0, 2]",up,8
6,12,"[8, 2, 0, 2, 2, 2, 0, 0, 0, 0, 0, 0, 0, 0, 0, 0]",up,8
7,20,"[8, 4, 2, 0, 4, 0, 0, 0, 0, 0, 0, 0, 0, 0, 0, 0]",left,8
8,20,"[0, 0, 0, 0, 0, 0, 4, 0, 8, 0, 0, 0, 4, 4, 2, 0]",down,8
9,20,"[8, 4, 4, 2, 4, 0, 2, 0, 0, 0, 0, 0, 0, 0, 0, 0]",up,8
10,20,"[0, 0, 0, 0, 2, 0, 0, 0, 8, 0, 4, 0, 4, 4, 2, 2]",down,8
11,20,"[2, 4, 4, 2, 8, 0, 2, 2, 4, 0, 0, 0, 0, 0, 0, 0]",up,8
12,32,"[2, 2, 8, 2, 0, 0, 8, 4, 0, 0, 0, 4, 0, 0, 0, 0]",right,8
13,56,"[2, 2, 16, 2, 2, 0, 0, 8, 0, 0, 0, 0, 0, 0, 0, 0]",up,16
14,58,"[2, 0, 0, 0, 0, 0, 0, 0, 0, 0, 0, 2, 4, 2, 16, 8]",down,16
15,58,"[2, 2, 16, 2, 4, 0, 0, 8, 0, 2, 0, 0, 0, 0, 0, 0]",up,16
16,62,"[4, 16, 2, 2, 4, 8, 0, 0, 2, 0, 0, 0, 0, 0, 0, 0]",left,16
17,66,"[0, 0, 0, 2, 0, 0, 0, 0, 8, 16, 0, 0, 2, 8, 2, 2]",down,16
18,68,"[0, 0, 0, 0, 0, 0, 0, 2, 8, 16, 0, 0, 2, 8, 2, 4]",down,16
19,68,"[0, 0, 0, 2, 0, 0, 0, 2, 0, 0, 8, 16, 2, 8, 2, 4]",right,16
20,72,"[2, 8, 8, 4, 0, 0, 2, 16, 0, 2, 0, 4, 0, 0, 0, 0]",up,16
21,72,"[2, 8, 8, 4, 0, 2, 2, 16, 0, 0, 0, 4, 0, 0, 0, 2]",up,16
22,72,"[2, 0, 0, 4, 0, 0, 0, 16, 0, 8, 8, 4, 2, 2, 2, 2]",down,16
23,96,"[2, 4, 0, 0, 16, 0, 0, 0, 16, 4, 0, 0, 4, 4, 0, 2]",left,16
24,116,"[0, 0, 2, 0, 2, 0, 0, 0, 32, 4, 0, 0, 4, 8, 0, 2]",down,32
25,116,"[2, 4, 2, 2, 32, 8, 0, 2, 4, 0, 0, 0, 0, 0, 0, 0]",up,32
26,120,"[2, 4, 4, 0, 32, 8, 2, 0, 4, 0, 0, 0, 0, 0, 0, 2]",left,32
27,120,"[2, 4, 4, 2, 32, 8, 2, 0, 4, 0, 0, 2, 0, 0, 0, 0]",up,32
28,124,"[2, 4, 4, 4, 32, 8, 2, 0, 4, 0, 0, 0, 4, 0, 0, 0]",up,32
29,132,"[2, 8, 4, 0, 32, 8, 2, 0, 4, 0, 0, 0, 4, 0, 0, 2]",left,32
30,132,"[2, 8, 4, 0, 32, 8, 2, 0, 4, 0, 4, 0, 4, 2, 0, 0]",left,32
31,156,"[2, 16, 4, 2, 32, 2, 2, 0, 8, 0, 4, 0, 0, 0, 0, 0]",up,32
32,160,"[2, 16, 4, 2, 0, 0, 32, 4, 0, 2, 8, 4, 0, 0, 0, 0]",right,32
33,164,"[0, 0, 0, 0, 0, 0, 4, 2, 0, 16, 32, 2, 2, 2, 8, 8]",down,32
34,168,"[2, 16, 4, 4, 0, 2, 32, 8, 0, 0, 8, 0, 0, 2, 0, 0]",up,32
35,176,"[2, 16, 8, 0, 2, 32, 8, 0, 8, 0, 0, 0, 2, 2, 0, 0]",left,32
36,196,"[4, 16, 16, 0, 8, 32, 0, 0, 2, 2, 0, 0, 0, 0, 2, 0]",up,32
37,232,"[0, 2, 4, 32, 0, 0, 8, 32, 0, 0, 0, 4, 0, 0, 0, 2]",right,32
38,232,"[2, 4, 32, 0, 8, 32, 0, 0, 4, 0, 0, 0, 2, 0, 0, 2]",left,32
39,236,"[2, 4, 32, 0, 8, 32, 0, 0, 4, 0, 0, 2, 4, 0, 0, 0]",left,32
40,244,"[2, 4, 32, 2, 8, 32, 2, 0, 8, 0, 0, 0, 0, 0, 0, 0]",up,32
41,244,"[2, 4, 32, 2, 2, 8, 32, 2, 0, 0, 0, 8, 0, 0, 0, 0]",right,32
42,316,"[4, 4, 64, 4, 0, 8, 0, 8, 0, 0, 0, 0, 0, 0, 0, 4]",up,64
43,316,"[4, 4, 64, 4, 0, 8, 0, 8, 0, 0, 0, 4, 0, 2, 0, 0]",up,64
44,316,"[4, 4, 64, 4, 0, 8, 0, 8, 2, 2, 0, 4, 0, 0, 0, 0]",up,64
45,316,"[0, 2, 0, 0, 0, 4, 0, 4, 4, 8, 0, 8, 2, 2, 64, 4]",down,64
46,344,"[2, 0, 0, 0, 8, 2, 0, 0, 4, 16, 0, 0, 4, 64, 4, 0]",left,64
47,352,"[2, 2, 4, 0, 8, 16, 0, 0, 8, 64, 0, 0, 0, 0, 0, 2]",up,64
48,368,"[2, 2, 4, 2, 16, 16, 0, 0, 0, 64, 0, 0, 0, 2, 0, 0]",up,64
49,404,"[4, 4, 2, 0, 32, 0, 0, 0, 64, 0, 4, 0, 2, 0, 0, 0]",left,64
50,404,"[4, 4, 2, 0, 32, 0, 4, 0, 64, 0, 0, 2, 2, 0, 0, 0]",up,64
51,404,"[4, 4, 2, 2, 32, 0, 4, 0, 64, 0, 0, 2, 2, 0, 0, 0]",up,64
52,416,"[8, 4, 2, 0, 32, 4, 0, 0, 64, 2, 0, 0, 2, 0, 0, 0]",left,64
53,424,"[8, 8, 2, 0, 32, 2, 0, 0, 64, 0, 0, 0, 2, 0, 0, 2]",up,64
54,424,"[8, 0, 0, 0, 32, 2, 0, 0, 64, 8, 0, 0, 2, 2, 2, 2]",down,64
55,432,"[8, 2, 0, 0, 32, 2, 0, 0, 64, 8, 0, 0, 4, 4, 0, 0]",left,64
56,436,"[8, 4, 0, 0, 32, 8, 0, 0, 64, 4, 0, 4, 4, 0, 0, 0]",up,64
57,436,"[8, 4, 0, 4, 32, 8, 0, 0, 64, 4, 2, 0, 4, 0, 0, 0]",up,64
58,444,"[8, 8, 0, 0, 32, 8, 0, 0, 64, 4, 2, 0, 4, 0, 2, 0]",left,64
59,460,"[0, 0, 0, 16, 0, 0, 32, 8, 2, 64, 4, 2, 0, 0, 4, 2]",right,64
60,472,"[2, 64, 32, 16, 0, 0, 8, 8, 0, 0, 0, 4, 2, 0, 0, 0]",up,64
61,488,"[2, 64, 32, 16, 0, 0, 0, 16, 0, 0, 0, 4, 0, 0, 2, 2]",right,64
62,492,"[2, 64, 32, 16, 0, 0, 0, 16, 0, 0, 2, 4, 0, 0, 0, 4]",right,64
63,532,"[2, 64, 32, 32, 0, 0, 2, 8, 0, 0, 0, 0, 0, 0, 0, 2]",up,64
64,532,"[2, 64, 32, 32, 0, 0, 2, 8, 0, 2, 0, 2, 0, 0, 0, 0]",up,64
65,600,"[2, 64, 64, 0, 2, 8, 0, 0, 4, 0, 0, 0, 0, 0, 4, 0]",left,64
66,604,"[4, 64, 64, 0, 4, 8, 4, 0, 2, 0, 0, 0, 0, 0, 0, 0]",up,64
67,612,"[8, 64, 64, 0, 2, 8, 4, 0, 0, 0, 0, 0, 0, 0, 2, 0]",up,64
68,740,"[8, 128, 2, 0, 2, 8, 4, 0, 0, 0, 0, 0, 2, 0, 0, 0]",left,128
69,744,"[8, 128, 2, 0, 4, 8, 4, 2, 0, 0, 0, 0, 0, 0, 0, 0]",up,128
70,744,"[8, 128, 2, 2, 4, 8, 4, 0, 0, 0, 0, 0, 0, 0, 2, 0]",up,128
71,744,"[8, 128, 2, 2, 4, 8, 4, 0, 0, 0, 2, 0, 2, 0, 0, 0]",up,128
72,744,"[8, 128, 2, 2, 4, 8, 4, 0, 2, 0, 2, 2, 0, 0, 0, 0]",up,128
73,748,"[8, 128, 2, 4, 4, 8, 4, 0, 2, 0, 2, 0, 0, 0, 0, 4]",up,128
74,756,"[8, 128, 2, 8, 4, 8, 4, 0, 2, 2, 2, 0, 0, 0, 0, 0]",up,128
75,760,"[8, 128, 2, 8, 4, 8, 4, 0, 4, 2, 0, 2, 0, 0, 0, 0]",left,128
76,764,"[8, 128, 2, 8, 4, 8, 4, 0, 4, 4, 2, 0, 0, 0, 0, 0]",left,128
77,768,"[0, 0, 2, 0, 0, 128, 2, 0, 8, 8, 4, 0, 8, 4, 2, 8]",down,128
78,788,"[16, 128, 4, 8, 0, 8, 4, 0, 2, 4, 2, 0, 0, 0, 0, 0]",up,128
79,796,"[16, 128, 8, 8, 2, 8, 2, 0, 0, 4, 0, 0, 2, 0, 0, 0]",up,128
80,800,"[16, 128, 8, 8, 4, 8, 2, 0, 0, 4, 0, 0, 0, 2, 0, 0]",up,128
81,800,"[0, 128, 0, 0, 2, 8, 0, 0, 16, 4, 8, 0, 4, 2, 2, 8]",down,128
82,804,"[128, 2, 0, 0, 2, 8, 0, 0, 16, 4, 8, 0, 4, 4, 8, 0]",left,128
83,812,"[0, 0, 128, 2, 0, 2, 2, 8, 0, 16, 4, 8, 0, 0, 8, 8]",right,128
84,820,"[0, 0, 128, 0, 2, 0, 2, 2, 0, 2, 4, 8, 0, 16, 8, 16]",down,128
85,820,"[0, 0, 128, 2, 0, 0, 2, 2, 0, 2, 4, 8, 2, 16, 8, 16]",down,128
86,822,"[0, 0, 128, 2, 0, 0, 2, 4, 0, 2, 4, 8, 2, 16, 8, 16]",down,128
87,822,"[128, 2, 0, 4, 2, 4, 0, 0, 2, 4, 8, 0, 2, 16, 8, 16]",left,128
88,822,"[0, 128, 2, 4, 0, 0, 2, 4, 2, 2, 4, 8, 2, 16, 8, 16]",right,128
89,838,"[4, 128, 4, 8, 0, 2, 4, 8, 2, 16, 8, 16, 0, 0, 0, 0]",up,128
90,862,"[4, 128, 8, 16, 2, 2, 8, 16, 0, 16, 0, 0, 2, 0, 0, 0]",up,128
91,914,"[4, 128, 16, 32, 4, 2, 2, 0, 0, 16, 0, 0, 0, 0, 0, 0]",up,128
92,922,"[8, 128, 16, 32, 0, 2, 2, 0, 0, 16, 0, 0, 0, 0, 2, 0]",up,128
93,926,"[8, 128, 16, 32, 0, 2, 4, 0, 0, 16, 0, 0, 0, 2, 0, 0]",up,128
94,926,"[0, 128, 0, 0, 2, 2, 0, 0, 0, 16, 16, 0, 8, 2, 4, 32]",down,128
95,926,"[0, 128, 0, 0, 2, 2, 0, 0, 2, 16, 16, 0, 8, 2, 4, 32]",down,128
96,962,"[2, 0, 0, 128, 0, 0, 0, 4, 0, 0, 2, 32, 8, 2, 4, 32]",right,128
97,1026,"[2, 2, 2, 128, 8, 0, 4, 4, 0, 0, 0, 64, 0, 2, 0, 0]",up,128
98,1030,"[2, 4, 2, 128, 8, 2, 4, 4, 0, 0, 0, 64, 0, 0, 0, 0]",up,128
99,1038,"[2, 4, 2, 128, 8, 2, 8, 0, 64, 0, 2, 0, 0, 0, 0, 0]",left,128
100,1038,"[2, 0, 0, 0, 2, 0, 2, 0, 8, 4, 8, 0, 64, 2, 2, 128]",down,128
101,1042,"[4, 4, 2, 128, 8, 2, 8, 2, 64, 0, 2, 0, 0, 0, 0, 0]",up,128
102,1042,"[0, 0, 2, 0, 4, 0, 2, 0, 8, 4, 8, 128, 64, 2, 2, 2]",down,128
103,1044,"[0, 0, 0, 0, 4, 0, 4, 2, 8, 4, 8, 128, 64, 2, 2, 2]",down,128
104,1056,"[0, 0, 0, 4, 8, 2, 0, 0, 8, 4, 8, 128, 64, 4, 2, 0]",left,128
105,1056,"[4, 0, 0, 2, 8, 2, 0, 0, 8, 4, 8, 128, 64, 4, 2, 0]",left,128
106,1056,"[4, 2, 2, 0, 8, 2, 0, 0, 8, 4, 8, 128, 64, 4, 2, 0]",left,128
107,1084,"[4, 4, 2, 128, 16, 8, 8, 0, 64, 0, 2, 0, 0, 0, 0, 2]",up,128
108,1084,"[4, 4, 2, 128, 16, 8, 8, 2, 64, 0, 2, 0, 0, 0, 2, 0]",up,128
109,1088,"[4, 4, 2, 128, 16, 8, 8, 2, 64, 0, 4, 0, 0, 0, 2, 0]",up,128
110,1112,"[8, 2, 128, 0, 16, 16, 2, 4, 64, 4, 0, 0, 2, 0, 0, 0]",left,128
111,1144,"[8, 2, 128, 0, 32, 2, 4, 0, 64, 4, 0, 0, 2, 2, 0, 0]",left,128
112,1146,"[8, 0, 0, 0, 32, 4, 2, 0, 64, 4, 128, 0, 2, 2, 4, 0]",down,128
113,1154,"[8, 8, 2, 0, 32, 2, 128, 0, 64, 2, 4, 0, 2, 0, 0, 0]",up,128
114,1170,"[16, 2, 0, 4, 32, 2, 128, 0, 64, 2, 4, 0, 2, 0, 0, 0]",left,128
115,1172,"[16, 0, 0, 0, 32, 0, 0, 2, 64, 2, 128, 0, 2, 4, 4, 4]",down,128
116,1180,"[0, 0, 0, 16, 0, 2, 32, 2, 0, 64, 2, 128, 0, 2, 4, 8]",right,128
117,1180,"[0, 2, 32, 16, 0, 64, 2, 2, 0, 2, 4, 128, 2, 0, 0, 8]",up,128
118,1180,"[2, 2, 32, 16, 0, 64, 2, 2, 0, 2, 4, 128, 0, 2, 0, 8]",up,128
119,1184,"[2, 2, 32, 16, 0, 64, 2, 2, 0, 4, 4, 128, 0, 0, 2, 8]",up,128
120,1200,"[4, 32, 16, 2, 64, 4, 0, 0, 8, 128, 0, 0, 2, 8, 0, 0]",left,128
121,1200,"[4, 32, 0, 0, 64, 4, 0, 0, 8, 128, 2, 0, 2, 8, 16, 2]",down,128
122,1200,"[0, 0, 4, 32, 2, 0, 64, 4, 0, 8, 128, 2, 2, 8, 16, 2]",right,128
123,1224,"[4, 16, 4, 32, 0, 2, 64, 4, 0, 0, 128, 4, 0, 0, 16, 0]",up,128
124,1232,"[4, 16, 4, 32, 0, 2, 64, 8, 0, 0, 128, 0, 0, 0, 16, 2]",up,128
125,1232,"[4, 16, 4, 32, 0, 2, 64, 8, 0, 0, 128, 2, 0, 2, 16, 0]",up,128
126,1234,"[0, 0, 4, 2, 0, 0, 64, 32, 0, 16, 128, 8, 4, 4, 16, 2]",down,128
127,1234,"[4, 16, 4, 2, 0, 4, 64, 32, 2, 0, 128, 8, 0, 0, 16, 2]",up,128
128,1234,"[4, 16, 4, 2, 4, 64, 32, 2, 2, 128, 8, 0, 16, 2, 0, 0]",left,128
129,1234,"[4, 16, 4, 2, 4, 64, 32, 2, 0, 2, 128, 8, 0, 2, 16, 2]",right,128
130,1250,"[8, 16, 4, 4, 0, 64, 32, 8, 0, 4, 128, 2, 0, 0, 16, 2]",up,128
131,1258,"[0, 8, 16, 8, 0, 64, 32, 8, 0, 4, 128, 2, 0, 2, 16, 2]",right,128
132,1278,"[2, 8, 16, 16, 0, 64, 32, 4, 0, 4, 128, 0, 0, 2, 16, 0]",up,128
133,1310,"[2, 8, 32, 2, 64, 32, 4, 0, 4, 128, 0, 0, 2, 16, 0, 0]",left,128
134,1310,"[2, 8, 32, 2, 0, 64, 32, 4, 2, 0, 4, 128, 0, 0, 2, 16]",right,128
135,1378,"[4, 8, 64, 2, 0, 64, 4, 4, 0, 0, 2, 128, 0, 2, 0, 16]",up,128
136,1378,"[4, 8, 64, 2, 0, 64, 4, 4, 0, 2, 2, 128, 2, 0, 0, 16]",up,128
137,1378,"[4, 8, 64, 2, 2, 64, 4, 4, 0, 2, 2, 128, 0, 2, 0, 16]",up,128
138,1382,"[4, 8, 64, 2, 2, 64, 4, 4, 0, 4, 2, 128, 0, 2, 0, 16]",up,128
139,1390,"[4, 8, 64, 2, 2, 64, 8, 2, 4, 2, 128, 0, 2, 16, 0, 0]",left,128
140,1394,"[4, 8, 64, 4, 2, 64, 8, 0, 4, 2, 128, 4, 2, 16, 0, 0]",up,128
141,1402,"[4, 8, 64, 8, 2, 64, 8, 0, 4, 2, 128, 0, 2, 16, 0, 2]",up,128
142,1402,"[4, 8, 0, 0, 2, 64, 64, 2, 4, 2, 8, 8, 2, 16, 128, 2]",down,128
143,1402,"[4, 8, 64, 2, 2, 64, 8, 8, 4, 2, 128, 2, 2, 16, 2, 0]",up,128
144,1418,"[4, 8, 64, 2, 2, 2, 64, 16, 4, 2, 128, 2, 0, 2, 16, 2]",right,128
145,1422,"[4, 8, 64, 2, 2, 4, 64, 16, 4, 2, 128, 2, 0, 2, 16, 2]",right,128
146,1558,"[4, 8, 128, 2, 2, 4, 128, 16, 4, 4, 16, 4, 0, 2, 0, 0]",up,128
147,1822,"[4, 8, 256, 2, 2, 8, 16, 16, 4, 2, 0, 4, 0, 2, 0, 0]",up,256
148,1854,"[4, 8, 256, 2, 2, 8, 32, 0, 4, 2, 4, 0, 2, 0, 0, 4]",left,256
149,1870,"[4, 16, 256, 2, 2, 2, 32, 4, 4, 0, 4, 0, 2, 0, 2, 0]",up,256
150,1886,"[4, 16, 256, 2, 4, 32, 4, 0, 8, 0, 0, 0, 4, 2, 0, 0]",left,256
151,1890,"[0, 4, 0, 0, 8, 16, 0, 0, 8, 32, 256, 0, 4, 2, 4, 2]",down,256
152,1898,"[2, 4, 0, 0, 0, 16, 0, 0, 16, 32, 256, 0, 4, 2, 4, 2]",down,256
153,1898,"[2, 4, 256, 2, 16, 16, 4, 0, 4, 32, 0, 2, 0, 2, 0, 0]",up,256
154,1902,"[2, 4, 256, 4, 16, 16, 4, 0, 4, 32, 0, 0, 0, 2, 2, 0]",up,256
155,1938,"[2, 4, 256, 4, 2, 0, 32, 4, 0, 0, 4, 32, 0, 0, 0, 4]",right,256
156,1950,"[4, 4, 256, 8, 0, 0, 32, 32, 0, 0, 4, 4, 2, 0, 0, 0]",up,256
157,1950,"[0, 0, 0, 0, 0, 0, 256, 8, 4, 2, 32, 32, 2, 4, 4, 4]",down,256
158,1950,"[4, 2, 256, 8, 2, 4, 32, 32, 0, 0, 4, 4, 2, 0, 0, 0]",up,256
159,1954,"[4, 2, 256, 8, 4, 4, 32, 32, 0, 0, 4, 4, 0, 0, 2, 0]",up,256
160,2034,"[4, 2, 256, 8, 8, 64, 0, 2, 8, 0, 0, 0, 2, 0, 0, 0]",left,256
161,2050,"[4, 2, 256, 8, 16, 64, 0, 2, 2, 2, 0, 0, 0, 0, 0, 0]",up,256
162,2054,"[4, 2, 256, 8, 16, 64, 2, 0, 4, 0, 0, 2, 0, 0, 0, 0]",left,256
163,2054,"[4, 2, 256, 8, 16, 64, 2, 2, 4, 0, 0, 0, 0, 0, 0, 4]",up,256
164,2058,"[4, 2, 256, 8, 16, 64, 4, 0, 4, 0, 0, 2, 4, 0, 0, 0]",left,256
165,2066,"[4, 2, 256, 8, 16, 64, 4, 2, 8, 2, 0, 0, 0, 0, 0, 0]",up,256
166,2066,"[4, 2, 256, 8, 16, 64, 4, 2, 0, 2, 8, 2, 0, 0, 0, 0]",right,256
167,2070,"[4, 2, 256, 8, 16, 64, 4, 4, 0, 2, 8, 2, 0, 0, 0, 0]",up,256
168,2070,"[0, 0, 0, 2, 0, 2, 256, 8, 4, 64, 4, 4, 16, 2, 8, 2]",down,256
169,2070,"[4, 2, 256, 2, 16, 64, 4, 8, 0, 2, 8, 4, 0, 2, 0, 2]",up,256
170,2072,"[0, 0, 2, 2, 0, 2, 256, 8, 4, 64, 4, 4, 16, 4, 8, 2]",down,256
171,2084,"[4, 0, 0, 2, 2, 256, 8, 0, 4, 64, 8, 0, 16, 4, 8, 2]",left,256
172,2104,"[4, 256, 16, 4, 2, 64, 8, 0, 4, 4, 2, 0, 16, 0, 0, 0]",up,256
173,2104,"[4, 2, 0, 0, 2, 256, 16, 0, 4, 64, 8, 0, 16, 4, 2, 4]",down,256
174,2104,"[4, 2, 16, 4, 2, 256, 8, 2, 4, 64, 2, 0, 16, 4, 0, 0]",up,256
175,2104,"[4, 2, 0, 0, 2, 256, 16, 4, 4, 64, 8, 4, 16, 4, 2, 2]",down,256
176,2108,"[4, 2, 0, 2, 2, 256, 16, 0, 4, 64, 8, 8, 16, 4, 2, 2]",down,256
177,2132,"[4, 4, 0, 0, 2, 256, 16, 0, 4, 64, 16, 2, 16, 4, 4, 0]",left,256
178,2164,"[4, 4, 32, 2, 2, 256, 4, 0, 4, 64, 0, 0, 16, 4, 2, 0]",up,256
179,2164,"[4, 4, 2, 0, 2, 256, 32, 0, 4, 64, 4, 0, 16, 4, 2, 2]",down,256
180,2164,"[4, 4, 2, 2, 2, 256, 32, 0, 4, 64, 4, 0, 16, 4, 2, 2]",up,256
181,2168,"[4, 4, 2, 4, 2, 256, 32, 2, 4, 64, 4, 0, 16, 4, 2, 0]",up,256
182,2168,"[4, 4, 2, 4, 2, 256, 32, 0, 4, 64, 4, 4, 16, 4, 2, 2]",down,256
183,2188,"[8, 2, 4, 0, 2, 256, 32, 0, 4, 64, 8, 0, 16, 4, 4, 2]",left,256
184,2188,"[8, 2, 4, 2, 2, 256, 32, 0, 4, 64, 8, 2, 16, 4, 4, 0]",up,256
185,2192,"[8, 2, 4, 4, 2, 256, 32, 0, 4, 64, 8, 0, 16, 4, 4, 2]",up,256
186,2192,"[8, 2, 4, 4, 2, 256, 32, 2, 4, 64, 8, 0, 16, 4, 4, 2]",up,256
187,2196,"[8, 2, 4, 4, 2, 256, 32, 4, 4, 64, 8, 2, 16, 4, 4, 0]",up,256
188,2204,"[8, 2, 4, 8, 2, 256, 32, 2, 4, 64, 8, 2, 16, 4, 4, 0]",up,256
189,2208,"[8, 2, 4, 8, 2, 256, 32, 4, 4, 64, 8, 2, 16, 4, 4, 0]",up,256
190,2208,"[8, 2, 4, 4, 2, 256, 32, 8, 4, 64, 8, 4, 16, 4, 4, 2]",down,256
191,2224,"[0, 8, 2, 8, 2, 256, 32, 8, 4, 64, 8, 4, 2, 16, 8, 2]",right,256
192,2240,"[0, 8, 2, 0, 2, 256, 2, 16, 4, 64, 32, 4, 2, 16, 16, 2]",down,256
193,2242,"[2, 8, 0, 0, 2, 256, 4, 16, 4, 64, 32, 4, 2, 16, 16, 2]",down,256
194,2244,"[2, 8, 0, 0, 4, 256, 4, 16, 4, 64, 32, 4, 2, 16, 16, 2]",down,256
195,2276,"[0, 0, 2, 8, 4, 256, 4, 16, 4, 64, 32, 4, 2, 2, 32, 2]",right,256
196,2348,"[8, 256, 2, 8, 2, 64, 4, 16, 0, 2, 64, 4, 2, 0, 0, 2]",up,256
197,2352,"[8, 256, 2, 8, 2, 64, 4, 16, 2, 64, 4, 2, 4, 0, 0, 0]",left,256
198,2492,"[8, 256, 2, 8, 4, 128, 8, 16, 4, 0, 0, 2, 0, 0, 4, 0]",up,256
199,2500,"[8, 256, 2, 8, 8, 128, 8, 16, 0, 0, 4, 2, 0, 0, 2, 0]",up,256
200,2516,"[16, 256, 2, 8, 0, 128, 8, 16, 2, 0, 4, 2, 0, 0, 2, 0]",up,256
201,2516,"[16, 256, 2, 8, 2, 128, 8, 16, 2, 0, 4, 2, 0, 0, 2, 0]",up,256
202,2520,"[16, 256, 2, 8, 4, 128, 8, 16, 0, 0, 4, 2, 0, 2, 2, 0]",up,256
203,2520,"[0, 0, 2, 2, 0, 256, 8, 8, 16, 128, 4, 16, 4, 2, 2, 2]",down,256
204,2520,"[16, 256, 2, 2, 4, 128, 8, 8, 2, 2, 4, 16, 0, 0, 2, 2]",up,256
205,2548,"[16, 256, 4, 2, 4, 128, 16, 0, 4, 4, 16, 0, 4, 0, 0, 0]",left,256
206,2588,"[16, 256, 4, 2, 8, 128, 32, 0, 4, 4, 0, 2, 0, 0, 0, 0]",up,256
207,2592,"[16, 256, 4, 4, 8, 128, 32, 0, 4, 4, 0, 0, 2, 0, 0, 0]",up,256
208,2608,"[16, 256, 8, 0, 8, 128, 32, 0, 8, 2, 0, 0, 2, 0, 0, 0]",left,256
209,2624,"[16, 256, 8, 0, 16, 128, 32, 0, 2, 2, 0, 0, 0, 2, 0, 0]",up,256
210,2660,"[32, 256, 8, 0, 2, 128, 32, 0, 0, 4, 0, 0, 0, 0, 0, 2]",up,256
211,2660,"[0, 32, 256, 8, 0, 2, 128, 32, 2, 0, 0, 4, 0, 0, 0, 2]",right,256
212,2660,"[2, 32, 256, 8, 0, 2, 128, 32, 2, 0, 0, 4, 0, 0, 0, 2]",up,256
213,2664,"[4, 32, 256, 8, 0, 2, 128, 32, 0, 2, 0, 4, 0, 0, 0, 2]",up,256
214,2668,"[4, 32, 256, 8, 0, 4, 128, 32, 0, 0, 0, 4, 0, 2, 0, 2]",up,256
215,2672,"[4, 32, 256, 8, 4, 128, 32, 0, 4, 0, 0, 0, 4, 0, 0, 4]",left,256
216,2688,"[8, 32, 256, 8, 8, 128, 32, 4, 0, 0, 0, 0, 2, 0, 0, 0]",up,256
217,2688,"[8, 32, 256, 8, 8, 128, 32, 4, 0, 2, 0, 0, 0, 0, 0, 2]",right,256
218,2704,"[16, 32, 256, 8, 0, 128, 32, 4, 0, 2, 0, 2, 0, 2, 0, 0]",up,256
219,2708,"[16, 32, 256, 8, 128, 32, 4, 0, 4, 0, 0, 0, 2, 0, 0, 2]",left,256
220,2712,"[16, 32, 256, 8, 128, 32, 4, 0, 4, 0, 0, 0, 4, 0, 0, 4]",left,256
221,2748,"[0, 0, 0, 2, 16, 0, 0, 0, 128, 0, 256, 8, 8, 64, 4, 4]",down,256
222,2756,"[2, 0, 0, 0, 16, 0, 2, 0, 128, 256, 8, 0, 8, 64, 8, 0]",left,256
223,2756,"[2, 0, 0, 0, 16, 2, 0, 2, 128, 256, 8, 0, 8, 64, 8, 0]",left,256
224,2772,"[2, 2, 16, 2, 16, 256, 2, 0, 128, 64, 0, 0, 8, 0, 0, 0]",up,256
225,2776,"[4, 16, 2, 0, 16, 256, 2, 0, 128, 64, 2, 0, 8, 0, 0, 0]",left,256
226,2780,"[4, 16, 4, 0, 16, 256, 2, 0, 128, 64, 0, 0, 8, 0, 2, 0]",up,256
227,2784,"[4, 16, 4, 0, 16, 256, 4, 0, 128, 64, 0, 0, 8, 0, 0, 2]",up,256
228,2792,"[4, 16, 8, 2, 16, 256, 0, 0, 128, 64, 0, 0, 8, 2, 0, 0]",up,256
229,2792,"[4, 16, 0, 0, 16, 256, 0, 0, 128, 64, 2, 0, 8, 2, 8, 2]",down,256
230,2792,"[0, 0, 4, 16, 0, 0, 16, 256, 2, 128, 64, 2, 8, 2, 8, 2]",right,256
231,2796,"[2, 128, 4, 16, 8, 2, 16, 256, 2, 0, 64, 4, 0, 0, 8, 0]",up,256
232,2796,"[0, 0, 4, 2, 2, 0, 16, 16, 8, 128, 64, 256, 2, 2, 8, 4]",down,256
233,2832,"[4, 2, 0, 0, 2, 32, 2, 0, 8, 128, 64, 256, 4, 8, 4, 0]",left,256
234,2832,"[4, 2, 2, 0, 2, 32, 2, 0, 8, 128, 64, 0, 4, 8, 4, 256]",down,256
235,2836,"[4, 4, 2, 0, 2, 32, 2, 0, 8, 128, 64, 0, 4, 8, 4, 256]",left,256
236,2840,"[4, 4, 4, 256, 2, 32, 64, 0, 8, 128, 4, 0, 4, 8, 4, 0]",up,256
237,2848,"[4, 4, 4, 256, 2, 32, 64, 0, 8, 128, 8, 4, 4, 8, 0, 0]",up,256
238,2848,"[4, 4, 4, 256, 2, 32, 64, 4, 8, 128, 8, 2, 4, 8, 0, 0]",up,256
239,2848,"[4, 4, 0, 2, 2, 32, 4, 256, 8, 128, 64, 4, 4, 8, 8, 2]",down,256
240,2872,"[0, 4, 8, 2, 2, 32, 4, 256, 8, 128, 64, 4, 0, 4, 16, 2]",right,256
241,2872,"[2, 4, 8, 2, 8, 32, 4, 256, 0, 128, 64, 4, 2, 4, 16, 2]",up,256
242,2872,"[2, 4, 8, 2, 8, 32, 4, 256, 128, 64, 4, 2, 2, 4, 16, 2]",left,256
243,2884,"[2, 4, 8, 2, 8, 32, 8, 256, 128, 64, 16, 4, 2, 4, 0, 2]",up,256
244,2900,"[2, 4, 16, 2, 8, 32, 16, 256, 128, 64, 2, 4, 2, 4, 0, 2]",up,256
245,2916,"[2, 4, 0, 2, 8, 32, 2, 256, 128, 64, 32, 4, 2, 4, 2, 2]",down,256
246,2916,"[2, 4, 2, 2, 8, 32, 32, 256, 128, 64, 2, 4, 2, 4, 2, 2]",up,256
247,2988,"[2, 4, 4, 2, 8, 64, 256, 0, 128, 64, 2, 4, 2, 4, 4, 0]",left,256
248,3004,"[2, 8, 2, 0, 8, 64, 256, 0, 128, 64, 2, 4, 2, 8, 0, 2]",left,256
249,3068,"[2, 0, 2, 0, 8, 8, 2, 0, 128, 128, 256, 4, 2, 8, 2, 2]",down,256
250,3070,"[2, 0, 0, 2, 8, 8, 4, 0, 128, 128, 256, 4, 2, 8, 2, 2]",down,256
251,3350,"[4, 0, 0, 0, 16, 4, 0, 2, 256, 256, 4, 0, 2, 8, 4, 0]",left,256
252,3358,"[4, 4, 8, 2, 16, 256, 0, 0, 256, 8, 0, 0, 2, 0, 2, 0]",up,256
253,3358,"[4, 2, 0, 0, 16, 4, 0, 0, 256, 256, 8, 0, 2, 8, 2, 2]",down,256
254,3874,"[4, 2, 0, 0, 16, 4, 0, 0, 512, 8, 0, 0, 2, 8, 4, 2]",left,512
255,3890,"[4, 2, 4, 2, 16, 4, 0, 0, 512, 16, 0, 0, 2, 0, 2, 0]",up,512
256,3894,"[4, 2, 4, 2, 16, 4, 0, 2, 512, 16, 0, 0, 4, 0, 0, 0]",left,512
257,3898,"[4, 2, 4, 4, 16, 4, 0, 0, 512, 16, 0, 0, 4, 0, 0, 2]",up,512
258,3898,"[4, 0, 0, 2, 16, 2, 0, 0, 512, 4, 0, 4, 4, 16, 4, 2]",down,512
259,3906,"[0, 0, 4, 2, 0, 0, 16, 2, 0, 2, 512, 8, 4, 16, 4, 2]",right,512
260,3910,"[4, 2, 4, 4, 0, 16, 16, 8, 0, 0, 512, 2, 0, 2, 4, 0]",up,512
261,3950,"[0, 4, 2, 8, 2, 0, 32, 8, 0, 0, 512, 2, 0, 0, 2, 4]",right,512
262,3950,"[0, 4, 2, 8, 0, 2, 32, 8, 0, 0, 512, 2, 2, 0, 2, 4]",right,512
263,3966,"[2, 4, 2, 16, 4, 2, 32, 2, 0, 0, 512, 4, 0, 0, 2, 0]",up,512
264,3966,"[0, 0, 2, 0, 0, 4, 32, 16, 2, 4, 512, 2, 4, 2, 2, 4]",down,512
265,3970,"[2, 0, 0, 0, 4, 32, 16, 2, 2, 4, 512, 2, 4, 4, 4, 0]",left,512
266,3982,"[2, 32, 16, 4, 4, 8, 512, 0, 2, 2, 4, 0, 4, 0, 0, 0]",up,512
267,3986,"[2, 32, 16, 4, 4, 8, 512, 0, 4, 4, 0, 0, 4, 2, 0, 0]",left,512
268,3994,"[2, 32, 16, 4, 8, 8, 512, 0, 4, 4, 0, 0, 0, 2, 2, 0]",up,512
269,3994,"[2, 32, 16, 4, 8, 8, 512, 0, 4, 4, 2, 0, 0, 2, 2, 0]",up,512
270,3998,"[2, 32, 16, 4, 8, 8, 512, 0, 4, 4, 4, 0, 2, 2, 0, 0]",up,512
271,4026,"[2, 32, 16, 4, 0, 0, 16, 512, 0, 0, 4, 8, 2, 0, 0, 4]",right,512
272,4062,"[4, 32, 32, 4, 2, 0, 4, 512, 0, 0, 0, 8, 0, 0, 0, 4]",up,512
273,4062,"[2, 0, 0, 4, 0, 0, 0, 512, 4, 0, 32, 8, 2, 32, 4, 4]",down,512
274,4070,"[2, 4, 0, 0, 512, 0, 0, 0, 4, 32, 8, 2, 2, 32, 8, 0]",left,512
275,4150,"[2, 4, 16, 2, 512, 64, 0, 0, 4, 0, 0, 2, 2, 0, 0, 0]",up,512
276,4154,"[2, 4, 16, 4, 512, 64, 0, 0, 4, 4, 0, 0, 2, 0, 0, 0]",up,512
277,4162,"[2, 4, 16, 4, 512, 64, 0, 2, 8, 0, 0, 0, 2, 0, 0, 0]",left,512
278,4162,"[2, 0, 0, 0, 512, 0, 0, 0, 8, 4, 2, 4, 2, 64, 16, 2]",down,512
279,4162,"[0, 0, 0, 2, 2, 0, 0, 512, 8, 4, 2, 4, 2, 64, 16, 2]",right,512
280,4162,"[0, 0, 0, 2, 2, 0, 2, 512, 8, 4, 2, 4, 2, 64, 16, 2]",right,512
281,4164,"[0, 0, 2, 2, 2, 0, 0, 512, 8, 4, 4, 4, 2, 64, 16, 2]",down,512
282,4164,"[0, 4, 0, 2, 2, 0, 2, 512, 8, 4, 4, 4, 2, 64, 16, 2]",down,512
283,4172,"[2, 8, 2, 2, 8, 64, 4, 512, 2, 0, 16, 4, 0, 0, 2, 2]",up,512
284,4172,"[2, 0, 2, 2, 2, 0, 4, 512, 8, 8, 16, 4, 2, 64, 2, 2]",down,512
285,4174,"[0, 0, 2, 2, 4, 2, 4, 512, 8, 8, 16, 4, 2, 64, 2, 2]",down,512
286,4198,"[0, 0, 0, 4, 4, 2, 4, 512, 2, 16, 16, 4, 0, 2, 64, 4]",right,512
287,4230,"[0, 0, 2, 4, 4, 2, 4, 512, 0, 2, 32, 4, 0, 2, 64, 4]",right,512
288,4236,"[0, 2, 2, 0, 0, 0, 4, 4, 0, 2, 32, 512, 4, 4, 64, 8]",down,512
289,4240,"[4, 4, 2, 4, 0, 4, 4, 512, 0, 0, 32, 8, 0, 0, 64, 2]",up,512
290,4248,"[4, 8, 2, 4, 2, 0, 4, 512, 0, 0, 32, 8, 0, 0, 64, 2]",up,512
291,4248,"[0, 0, 2, 4, 0, 0, 4, 512, 4, 2, 32, 8, 2, 8, 64, 2]",down,512
292,4248,"[4, 2, 2, 4, 2, 8, 4, 512, 2, 0, 32, 8, 0, 0, 64, 2]",up,512
293,4252,"[4, 2, 2, 4, 4, 8, 4, 512, 0, 2, 32, 8, 0, 0, 64, 2]",up,512
294,4256,"[4, 4, 4, 0, 4, 8, 4, 512, 2, 32, 8, 2, 64, 2, 0, 0]",left,512
295,4264,"[0, 4, 0, 2, 8, 8, 0, 0, 2, 32, 8, 512, 64, 2, 8, 2]",down,512
296,4280,"[4, 2, 0, 0, 16, 0, 0, 2, 2, 32, 8, 512, 64, 2, 8, 2]",left,512
297,4280,"[0, 0, 4, 2, 2, 0, 16, 2, 2, 32, 8, 512, 64, 2, 8, 2]",right,512
298,4292,"[0, 0, 0, 0, 2, 0, 4, 4, 4, 32, 16, 512, 64, 2, 16, 2]",down,512
299,4324,"[2, 32, 4, 4, 4, 2, 32, 512, 64, 0, 0, 2, 0, 0, 0, 2]",up,512
300,4328,"[2, 32, 4, 4, 4, 2, 32, 512, 64, 0, 2, 4, 0, 0, 0, 0]",up,512
301,4328,"[0, 0, 2, 0, 2, 0, 4, 4, 4, 32, 32, 512, 64, 2, 2, 4]",down,512
302,4404,"[2, 0, 0, 0, 2, 8, 2, 0, 4, 64, 512, 0, 64, 4, 4, 0]",left,512
303,4408,"[4, 8, 2, 0, 4, 64, 512, 0, 64, 4, 4, 0, 0, 0, 0, 2]",up,512
304,4416,"[8, 8, 2, 2, 64, 64, 512, 0, 0, 4, 4, 0, 0, 2, 0, 0]",up,512
305,4416,"[0, 8, 2, 0, 0, 64, 2, 0, 8, 4, 512, 0, 64, 2, 4, 2]",down,512
306,4420,"[8, 8, 4, 2, 64, 64, 512, 2, 0, 4, 4, 0, 0, 2, 0, 0]",up,512
307,4424,"[8, 8, 4, 4, 64, 64, 512, 4, 0, 4, 4, 0, 0, 2, 0, 0]",up,512
308,4584,"[16, 8, 2, 0, 128, 512, 4, 0, 8, 0, 0, 0, 2, 0, 0, 0]",left,512
309,4584,"[16, 0, 0, 0, 128, 0, 2, 0, 8, 8, 2, 0, 2, 512, 4, 0]",down,512
310,4588,"[16, 8, 4, 0, 128, 512, 4, 2, 8, 0, 0, 0, 2, 0, 0, 0]",up,512
311,4596,"[16, 8, 8, 2, 128, 512, 0, 0, 8, 0, 0, 0, 2, 4, 0, 0]",up,512
312,4596,"[16, 8, 8, 2, 128, 512, 0, 0, 8, 4, 0, 0, 2, 0, 0, 2]",up,512
313,4616,"[16, 16, 2, 0, 128, 512, 0, 0, 8, 4, 0, 0, 4, 0, 2, 0]",left,512
314,4620,"[16, 16, 4, 0, 128, 512, 0, 0, 8, 4, 0, 0, 4, 2, 0, 0]",up,512
315,4620,"[16, 16, 0, 0, 128, 512, 2, 0, 8, 4, 0, 0, 4, 2, 4, 0]",down,512
316,4620,"[16, 16, 2, 2, 128, 512, 4, 0, 8, 4, 0, 0, 4, 2, 0, 0]",up,512
317,4656,"[0, 0, 32, 4, 0, 128, 512, 4, 0, 0, 8, 4, 2, 0, 4, 2]",right,512
318,4660,"[0, 0, 32, 2, 0, 0, 512, 4, 0, 0, 8, 8, 2, 128, 4, 2]",down,512
319,4660,"[2, 128, 32, 2, 0, 0, 512, 4, 0, 0, 8, 8, 2, 0, 4, 2]",up,512
320,4676,"[2, 128, 32, 2, 512, 4, 0, 0, 16, 4, 0, 0, 2, 4, 2, 0]",left,512
321,4684,"[2, 128, 32, 2, 512, 8, 2, 0, 16, 4, 0, 0, 2, 2, 0, 0]",up,512
322,4688,"[2, 128, 32, 2, 0, 512, 8, 2, 0, 0, 16, 4, 0, 0, 2, 4]",right,512
323,4700,"[2, 128, 32, 4, 0, 512, 8, 8, 0, 0, 16, 2, 0, 0, 2, 0]",up,512
324,4716,"[2, 128, 32, 4, 512, 16, 0, 0, 16, 2, 0, 0, 2, 2, 0, 0]",left,512
325,4720,"[2, 128, 32, 4, 512, 16, 0, 0, 16, 4, 4, 0, 2, 0, 0, 0]",up,512
326,4720,"[2, 128, 32, 4, 512, 16, 4, 0, 16, 4, 0, 0, 2, 0, 0, 2]",up,512
327,4724,"[2, 128, 32, 4, 512, 16, 4, 0, 16, 4, 2, 0, 4, 0, 0, 0]",left,512
328,4724,"[2, 0, 0, 0, 512, 128, 32, 0, 16, 16, 4, 2, 4, 4, 2, 4]",down,512
329,4724,"[2, 128, 32, 2, 512, 16, 4, 4, 16, 4, 2, 0, 4, 0, 0, 2]",up,512
330,4724,"[2, 0, 0, 2, 512, 128, 32, 2, 16, 16, 4, 4, 4, 4, 2, 2]",down,512
331,4780,"[0, 0, 0, 4, 512, 128, 32, 2, 4, 0, 32, 8, 0, 0, 8, 4]",right,512
332,4780,"[4, 0, 0, 0, 512, 128, 32, 2, 4, 32, 8, 0, 8, 4, 0, 2]",left,512
333,4784,"[4, 128, 32, 4, 512, 32, 8, 0, 4, 4, 2, 0, 8, 0, 0, 0]",up,512
334,4792,"[4, 128, 32, 4, 512, 32, 8, 0, 8, 2, 0, 0, 8, 0, 2, 0]",left,512
335,4808,"[4, 128, 32, 4, 512, 32, 8, 0, 16, 2, 2, 0, 0, 0, 0, 2]",up,512
336,4808,"[4, 128, 32, 4, 512, 32, 8, 2, 16, 2, 2, 0, 0, 0, 0, 2]",up,512
337,4812,"[4, 128, 32, 4, 512, 32, 8, 4, 16, 2, 2, 0, 0, 0, 2, 0]",up,512
338,4824,"[4, 128, 32, 8, 512, 32, 8, 0, 16, 2, 4, 0, 0, 0, 4, 0]",up,512
339,4832,"[4, 128, 32, 8, 512, 32, 8, 0, 16, 2, 8, 0, 0, 0, 0, 2]",up,512
340,4848,"[4, 128, 32, 8, 512, 32, 16, 2, 16, 2, 0, 0, 0, 2, 0, 0]",up,512
341,4852,"[4, 128, 32, 8, 512, 32, 16, 2, 16, 4, 0, 0, 0, 0, 0, 2]",up,512
342,4856,"[4, 128, 32, 8, 512, 32, 16, 4, 16, 4, 0, 0, 0, 0, 0, 2]",up,512
343,4856,"[4, 128, 32, 8, 512, 32, 16, 4, 16, 4, 0, 0, 2, 0, 2, 0]",left,512
344,4860,"[4, 128, 32, 8, 512, 32, 16, 4, 16, 4, 0, 0, 4, 0, 2, 0]",left,512
345,4860,"[4, 128, 32, 8, 512, 32, 16, 4, 16, 4, 0, 2, 4, 2, 0, 0]",left,512
346,4860,"[4, 128, 32, 8, 512, 32, 16, 4, 0, 16, 4, 2, 0, 2, 4, 2]",right,512
347,4872,"[4, 128, 32, 8, 512, 32, 16, 4, 0, 16, 8, 4, 0, 2, 2, 0]",up,512
348,4876,"[0, 128, 32, 0, 0, 32, 16, 2, 4, 16, 8, 8, 512, 2, 2, 8]",down,512
349,4896,"[128, 32, 0, 0, 32, 16, 2, 2, 4, 16, 16, 0, 512, 4, 8, 0]",left,512
350,4928,"[128, 32, 2, 2, 32, 32, 16, 0, 4, 4, 8, 0, 512, 0, 2, 0]",up,512
351,5004,"[128, 32, 4, 0, 64, 16, 0, 0, 8, 8, 2, 0, 512, 2, 0, 0]",left,512
352,5020,"[128, 32, 4, 0, 64, 16, 0, 0, 16, 2, 2, 0, 512, 2, 0, 0]",left,512
353,5022,"[128, 2, 0, 0, 64, 32, 0, 0, 16, 16, 4, 0, 512, 4, 2, 0]",down,512
354,5054,"[128, 2, 0, 0, 64, 32, 0, 0, 32, 4, 2, 0, 512, 4, 2, 0]",left,512
355,5060,"[128, 0, 0, 0, 64, 2, 0, 0, 32, 32, 0, 2, 512, 8, 4, 0]",down,512
356,5124,"[128, 0, 0, 0, 64, 2, 0, 0, 64, 2, 2, 0, 512, 8, 4, 0]",left,512
357,5128,"[0, 0, 0, 128, 0, 0, 64, 2, 0, 0, 64, 4, 2, 512, 8, 4]",right,512
358,5264,"[2, 512, 128, 128, 0, 0, 8, 2, 2, 0, 0, 8, 0, 0, 0, 0]",up,512
359,5268,"[4, 512, 128, 128, 0, 0, 8, 2, 2, 0, 0, 8, 0, 0, 0, 0]",up,512
360,5268,"[4, 512, 128, 128, 2, 0, 8, 2, 0, 0, 0, 8, 0, 0, 2, 0]",up,512
361,5268,"[4, 512, 128, 128, 2, 0, 8, 2, 0, 0, 2, 8, 0, 2, 0, 0]",up,512
362,5524,"[4, 512, 256, 0, 2, 8, 2, 2, 2, 8, 0, 0, 2, 0, 0, 0]",left,512
363,5544,"[4, 512, 256, 2, 4, 16, 2, 0, 2, 0, 0, 2, 0, 0, 0, 0]",up,512
364,5548,"[4, 512, 256, 2, 4, 16, 2, 0, 4, 0, 0, 0, 0, 2, 0, 0]",left,512
365,5552,"[0, 2, 0, 0, 0, 512, 0, 0, 4, 16, 256, 0, 8, 2, 2, 2]",down,512
366,5552,"[4, 2, 256, 2, 8, 512, 2, 0, 0, 16, 0, 0, 0, 2, 2, 0]",up,512
367,5556,"[4, 2, 256, 2, 8, 512, 2, 0, 16, 0, 0, 0, 4, 0, 2, 0]",left,512
368,5556,"[4, 2, 256, 2, 8, 512, 2, 0, 16, 0, 0, 2, 4, 2, 0, 0]",left,512
369,5556,"[4, 2, 256, 2, 0, 8, 512, 2, 0, 0, 16, 2, 0, 2, 4, 2]",right,512
370,5564,"[4, 2, 256, 4, 0, 8, 512, 4, 2, 2, 16, 0, 0, 0, 4, 0]",up,512
371,5568,"[4, 2, 256, 4, 8, 512, 4, 0, 4, 16, 0, 0, 4, 0, 0, 2]",left,512
372,5576,"[4, 2, 256, 4, 8, 512, 4, 2, 8, 16, 0, 0, 2, 0, 0, 0]",up,512
373,5592,"[4, 2, 256, 4, 16, 512, 4, 2, 2, 16, 0, 0, 0, 0, 2, 0]",up,512
374,5592,"[4, 2, 256, 4, 16, 512, 4, 2, 0, 0, 2, 16, 0, 2, 0, 2]",right,512
375,5592,"[4, 2, 256, 4, 16, 512, 4, 2, 0, 2, 2, 16, 0, 0, 2, 2]",up,512
376,5600,"[4, 2, 256, 4, 16, 512, 4, 2, 0, 0, 4, 16, 0, 2, 0, 4]",right,512
377,5608,"[4, 2, 256, 4, 16, 512, 8, 2, 0, 2, 0, 16, 0, 0, 2, 4]",up,512
378,5608,"[4, 2, 256, 4, 16, 512, 8, 2, 2, 16, 0, 2, 2, 4, 0, 0]",left,512
379,5616,"[4, 2, 256, 4, 16, 512, 8, 4, 4, 16, 0, 0, 0, 4, 0, 2]",up,512
380,5624,"[4, 2, 256, 8, 16, 512, 8, 2, 4, 16, 4, 0, 0, 4, 0, 0]",up,512
381,5624,"[0, 2, 0, 0, 4, 512, 256, 2, 16, 16, 8, 8, 4, 4, 4, 2]",down,512
382,5680,"[2, 0, 0, 0, 4, 512, 256, 2, 32, 16, 2, 0, 8, 4, 2, 0]",left,512
383,5682,"[2, 0, 0, 2, 4, 512, 0, 0, 32, 16, 256, 0, 8, 4, 4, 2]",down,512
384,5694,"[4, 2, 0, 0, 4, 512, 0, 0, 32, 16, 256, 0, 8, 8, 2, 0]",left,512
385,5698,"[0, 2, 0, 0, 8, 512, 0, 0, 32, 16, 256, 0, 8, 8, 2, 4]",down,512
386,5714,"[0, 0, 0, 2, 4, 0, 8, 512, 0, 32, 16, 256, 0, 16, 2, 4]",right,512
387,5714,"[4, 32, 8, 2, 0, 16, 16, 512, 0, 0, 2, 256, 0, 0, 2, 4]",up,512
388,5746,"[4, 32, 8, 2, 0, 0, 32, 512, 0, 0, 2, 256, 2, 0, 2, 4]",right,512
389,5750,"[4, 32, 8, 2, 2, 0, 32, 512, 0, 0, 4, 256, 2, 0, 0, 4]",up,512
390,5754,"[4, 32, 8, 2, 4, 0, 32, 512, 2, 0, 4, 256, 0, 0, 0, 4]",up,512
391,5762,"[8, 32, 8, 2, 2, 0, 32, 512, 2, 0, 4, 256, 0, 0, 0, 4]",up,512
392,5766,"[8, 32, 8, 2, 4, 0, 32, 512, 0, 2, 4, 256, 0, 0, 0, 4]",up,512
393,5766,"[8, 32, 8, 2, 4, 2, 32, 512, 0, 0, 4, 256, 0, 2, 0, 4]",up,512
394,5768,"[2, 0, 0, 2, 0, 0, 8, 512, 8, 32, 32, 256, 4, 4, 4, 4]",down,512
395,5852,"[4, 0, 0, 0, 8, 512, 0, 2, 8, 64, 256, 0, 8, 8, 0, 0]",left,512
396,5868,"[4, 512, 256, 2, 16, 64, 0, 2, 8, 8, 0, 0, 0, 0, 0, 0]",up,512
397,5872,"[4, 512, 256, 4, 16, 64, 0, 0, 8, 8, 0, 0, 0, 0, 2, 0]",up,512
398,5872,"[4, 512, 256, 4, 16, 64, 2, 0, 8, 8, 0, 0, 2, 0, 0, 0]",up,512
399,5888,"[4, 512, 256, 4, 16, 64, 2, 0, 16, 2, 0, 0, 2, 0, 0, 0]",left,512
400,5920,"[4, 512, 256, 4, 32, 64, 2, 4, 2, 2, 0, 0, 0, 0, 0, 0]",up,512
401,5928,"[4, 512, 256, 8, 32, 64, 2, 2, 2, 2, 0, 0, 0, 0, 0, 0]",up,512
402,5928,"[0, 0, 0, 0, 4, 512, 0, 2, 32, 64, 256, 8, 2, 2, 2, 2]",down,512
403,5936,"[0, 0, 0, 2, 4, 512, 2, 0, 32, 64, 256, 8, 4, 4, 0, 0]",left,512
404,5936,"[4, 512, 2, 2, 32, 64, 256, 8, 4, 4, 0, 0, 0, 0, 0, 4]",up,512
405,5936,"[0, 0, 0, 2, 4, 512, 0, 2, 32, 64, 2, 8, 4, 4, 256, 4]",down,512
406,5944,"[2, 0, 0, 2, 4, 512, 2, 0, 32, 64, 2, 8, 8, 256, 4, 0]",left,512
407,5948,"[4, 0, 0, 0, 4, 512, 2, 0, 32, 64, 2, 8, 8, 256, 4, 2]",left,512
408,5960,"[8, 512, 4, 8, 32, 64, 4, 2, 8, 256, 2, 0, 0, 0, 0, 0]",up,512
409,5960,"[8, 512, 4, 8, 32, 64, 4, 2, 0, 8, 256, 2, 0, 0, 2, 0]",right,512
410,5972,"[8, 512, 8, 8, 32, 64, 256, 4, 0, 8, 2, 0, 0, 2, 0, 0]",up,512
411,5972,"[0, 512, 0, 0, 2, 64, 8, 0, 8, 8, 256, 8, 32, 2, 2, 4]",down,512
412,5992,"[512, 0, 2, 0, 2, 64, 8, 0, 16, 256, 8, 0, 32, 4, 4, 0]",left,512
413,6000,"[512, 2, 0, 0, 2, 64, 8, 2, 16, 256, 8, 0, 32, 8, 0, 0]",left,512
414,6016,"[512, 2, 16, 2, 2, 64, 0, 0, 16, 256, 0, 0, 32, 8, 4, 0]",up,512
415,6016,"[512, 2, 16, 2, 2, 64, 4, 0, 16, 256, 0, 0, 32, 8, 2, 0]",up,512
416,6016,"[512, 2, 0, 0, 2, 64, 16, 0, 16, 256, 4, 2, 32, 8, 2, 2]",down,512
417,6020,"[512, 2, 0, 0, 2, 64, 16, 2, 16, 256, 4, 2, 32, 8, 4, 0]",left,512
418,6032,"[512, 2, 16, 4, 2, 64, 8, 0, 16, 256, 0, 0, 32, 8, 0, 2]",up,512
419,6032,"[512, 2, 0, 2, 2, 64, 0, 0, 16, 256, 16, 4, 32, 8, 8, 2]",down,512
420,6032,"[512, 2, 2, 0, 2, 64, 0, 2, 16, 256, 16, 4, 32, 8, 8, 2]",down,512
421,6052,"[2, 0, 512, 4, 0, 2, 64, 2, 16, 256, 16, 4, 0, 32, 16, 2]",right,512
422,6052,"[0, 2, 512, 4, 2, 2, 64, 2, 16, 256, 16, 4, 0, 32, 16, 2]",right,512
423,6088,"[2, 4, 512, 4, 16, 256, 64, 2, 0, 32, 32, 4, 0, 2, 0, 2]",up,512
424,6088,"[0, 4, 2, 4, 0, 256, 512, 2, 2, 32, 64, 4, 16, 2, 32, 2]",down,512
425,6088,"[2, 4, 2, 4, 16, 256, 512, 2, 2, 32, 64, 4, 0, 2, 32, 2]",up,512
426,6088,"[2, 4, 2, 4, 2, 256, 512, 2, 16, 32, 64, 4, 2, 2, 32, 2]",down,512
427,6092,"[4, 4, 2, 4, 16, 256, 512, 2, 2, 32, 64, 4, 2, 2, 32, 2]",up,512
428,6096,"[4, 4, 2, 4, 16, 256, 512, 2, 4, 32, 64, 4, 4, 2, 32, 2]",up,512
429,6104,"[4, 4, 2, 4, 16, 256, 512, 2, 8, 32, 64, 4, 2, 2, 32, 2]",up,512
430,6116,"[8, 2, 4, 2, 16, 256, 512, 2, 8, 32, 64, 4, 4, 32, 2, 0]",left,512
431,6184,"[8, 2, 4, 4, 16, 256, 512, 4, 8, 64, 64, 0, 4, 2, 2, 0]",up,512
432,6324,"[8, 2, 8, 2, 16, 256, 512, 4, 8, 128, 0, 0, 4, 4, 0, 0]",left,512
433,6332,"[8, 2, 8, 2, 16, 256, 512, 4, 8, 128, 0, 0, 8, 0, 0, 2]",left,512
434,6340,"[0, 0, 0, 0, 8, 2, 2, 2, 16, 256, 8, 4, 16, 128, 512, 2]",down,512
435,6344,"[2, 0, 0, 0, 0, 8, 2, 4, 16, 256, 8, 4, 16, 128, 512, 2]",right,512
436,6344,"[2, 2, 0, 0, 8, 2, 4, 0, 16, 256, 8, 4, 16, 128, 512, 2]",left,512
437,6380,"[2, 4, 4, 4, 8, 256, 8, 2, 32, 128, 512, 2, 0, 0, 0, 0]",up,512
438,6384,"[2, 4, 4, 4, 8, 256, 8, 4, 32, 128, 512, 2, 0, 0, 0, 0]",up,512
439,6392,"[2, 4, 4, 8, 8, 256, 8, 2, 32, 128, 512, 0, 2, 0, 0, 0]",up,512
440,6392,"[2, 0, 2, 0, 8, 4, 4, 0, 32, 256, 8, 8, 2, 128, 512, 2]",down,512
441,6420,"[4, 0, 0, 0, 8, 8, 2, 0, 32, 256, 16, 0, 2, 128, 512, 2]",left,512
442,6420,"[4, 8, 2, 2, 8, 256, 16, 0, 32, 128, 512, 0, 2, 2, 0, 0]",up,512
443,6428,"[4, 8, 4, 0, 8, 256, 16, 0, 32, 128, 512, 0, 4, 0, 0, 2]",left,512
444,6428,"[4, 8, 4, 2, 8, 256, 16, 0, 32, 128, 512, 2, 4, 0, 0, 0]",up,512
445,6432,"[4, 8, 4, 4, 8, 256, 16, 0, 32, 128, 512, 0, 4, 0, 0, 4]",up,512
446,6448,"[4, 8, 8, 0, 8, 256, 16, 2, 32, 128, 512, 0, 8, 0, 0, 0]",left,512
447,6448,"[4, 8, 8, 2, 8, 256, 16, 0, 32, 128, 512, 0, 8, 0, 4, 0]",up,512
448,6448,"[4, 2, 8, 0, 8, 8, 16, 0, 32, 256, 512, 0, 8, 128, 4, 2]",down,512
449,6448,"[4, 2, 8, 2, 8, 8, 16, 0, 32, 256, 512, 0, 8, 128, 4, 2]",up,512
450,6450,"[4, 2, 8, 0, 8, 8, 16, 0, 32, 256, 512, 2, 8, 128, 4, 4]",down,512
451,6474,"[4, 2, 8, 0, 16, 16, 0, 0, 32, 256, 512, 2, 8, 128, 8, 2]",left,512
452,6478,"[4, 2, 8, 4, 16, 16, 512, 0, 32, 256, 8, 0, 8, 128, 4, 0]",up,512
453,6478,"[4, 2, 8, 0, 16, 16, 512, 0, 32, 256, 8, 2, 8, 128, 4, 4]",down,512
454,6478,"[4, 2, 8, 2, 16, 16, 512, 4, 32, 256, 8, 0, 8, 128, 4, 2]",up,512
455,6510,"[4, 2, 8, 2, 32, 512, 4, 2, 32, 256, 8, 0, 8, 128, 4, 2]",left,512
456,6544,"[2, 2, 8, 0, 4, 512, 4, 0, 64, 256, 8, 2, 8, 128, 4, 4]",down,512
457,6544,"[2, 2, 8, 2, 4, 512, 4, 4, 64, 256, 8, 0, 8, 128, 4, 2]",up,512
458,6544,"[2, 2, 8, 2, 4, 512, 4, 4, 64, 256, 8, 2, 8, 128, 4, 2]",up,512
459,6548,"[2, 2, 8, 2, 4, 512, 4, 4, 64, 256, 8, 4, 8, 128, 4, 2]",up,512
460,6552,"[2, 2, 8, 2, 4, 512, 4, 2, 64, 256, 8, 8, 8, 128, 4, 2]",down,512
461,6556,"[2, 2, 8, 4, 4, 512, 4, 8, 64, 256, 8, 2, 8, 128, 4, 2]",up,512
462,6560,"[2, 2, 8, 4, 4, 512, 4, 8, 64, 256, 8, 4, 8, 128, 4, 2]",up,512
463,6564,"[4, 8, 4, 2, 4, 512, 4, 8, 64, 256, 8, 4, 8, 128, 4, 2]",left,512
464,6580,"[8, 8, 8, 2, 64, 512, 8, 8, 8, 256, 4, 4, 2, 128, 0, 2]",up,512
465,6596,"[8, 8, 16, 2, 64, 512, 4, 8, 8, 256, 0, 4, 2, 128, 2, 2]",up,512
466,6596,"[8, 8, 16, 2, 64, 512, 4, 8, 8, 256, 2, 4, 2, 128, 2, 2]",up,512
467,6616,"[0, 16, 16, 2, 64, 512, 4, 8, 8, 256, 2, 4, 2, 2, 128, 4]",right,512
468,6624,"[64, 16, 16, 2, 8, 512, 4, 8, 2, 256, 2, 8, 2, 2, 128, 0]",up,512
469,6644,"[64, 16, 16, 2, 8, 512, 4, 16, 4, 256, 2, 2, 0, 2, 128, 0]",up,512
470,6644,"[2, 16, 16, 0, 64, 512, 4, 2, 8, 256, 2, 16, 4, 2, 128, 2]",down,512
471,6644,"[2, 16, 16, 2, 64, 512, 4, 16, 8, 256, 2, 2, 4, 2, 128, 2]",up,512
472,6648,"[2, 16, 16, 2, 64, 512, 4, 16, 8, 256, 2, 4, 4, 2, 128, 2]",up,512
473,6680,"[2, 32, 2, 2, 64, 512, 4, 16, 8, 256, 2, 4, 4, 2, 128, 2]",left,512
474,6684,"[2, 32, 4, 2, 64, 512, 4, 16, 8, 256, 2, 4, 4, 2, 128, 2]",left,512
475,6692,"[2, 32, 8, 2, 64, 512, 2, 16, 8, 256, 128, 4, 4, 2, 2, 2]",up,512
476,6696,"[2, 32, 8, 2, 64, 512, 2, 16, 8, 256, 128, 4, 4, 4, 2, 2]",left,512
477,6708,"[2, 32, 8, 2, 64, 512, 2, 16, 8, 256, 128, 4, 0, 2, 8, 4]",right,512
478,6716,"[2, 32, 8, 2, 64, 512, 2, 16, 8, 256, 128, 8, 0, 2, 8, 4]",up,512
479,6716,"[2, 32, 8, 2, 2, 512, 2, 16, 64, 256, 128, 8, 8, 2, 8, 4]",down,512
480,6720,"[4, 32, 8, 2, 64, 512, 2, 16, 8, 256, 128, 8, 2, 2, 8, 4]",up,512
481,6724,"[4, 32, 8, 2, 64, 512, 2, 16, 8, 256, 128, 8, 4, 8, 4, 2]",left,512
1,0,"[4, 0, 0, 0, 0, 0, 0, 0, 0, 0, 0, 0, 0, 0, 2, 0]",up,4
2,0,"[4, 0, 2, 0, 0, 0, 2, 0, 0, 0, 0, 0, 0, 0, 0, 0]",up,4
3,4,"[4, 0, 4, 0, 0, 0, 0, 0, 0, 2, 0, 0, 0, 0, 0, 0]",up,4
4,12,"[8, 0, 0, 0, 0, 0, 0, 0, 2, 2, 0, 0, 0, 0, 0, 0]",left,8
5,12,"[8, 2, 0, 0, 2, 0, 0, 0, 0, 0, 0, 0, 0, 0, 0, 2]",up,8
6,12,"[8, 2, 0, 2, 2, 2, 0, 0, 0, 0, 0, 0, 0, 0, 0, 0]",up,8
7,16,"[8, 4, 2, 2, 2, 0, 0, 0, 0, 0, 0, 0, 0, 0, 0, 0]",up,8
8,16,"[0, 0, 0, 0, 0, 0, 4, 0, 8, 0, 0, 0, 2, 4, 2, 2]",down,8
9,16,"[8, 4, 4, 2, 2, 2, 2, 0, 0, 0, 0, 0, 0, 0, 0, 0]",up,8
10,16,"[0, 0, 0, 0, 2, 0, 0, 0, 8, 4, 4, 0, 2, 2, 2, 2]",down,8
11,16,"[2, 4, 4, 2, 8, 2, 2, 0, 2, 2, 0, 0, 0, 0, 0, 0]",up,8
12,20,"[2, 4, 4, 2, 8, 4, 2, 2, 2, 0, 0, 0, 0, 0, 0, 0]",up,8
13,32,"[2, 8, 4, 4, 8, 2, 2, 0, 2, 0, 0, 0, 0, 0, 0, 0]",up,8
14,44,"[2, 8, 8, 2, 8, 4, 0, 0, 2, 0, 0, 0, 0, 0, 0, 0]",left,8
15,44,"[0, 0, 0, 2, 2, 0, 0, 0, 8, 8, 0, 0, 2, 4, 8, 2]",down,8
16,48,"[2, 8, 8, 4, 8, 4, 2, 0, 2, 0, 0, 0, 0, 0, 0, 0]",up,8
17,64,"[2, 16, 4, 0, 8, 4, 2, 0, 2, 0, 2, 0, 0, 0, 0, 0]",left,16
18,68,"[0, 2, 16, 4, 0, 8, 4, 2, 0, 0, 0, 4, 0, 0, 2, 0]",right,16
19,68,"[0, 2, 16, 4, 0, 8, 4, 2, 0, 2, 2, 4, 0, 0, 0, 0]",up,16
20,68,"[0, 2, 0, 0, 0, 2, 16, 4, 0, 8, 4, 2, 0, 2, 2, 4]",down,16
21,72,"[0, 4, 16, 4, 0, 8, 4, 2, 0, 2, 2, 4, 0, 0, 0, 2]",up,16
22,72,"[0, 0, 2, 4, 0, 4, 16, 2, 0, 8, 4, 4, 0, 2, 2, 2]",down,16
23,84,"[2, 4, 0, 0, 4, 16, 2, 0, 8, 8, 2, 0, 4, 2, 0, 0]",left,16
24,100,"[2, 4, 0, 0, 4, 16, 2, 0, 16, 2, 0, 0, 4, 2, 2, 0]",left,16
25,108,"[2, 4, 4, 0, 4, 16, 0, 2, 16, 4, 0, 0, 4, 0, 0, 0]",up,16
26,116,"[2, 8, 0, 2, 4, 16, 2, 0, 16, 4, 0, 0, 4, 0, 0, 0]",left,16
27,116,"[2, 8, 2, 2, 4, 16, 0, 0, 16, 4, 0, 0, 4, 0, 2, 0]",up,16
28,120,"[2, 8, 4, 2, 4, 16, 0, 0, 16, 4, 0, 2, 4, 0, 0, 0]",up,16
29,124,"[2, 8, 4, 4, 4, 16, 0, 0, 16, 4, 0, 0, 4, 0, 0, 2]",up,16
30,124,"[2, 8, 4, 4, 4, 16, 0, 2, 16, 4, 0, 2, 4, 0, 0, 0]",up,16
31,126,"[2, 0, 0, 0, 4, 8, 0, 2, 16, 16, 0, 4, 4, 4, 4, 4]",down,16
32,174,"[2, 0, 0, 0, 4, 8, 2, 0, 32, 4, 0, 0, 8, 8, 4, 0]",left,32
33,190,"[2, 2, 0, 0, 4, 8, 2, 0, 32, 4, 0, 0, 16, 4, 0, 0]",left,32
34,198,"[2, 2, 2, 0, 4, 8, 0, 0, 32, 8, 2, 0, 16, 0, 0, 0]",up,32
35,218,"[2, 2, 4, 0, 4, 16, 0, 0, 32, 0, 0, 0, 16, 2, 0, 0]",up,32
36,222,"[4, 4, 0, 0, 4, 16, 0, 0, 32, 0, 2, 0, 16, 2, 0, 0]",left,32
37,230,"[8, 0, 0, 0, 4, 16, 0, 0, 32, 2, 2, 0, 16, 2, 0, 0]",left,32
38,234,"[8, 16, 2, 0, 4, 4, 0, 0, 32, 0, 0, 0, 16, 0, 2, 0]",up,32
39,238,"[8, 16, 4, 0, 4, 4, 2, 0, 32, 0, 0, 0, 16, 0, 0, 0]",up,32
40,238,"[8, 0, 0, 0, 4, 0, 0, 0, 32, 16, 4, 2, 16, 4, 2, 0]",down,32
41,238,"[8, 16, 4, 2, 4, 4, 2, 0, 32, 0, 0, 2, 16, 0, 0, 0]",up,32
42,242,"[8, 16, 4, 4, 4, 4, 2, 0, 32, 0, 0, 2, 16, 0, 0, 0]",up,32
43,242,"[8, 16, 4, 4, 4, 4, 2, 2, 32, 0, 0, 4, 16, 0, 0, 0]",up,32
44,242,"[8, 0, 0, 0, 4, 0, 4, 4, 32, 16, 4, 2, 16, 4, 2, 4]",down,32
45,250,"[8, 16, 8, 4, 4, 4, 2, 2, 32, 0, 0, 4, 16, 0, 2, 0]",up,32
46,254,"[8, 16, 8, 4, 4, 4, 4, 2, 32, 0, 2, 4, 16, 0, 0, 0]",up,32
47,262,"[8, 16, 8, 4, 8, 4, 2, 0, 32, 2, 4, 2, 16, 0, 0, 0]",left,32
48,278,"[16, 16, 8, 4, 32, 4, 2, 2, 16, 2, 4, 0, 2, 0, 0, 0]",up,32
49,278,"[16, 0, 2, 0, 32, 16, 8, 0, 16, 4, 2, 4, 2, 2, 4, 2]",down,32
50,278,"[16, 16, 2, 4, 32, 4, 8, 2, 16, 2, 2, 0, 2, 0, 4, 2]",up,32
51,282,"[16, 16, 2, 4, 32, 4, 8, 4, 16, 2, 2, 0, 2, 0, 4, 2]",up,32
52,290,"[16, 16, 2, 8, 32, 4, 8, 2, 16, 2, 2, 0, 2, 2, 4, 0]",up,32
53,294,"[16, 16, 2, 8, 32, 4, 8, 2, 16, 4, 2, 0, 2, 0, 4, 2]",up,32
54,306,"[16, 16, 2, 8, 32, 8, 8, 4, 16, 2, 2, 0, 2, 0, 4, 0]",up,32
55,306,"[16, 0, 2, 0, 32, 16, 8, 2, 16, 8, 2, 8, 2, 2, 4, 4]",down,32
56,306,"[16, 16, 2, 2, 32, 8, 8, 8, 16, 2, 2, 4, 2, 2, 4, 0]",up,32
57,310,"[16, 16, 2, 2, 32, 8, 8, 8, 16, 4, 2, 4, 2, 2, 4, 0]",up,32
58,310,"[16, 16, 2, 2, 32, 8, 8, 2, 16, 4, 2, 8, 2, 2, 4, 4]",down,32
59,374,"[32, 4, 0, 0, 32, 16, 2, 4, 16, 4, 2, 8, 4, 8, 0, 0]",left,32
60,442,"[64, 4, 4, 4, 16, 16, 0, 8, 4, 4, 0, 0, 0, 8, 2, 0]",up,64
61,442,"[64, 4, 4, 4, 16, 16, 2, 8, 4, 4, 0, 0, 0, 8, 0, 2]",up,64
62,442,"[0, 4, 0, 0, 64, 16, 2, 4, 16, 4, 4, 8, 4, 8, 2, 2]",down,64
63,442,"[64, 4, 2, 4, 16, 16, 4, 8, 4, 4, 2, 2, 0, 8, 2, 0]",up,64
64,486,"[64, 4, 2, 4, 2, 32, 4, 8, 0, 0, 8, 4, 0, 0, 8, 2]",right,64
65,494,"[0, 0, 0, 4, 0, 4, 2, 8, 64, 4, 4, 4, 2, 32, 16, 2]",down,64
66,498,"[0, 0, 0, 4, 0, 2, 2, 8, 64, 8, 4, 4, 2, 32, 16, 2]",down,64
67,510,"[4, 0, 0, 0, 4, 8, 4, 0, 64, 8, 8, 0, 2, 32, 16, 2]",left,64
68,534,"[8, 16, 4, 2, 64, 32, 8, 2, 2, 0, 16, 0, 0, 0, 0, 0]",up,64
69,538,"[8, 16, 4, 4, 64, 32, 8, 0, 2, 0, 16, 0, 0, 0, 2, 0]",up,64
70,538,"[0, 0, 4, 0, 8, 0, 8, 4, 64, 16, 16, 0, 2, 32, 2, 4]",down,64
71,546,"[8, 16, 4, 8, 64, 32, 8, 0, 2, 2, 16, 0, 0, 0, 2, 0]",up,64
72,550,"[8, 16, 4, 8, 0, 64, 32, 8, 0, 0, 4, 16, 0, 2, 0, 2]",right,64
73,566,"[8, 16, 4, 16, 2, 64, 32, 16, 0, 2, 4, 2, 0, 0, 0, 0]",up,64
74,598,"[8, 16, 4, 32, 2, 64, 32, 2, 2, 2, 4, 0, 0, 0, 0, 0]",up,64
75,600,"[0, 0, 0, 2, 0, 16, 4, 0, 8, 64, 32, 32, 4, 2, 4, 2]",down,64
76,600,"[0, 0, 2, 0, 0, 16, 4, 2, 8, 64, 32, 32, 4, 2, 4, 2]",down,64
77,664,"[2, 0, 0, 2, 16, 4, 2, 0, 8, 64, 64, 0, 4, 2, 4, 2]",left,64
78,668,"[2, 4, 2, 4, 16, 64, 64, 0, 8, 2, 4, 0, 4, 0, 0, 2]",up,64
79,796,"[2, 4, 2, 4, 16, 128, 0, 0, 8, 2, 4, 2, 4, 2, 0, 0]",left,128
80,798,"[2, 2, 0, 0, 16, 4, 0, 0, 8, 128, 2, 4, 4, 4, 4, 2]",down,128
81,798,"[2, 2, 2, 4, 16, 4, 4, 2, 8, 128, 0, 2, 4, 4, 0, 0]",up,128
82,802,"[2, 2, 2, 4, 16, 4, 4, 4, 8, 128, 0, 2, 4, 4, 0, 0]",up,128
83,810,"[2, 2, 2, 8, 16, 4, 4, 2, 8, 128, 0, 0, 4, 4, 2, 0]",up,128
84,810,"[2, 2, 2, 8, 16, 4, 4, 2, 8, 128, 2, 0, 4, 4, 0, 2]",up,128
85,814,"[2, 2, 2, 8, 16, 4, 4, 4, 8, 128, 2, 0, 4, 4, 2, 0]",up,128
86,818,"[2, 2, 2, 8, 16, 4, 4, 4, 8, 128, 4, 2, 4, 4, 0, 0]",up,128
87,822,"[2, 2, 0, 2, 16, 4, 0, 8, 8, 128, 2, 4, 4, 4, 8, 2]",down,128
88,834,"[4, 2, 0, 0, 16, 4, 8, 2, 8, 128, 2, 4, 8, 8, 2, 0]",left,128
89,844,"[0, 2, 2, 0, 4, 4, 0, 0, 16, 128, 8, 2, 16, 8, 4, 4]",down,128
90,864,"[4, 2, 0, 0, 8, 0, 0, 0, 16, 128, 8, 2, 16, 8, 8, 0]",left,128
91,880,"[0, 0, 4, 2, 0, 0, 0, 8, 16, 128, 8, 2, 2, 0, 16, 16]",right,128
92,880,"[0, 4, 0, 2, 0, 0, 4, 8, 16, 0, 8, 2, 2, 128, 16, 16]",down,128
93,912,"[4, 2, 0, 0, 4, 8, 0, 2, 16, 8, 2, 0, 2, 128, 32, 0]",left,128
94,936,"[8, 2, 2, 2, 16, 16, 32, 0, 2, 128, 2, 0, 0, 0, 0, 0]",up,128
95,936,"[0, 0, 0, 2, 8, 2, 2, 0, 16, 16, 32, 0, 2, 128, 2, 2]",down,128
96,940,"[8, 2, 2, 4, 16, 16, 32, 2, 2, 128, 2, 0, 0, 0, 0, 0]",up,128
97,940,"[0, 0, 0, 2, 8, 2, 2, 0, 16, 16, 32, 4, 2, 128, 2, 2]",down,128
98,940,"[8, 2, 2, 2, 16, 16, 32, 4, 2, 128, 2, 2, 0, 0, 0, 2]",up,128
99,944,"[8, 2, 2, 2, 16, 16, 32, 4, 2, 128, 2, 4, 0, 2, 0, 0]",up,128
100,952,"[8, 2, 2, 2, 16, 16, 32, 8, 2, 128, 2, 0, 0, 2, 0, 2]",up,128
101,952,"[8, 2, 2, 2, 16, 16, 32, 8, 2, 128, 2, 2, 0, 2, 0, 2]",up,128
102,996,"[0, 8, 2, 4, 0, 32, 32, 8, 0, 2, 128, 4, 4, 0, 0, 4]",right,128
103,1068,"[8, 2, 4, 0, 64, 8, 0, 0, 2, 128, 4, 0, 8, 0, 0, 2]",left,128
104,1068,"[8, 2, 4, 0, 64, 8, 0, 0, 2, 128, 4, 0, 8, 2, 0, 2]",left,128
105,1072,"[2, 8, 2, 4, 0, 0, 64, 8, 0, 2, 128, 4, 0, 0, 8, 4]",right,128
106,1080,"[2, 8, 2, 4, 0, 2, 64, 8, 2, 0, 128, 8, 0, 0, 8, 0]",up,128
107,1100,"[4, 8, 2, 4, 2, 2, 64, 16, 0, 0, 128, 0, 0, 0, 8, 0]",up,128
108,1100,"[2, 0, 2, 0, 0, 0, 64, 0, 4, 8, 128, 4, 2, 2, 8, 16]",down,128
109,1100,"[2, 8, 2, 4, 4, 2, 64, 16, 2, 0, 128, 0, 2, 0, 8, 0]",up,128
110,1104,"[2, 8, 2, 4, 4, 2, 64, 16, 4, 0, 128, 2, 0, 0, 8, 0]",up,128
111,1108,"[0, 0, 2, 0, 0, 2, 64, 4, 2, 8, 128, 16, 8, 2, 8, 2]",down,128
112,1108,"[2, 2, 2, 4, 8, 8, 64, 16, 0, 2, 128, 2, 2, 0, 8, 0]",up,128
113,1108,"[2, 2, 2, 4, 8, 8, 64, 16, 2, 2, 128, 2, 0, 0, 8, 2]",up,128
114,1110,"[0, 0, 2, 2, 2, 2, 64, 4, 8, 8, 128, 16, 2, 2, 8, 4]",down,128
115,1110,"[2, 2, 2, 2, 8, 8, 64, 4, 2, 2, 128, 16, 0, 2, 8, 4]",up,128
116,1138,"[0, 0, 4, 4, 0, 16, 64, 4, 0, 4, 128, 16, 2, 2, 8, 4]",right,128
117,1150,"[8, 2, 0, 0, 16, 64, 4, 0, 4, 128, 16, 0, 4, 8, 4, 0]",left,128
118,1158,"[8, 2, 4, 0, 16, 64, 16, 2, 8, 128, 4, 0, 0, 8, 0, 0]",up,128
119,1158,"[2, 8, 2, 4, 16, 64, 16, 2, 0, 8, 128, 4, 0, 0, 0, 8]",right,128
120,1158,"[0, 0, 0, 4, 4, 8, 2, 2, 2, 64, 16, 4, 16, 8, 128, 8]",down,128
121,1162,"[0, 2, 0, 4, 0, 4, 8, 4, 2, 64, 16, 4, 16, 8, 128, 8]",right,128
122,1170,"[2, 2, 8, 8, 16, 4, 16, 4, 2, 64, 128, 8, 0, 8, 0, 0]",up,128
123,1190,"[4, 16, 0, 0, 16, 4, 16, 4, 2, 64, 128, 8, 8, 2, 0, 0]",left,128
124,1190,"[4, 16, 0, 0, 16, 4, 0, 2, 2, 64, 16, 4, 8, 2, 128, 8]",down,128
125,1190,"[4, 16, 16, 2, 16, 4, 128, 4, 2, 64, 0, 8, 8, 2, 4, 0]",up,128
126,1190,"[4, 16, 16, 2, 16, 4, 128, 4, 2, 64, 4, 8, 8, 2, 0, 2]",up,128
127,1190,"[4, 16, 2, 2, 16, 4, 16, 4, 2, 64, 128, 8, 8, 2, 4, 2]",down,128
128,1194,"[4, 16, 4, 2, 16, 4, 16, 4, 2, 64, 128, 8, 8, 2, 4, 2]",left,128
1,0,"[4, 0, 0, 0, 0, 0, 0, 0, 0, 0, 0, 0, 0, 0, 2, 0]",up,4
2,0,"[4, 0, 2, 0, 0, 0, 2, 0, 0, 0, 0, 0, 0, 0, 0, 0]",up,4
3,4,"[4, 0, 4, 0, 0, 0, 0, 0, 0, 2, 0, 0, 0, 0, 0, 0]",up,4
4,12,"[8, 0, 0, 0, 0, 0, 0, 0, 2, 2, 0, 0, 0, 0, 0, 0]",left,8
5,12,"[8, 2, 0, 0, 2, 0, 0, 0, 0, 0, 0, 0, 0, 0, 0, 2]",up,8
6,12,"[8, 2, 0, 2, 2, 2, 0, 0, 0, 0, 0, 0, 0, 0, 0, 0]",up,8
7,20,"[2, 0, 8, 4, 0, 0, 0, 4, 0, 0, 0, 0, 0, 0, 0, 0]",right,8
8,28,"[2, 0, 8, 8, 0, 0, 0, 0, 0, 4, 0, 0, 0, 0, 0, 0]",up,8
9,28,"[2, 4, 8, 8, 2, 0, 0, 0, 0, 0, 0, 0, 0, 0, 0, 0]",up,8
10,32,"[4, 4, 8, 8, 0, 0, 0, 0, 2, 0, 0, 0, 0, 0, 0, 0]",up,8
11,32,"[4, 4, 8, 8, 2, 0, 0, 0, 0, 0, 0, 0, 0, 0, 2, 0]",up,8
12,32,"[4, 4, 8, 8, 2, 0, 2, 0, 0, 0, 0, 2, 0, 0, 0, 0]",up,8
13,32,"[4, 4, 8, 8, 2, 2, 2, 2, 0, 0, 0, 0, 0, 0, 0, 0]",up,8
14,64,"[8, 16, 0, 0, 4, 4, 0, 0, 0, 0, 0, 0, 0, 0, 2, 0]",left,16
15,72,"[8, 16, 2, 0, 8, 0, 0, 0, 0, 0, 0, 0, 2, 0, 0, 0]",left,16
16,88,"[16, 16, 2, 0, 2, 0, 0, 0, 0, 0, 0, 0, 0, 0, 2, 0]",up,16
17,92,"[16, 16, 4, 0, 2, 0, 0, 0, 0, 0, 2, 0, 0, 0, 0, 0]",up,16
18,92,"[16, 16, 4, 0, 2, 0, 2, 0, 0, 0, 0, 0, 0, 2, 0, 0]",up,16
19,92,"[16, 16, 4, 0, 2, 2, 2, 0, 0, 0, 0, 0, 0, 2, 0, 0]",up,16
20,128,"[32, 4, 0, 0, 4, 2, 0, 0, 0, 0, 0, 0, 2, 2, 0, 0]",left,32
21,132,"[32, 4, 0, 0, 4, 4, 0, 0, 2, 0, 2, 0, 0, 0, 0, 0]",up,32
22,144,"[32, 4, 0, 0, 8, 0, 0, 0, 4, 0, 0, 0, 0, 0, 2, 0]",left,32
23,144,"[0, 0, 0, 0, 32, 0, 0, 0, 8, 2, 0, 0, 4, 4, 2, 0]",down,32
24,152,"[2, 0, 0, 0, 32, 0, 0, 0, 8, 2, 0, 0, 8, 2, 0, 0]",left,32
25,172,"[2, 4, 0, 0, 32, 0, 0, 0, 16, 0, 0, 0, 2, 0, 0, 0]",up,32
26,172,"[0, 0, 2, 4, 2, 0, 0, 32, 0, 0, 0, 16, 0, 0, 0, 2]",right,32
27,172,"[2, 0, 2, 4, 2, 0, 0, 32, 0, 0, 0, 16, 0, 0, 0, 2]",up,32
28,174,"[0, 0, 0, 4, 0, 0, 0, 32, 0, 0, 2, 16, 4, 0, 2, 2]",down,32
29,178,"[4, 0, 4, 4, 0, 0, 0, 32, 0, 0, 0, 16, 0, 2, 0, 2]",up,32
30,190,"[8, 4, 0, 0, 32, 0, 0, 2, 16, 0, 0, 0, 4, 0, 0, 0]",left,32
31,190,"[8, 4, 0, 2, 32, 0, 0, 0, 16, 0, 0, 0, 4, 0, 0, 2]",up,32
32,194,"[8, 4, 0, 4, 32, 0, 0, 0, 16, 0, 0, 0, 4, 0, 2, 0]",up,32
33,202,"[8, 8, 0, 0, 32, 0, 0, 0, 16, 0, 0, 0, 4, 2, 0, 2]",left,32
34,222,"[16, 0, 0, 0, 32, 0, 0, 0, 16, 0, 2, 0, 4, 4, 0, 0]",left,32
35,230,"[0, 0, 0, 16, 0, 0, 0, 32, 2, 0, 16, 2, 0, 0, 0, 8]",right,32
36,230,"[2, 0, 16, 16, 0, 2, 0, 32, 0, 0, 0, 2, 0, 0, 0, 8]",up,32
37,230,"[2, 2, 16, 16, 0, 0, 0, 32, 0, 0, 0, 2, 0, 0, 2, 8]",up,32
38,230,"[2, 2, 16, 16, 0, 2, 2, 32, 0, 0, 0, 2, 0, 0, 0, 8]",up,32
39,270,"[0, 0, 4, 32, 0, 0, 4, 32, 0, 0, 0, 2, 0, 2, 0, 8]",right,32
40,306,"[0, 0, 2, 0, 0, 0, 0, 64, 0, 0, 0, 2, 0, 2, 8, 8]",down,64
41,306,"[0, 2, 2, 64, 0, 0, 8, 2, 0, 0, 0, 8, 2, 0, 0, 0]",up,64
42,306,"[0, 0, 0, 0, 0, 0, 0, 64, 2, 0, 2, 2, 2, 2, 8, 8]",down,64
43,308,"[0, 0, 0, 0, 0, 0, 0, 64, 2, 0, 2, 2, 4, 2, 8, 8]",down,64
44,328,"[0, 0, 0, 0, 64, 4, 0, 0, 4, 2, 0, 0, 4, 2, 16, 0]",left,64
45,340,"[64, 4, 16, 0, 8, 4, 0, 0, 0, 0, 0, 0, 0, 0, 4, 0]",up,64
46,348,"[64, 8, 16, 0, 8, 0, 4, 0, 0, 0, 0, 2, 0, 0, 0, 0]",up,64
47,348,"[0, 64, 8, 16, 0, 2, 8, 4, 0, 0, 0, 2, 0, 0, 0, 0]",right,64
48,348,"[64, 8, 16, 0, 2, 8, 4, 0, 2, 0, 2, 0, 0, 0, 0, 0]",left,64
49,368,"[64, 16, 16, 0, 4, 0, 4, 0, 2, 0, 2, 0, 0, 0, 0, 0]",up,64
50,368,"[0, 0, 0, 0, 64, 0, 16, 0, 4, 0, 4, 0, 2, 16, 2, 2]",down,64
51,368,"[64, 16, 16, 2, 4, 0, 4, 0, 2, 0, 2, 0, 0, 0, 2, 0]",up,64
52,372,"[64, 16, 16, 2, 4, 0, 4, 0, 2, 0, 4, 0, 0, 4, 0, 0]",up,64
53,380,"[64, 16, 16, 2, 4, 4, 8, 0, 2, 0, 0, 0, 0, 2, 0, 0]",up,64
54,380,"[64, 16, 16, 2, 4, 4, 8, 0, 2, 2, 0, 2, 0, 0, 0, 0]",up,64
55,384,"[64, 16, 16, 4, 4, 4, 8, 0, 2, 2, 0, 0, 0, 2, 0, 0]",up,64
56,388,"[64, 16, 16, 4, 4, 4, 8, 0, 2, 4, 0, 0, 2, 0, 0, 0]",up,64
57,400,"[64, 16, 16, 4, 4, 8, 8, 0, 4, 0, 2, 0, 0, 0, 0, 0]",up,64
58,408,"[64, 16, 16, 4, 8, 8, 8, 0, 0, 0, 2, 2, 0, 0, 0, 0]",up,64
59,408,"[64, 16, 16, 4, 8, 8, 8, 2, 2, 0, 2, 0, 0, 0, 0, 0]",up,64
60,408,"[0, 0, 4, 0, 64, 0, 16, 0, 8, 16, 8, 4, 2, 8, 2, 2]",down,64
61,408,"[64, 16, 4, 4, 8, 8, 16, 2, 2, 0, 8, 0, 0, 0, 2, 2]",up,64
62,412,"[64, 16, 4, 4, 8, 8, 16, 4, 2, 0, 8, 0, 0, 0, 2, 2]",up,64
63,420,"[64, 16, 4, 8, 8, 8, 16, 2, 2, 0, 8, 0, 0, 2, 2, 0]",up,64
64,420,"[0, 0, 4, 0, 64, 16, 16, 2, 8, 8, 8, 8, 2, 2, 2, 2]",down,64
65,492,"[4, 2, 0, 0, 64, 32, 2, 0, 16, 16, 0, 0, 4, 4, 0, 0]",left,64
66,532,"[0, 0, 4, 2, 0, 64, 32, 2, 0, 0, 0, 32, 0, 0, 4, 8]",right,64
67,536,"[0, 64, 4, 4, 0, 0, 32, 32, 0, 0, 4, 8, 2, 0, 0, 0]",up,64
68,608,"[64, 8, 0, 0, 64, 0, 0, 0, 4, 8, 0, 0, 2, 0, 0, 2]",left,64
69,612,"[64, 8, 0, 0, 64, 0, 2, 0, 4, 8, 0, 0, 4, 0, 0, 0]",left,64
70,764,"[128, 16, 2, 0, 8, 0, 0, 0, 0, 0, 0, 0, 4, 0, 0, 0]",up,128
71,764,"[128, 16, 2, 0, 8, 0, 2, 0, 4, 0, 0, 0, 0, 0, 0, 0]",up,128
72,764,"[0, 128, 16, 2, 0, 0, 8, 2, 0, 0, 0, 4, 0, 0, 2, 0]",right,128
73,766,"[2, 0, 0, 0, 0, 0, 16, 0, 0, 0, 8, 4, 0, 128, 2, 4]",down,128
74,774,"[2, 128, 16, 8, 0, 2, 8, 0, 0, 0, 2, 0, 0, 0, 0, 0]",up,128
75,774,"[2, 128, 16, 8, 0, 0, 2, 8, 0, 0, 0, 2, 0, 0, 2, 0]",right,128
76,794,"[2, 128, 16, 16, 0, 0, 4, 2, 0, 0, 2, 0, 0, 0, 0, 0]",up,128
77,826,"[0, 2, 128, 32, 0, 0, 4, 2, 0, 2, 0, 2, 0, 0, 0, 0]",right,128
78,834,"[0, 4, 128, 32, 0, 0, 4, 4, 0, 0, 0, 0, 0, 0, 2, 0]",up,128
79,834,"[0, 4, 128, 32, 0, 0, 4, 4, 0, 0, 2, 2, 0, 0, 0, 0]",up,128
80,834,"[0, 2, 0, 0, 0, 0, 128, 32, 0, 0, 4, 4, 0, 4, 2, 2]",down,128
81,846,"[2, 0, 0, 2, 128, 32, 0, 0, 8, 0, 0, 0, 4, 4, 0, 0]",left,128
82,858,"[4, 0, 0, 0, 128, 32, 0, 0, 8, 0, 0, 0, 8, 2, 0, 0]",left,128
83,874,"[4, 32, 0, 0, 128, 2, 0, 0, 16, 0, 0, 0, 0, 0, 0, 2]",up,128
84,874,"[4, 32, 0, 2, 128, 2, 0, 0, 16, 0, 2, 0, 0, 0, 0, 0]",up,128
85,874,"[4, 32, 2, 2, 128, 2, 0, 0, 16, 0, 0, 0, 2, 0, 0, 0]",up,128
86,874,"[4, 0, 0, 0, 128, 0, 0, 0, 16, 32, 0, 2, 2, 2, 2, 2]",down,128
87,876,"[4, 2, 0, 0, 128, 0, 0, 0, 16, 32, 0, 0, 2, 2, 2, 4]",down,128
88,876,"[4, 2, 2, 4, 128, 32, 0, 0, 16, 2, 0, 2, 2, 0, 0, 0]",up,128
89,876,"[4, 0, 0, 0, 128, 2, 2, 0, 16, 32, 0, 4, 2, 2, 2, 2]",down,128
90,888,"[0, 0, 0, 4, 0, 2, 128, 4, 0, 16, 32, 4, 0, 0, 4, 4]",right,128
91,904,"[0, 2, 128, 8, 0, 16, 32, 8, 0, 0, 4, 2, 0, 0, 0, 0]",up,128
92,920,"[0, 2, 128, 16, 0, 16, 32, 2, 0, 4, 4, 0, 0, 0, 0, 0]",up,128
93,920,"[0, 0, 0, 0, 0, 2, 128, 0, 2, 16, 32, 16, 0, 4, 4, 2]",down,128
94,920,"[2, 2, 128, 16, 0, 16, 32, 2, 2, 4, 4, 0, 0, 0, 0, 0]",up,128
95,924,"[4, 2, 128, 16, 0, 16, 32, 2, 0, 4, 4, 0, 2, 0, 0, 0]",up,128
96,924,"[4, 2, 128, 16, 2, 16, 32, 2, 2, 4, 4, 0, 0, 0, 0, 0]",up,128
97,928,"[4, 2, 128, 16, 4, 16, 32, 2, 0, 4, 4, 0, 0, 2, 0, 0]",up,128
98,936,"[4, 2, 128, 16, 4, 16, 32, 2, 8, 0, 0, 0, 2, 0, 0, 2]",left,128
99,948,"[8, 2, 128, 16, 8, 16, 32, 4, 2, 0, 0, 0, 0, 2, 0, 0]",up,128
100,964,"[16, 2, 128, 16, 2, 16, 32, 4, 0, 2, 0, 0, 0, 0, 2, 0]",up,128
101,964,"[0, 0, 0, 2, 0, 2, 128, 0, 16, 16, 32, 16, 2, 2, 2, 4]",down,128
102,1000,"[0, 0, 0, 2, 0, 2, 2, 128, 0, 32, 32, 16, 0, 2, 4, 4]",right,128
103,1000,"[0, 2, 2, 2, 0, 32, 32, 128, 0, 2, 4, 16, 4, 0, 0, 4]",up,128
104,1076,"[0, 0, 2, 4, 0, 0, 64, 128, 0, 2, 4, 16, 2, 0, 0, 8]",right,128
105,1076,"[2, 2, 2, 4, 2, 0, 64, 128, 0, 0, 4, 16, 0, 0, 0, 8]",up,128
106,1080,"[0, 2, 4, 4, 2, 2, 64, 128, 0, 0, 4, 16, 0, 0, 0, 8]",right,128
107,1092,"[2, 8, 2, 0, 4, 64, 128, 0, 4, 16, 0, 0, 8, 0, 0, 0]",left,128
108,1100,"[2, 8, 2, 0, 8, 64, 128, 2, 8, 16, 0, 0, 0, 0, 0, 0]",up,128
109,1116,"[2, 8, 2, 2, 16, 64, 128, 0, 0, 16, 0, 0, 2, 0, 0, 0]",up,128
110,1116,"[0, 0, 0, 0, 2, 8, 0, 2, 16, 64, 2, 0, 2, 16, 128, 2]",down,128
111,1116,"[0, 0, 0, 4, 0, 2, 8, 2, 0, 16, 64, 2, 2, 16, 128, 2]",right,128
112,1152,"[2, 2, 8, 4, 0, 32, 64, 4, 0, 2, 128, 2, 0, 0, 0, 0]",up,128
113,1160,"[2, 2, 8, 8, 2, 32, 64, 2, 0, 2, 128, 0, 0, 0, 0, 0]",up,128
114,1180,"[4, 16, 4, 0, 2, 32, 64, 2, 2, 128, 0, 0, 0, 0, 0, 0]",left,128
115,1184,"[4, 16, 4, 2, 4, 32, 64, 0, 0, 128, 0, 4, 0, 0, 0, 0]",up,128
116,1192,"[8, 16, 4, 2, 0, 32, 64, 4, 0, 128, 0, 0, 0, 0, 0, 2]",up,128
117,1192,"[8, 16, 4, 2, 0, 32, 64, 4, 0, 128, 0, 2, 0, 0, 0, 4]",up,128
118,1192,"[0, 0, 0, 2, 0, 16, 2, 4, 0, 32, 4, 2, 8, 128, 64, 4]",down,128
119,1192,"[8, 16, 2, 2, 0, 32, 4, 4, 0, 128, 64, 2, 0, 2, 0, 4]",up,128
120,1192,"[0, 16, 0, 2, 2, 32, 2, 4, 0, 128, 4, 2, 8, 2, 64, 4]",down,128
121,1192,"[16, 2, 4, 0, 2, 32, 2, 4, 128, 4, 2, 0, 8, 2, 64, 4]",left,128
122,1198,"[16, 2, 0, 0, 2, 32, 4, 0, 128, 4, 4, 4, 8, 2, 64, 8]",down,128
123,1206,"[16, 2, 0, 2, 2, 32, 4, 0, 128, 8, 4, 0, 8, 2, 64, 8]",left,128
124,1210,"[16, 4, 2, 0, 2, 32, 4, 0, 128, 8, 4, 0, 8, 2, 64, 8]",left,128
125,1218,"[16, 4, 2, 8, 2, 32, 8, 0, 128, 8, 64, 0, 8, 2, 2, 0]",up,128
126,1222,"[16, 4, 2, 8, 2, 32, 8, 0, 128, 8, 64, 0, 8, 4, 0, 2]",left,128
127,1222,"[16, 4, 2, 8, 2, 32, 8, 2, 128, 8, 64, 0, 8, 4, 4, 0]",up,128
128,1230,"[16, 4, 2, 8, 2, 32, 8, 2, 0, 128, 8, 64, 2, 0, 8, 8]",right,128
129,1240,"[2, 0, 0, 8, 0, 4, 2, 2, 16, 32, 8, 64, 4, 128, 16, 8]",down,128
130,1244,"[2, 8, 0, 2, 4, 4, 0, 0, 16, 32, 8, 64, 4, 128, 16, 8]",left,128
131,1244,"[2, 8, 8, 2, 4, 4, 16, 64, 16, 32, 0, 8, 4, 128, 0, 2]",up,128
132,1268,"[2, 16, 2, 0, 8, 16, 64, 0, 16, 32, 8, 2, 4, 128, 2, 0]",left,128
133,1284,"[2, 0, 2, 2, 8, 32, 64, 0, 16, 32, 8, 0, 4, 128, 2, 2]",down,128
134,1318,"[2, 2, 2, 0, 8, 0, 64, 0, 16, 64, 8, 0, 4, 128, 2, 4]",down,128
135,1318,"[2, 2, 2, 4, 8, 64, 64, 0, 16, 128, 8, 0, 4, 2, 2, 0]",up,128
136,1454,"[0, 2, 4, 4, 0, 0, 8, 128, 2, 16, 128, 8, 0, 0, 4, 4]",right,128
137,1454,"[0, 2, 4, 4, 0, 0, 8, 128, 0, 2, 128, 8, 2, 16, 4, 4]",down,128
138,1470,"[0, 0, 2, 8, 0, 0, 8, 128, 0, 2, 128, 8, 2, 2, 16, 8]",right,128
139,1490,"[2, 4, 2, 8, 2, 0, 8, 128, 0, 0, 128, 16, 0, 0, 16, 0]",up,128
140,1494,"[4, 4, 2, 8, 0, 2, 8, 128, 0, 0, 128, 16, 0, 0, 16, 0]",up,128
141,1494,"[0, 0, 2, 0, 0, 2, 8, 8, 0, 4, 128, 128, 4, 2, 16, 16]",down,128
142,1798,"[2, 0, 0, 0, 2, 16, 0, 2, 4, 256, 0, 0, 4, 2, 32, 0]",left,256
143,1810,"[4, 16, 32, 2, 8, 256, 0, 0, 0, 2, 0, 0, 0, 0, 0, 2]",up,256
144,1814,"[4, 16, 32, 4, 8, 256, 0, 0, 0, 2, 0, 0, 2, 0, 0, 0]",up,256
145,1814,"[4, 16, 32, 4, 8, 256, 0, 0, 2, 2, 0, 0, 0, 2, 0, 0]",up,256
146,1818,"[4, 16, 32, 4, 8, 256, 0, 0, 2, 4, 0, 0, 2, 0, 0, 0]",up,256
147,1822,"[4, 16, 32, 4, 8, 256, 0, 0, 4, 4, 0, 0, 0, 0, 0, 2]",up,256
148,1830,"[4, 16, 32, 4, 8, 256, 0, 2, 8, 0, 0, 0, 2, 0, 0, 0]",left,256
149,1838,"[2, 0, 0, 0, 4, 0, 0, 0, 16, 16, 0, 4, 2, 256, 32, 2]",down,256
150,1870,"[2, 0, 2, 0, 4, 0, 0, 0, 32, 4, 0, 0, 2, 256, 32, 2]",left,256
151,1874,"[4, 0, 0, 2, 4, 0, 0, 0, 32, 4, 0, 0, 2, 256, 32, 2]",left,256
152,1880,"[0, 0, 0, 0, 8, 0, 2, 0, 32, 4, 0, 0, 2, 256, 32, 4]",down,256
153,1880,"[0, 0, 0, 0, 8, 2, 0, 0, 32, 4, 2, 0, 2, 256, 32, 4]",left,256
154,1880,"[8, 2, 2, 4, 32, 4, 32, 0, 2, 256, 0, 0, 0, 2, 0, 0]",up,256
155,1884,"[8, 4, 4, 0, 32, 4, 32, 4, 2, 256, 0, 0, 2, 0, 0, 0]",left,256
156,1896,"[8, 8, 4, 4, 32, 256, 32, 0, 4, 2, 0, 0, 0, 0, 0, 0]",up,256
157,1896,"[0, 0, 2, 0, 8, 8, 0, 0, 32, 256, 4, 0, 4, 2, 32, 4]",down,256
158,1896,"[8, 8, 2, 4, 32, 256, 4, 0, 4, 2, 32, 0, 0, 0, 2, 0]",up,256
159,1896,"[2, 0, 2, 0, 8, 8, 4, 0, 32, 256, 32, 0, 4, 2, 2, 4]",down,256
160,1920,"[4, 0, 0, 2, 16, 4, 0, 0, 32, 256, 32, 0, 4, 4, 4, 0]",left,256
161,1920,"[4, 4, 32, 2, 16, 256, 4, 2, 32, 4, 0, 0, 4, 0, 0, 0]",up,256
162,1922,"[4, 4, 0, 0, 16, 4, 0, 0, 32, 256, 32, 0, 4, 4, 4, 4]",down,256
163,1926,"[4, 0, 0, 0, 16, 8, 0, 0, 32, 256, 32, 2, 4, 4, 4, 4]",down,256
164,1942,"[4, 2, 0, 0, 16, 8, 0, 0, 32, 256, 32, 2, 8, 8, 0, 0]",left,256
165,1942,"[4, 2, 2, 0, 16, 8, 0, 0, 32, 256, 0, 0, 8, 8, 32, 2]",down,256
166,1962,"[4, 4, 0, 2, 16, 8, 0, 0, 32, 256, 0, 0, 16, 32, 2, 0]",left,256
167,1962,"[4, 4, 0, 0, 16, 8, 0, 0, 32, 256, 2, 0, 16, 32, 2, 2]",down,256
168,1974,"[8, 0, 2, 0, 16, 8, 0, 0, 32, 256, 2, 0, 16, 32, 4, 0]",left,256
169,1978,"[8, 8, 4, 0, 16, 256, 4, 0, 32, 32, 0, 2, 16, 0, 0, 0]",up,256
170,1986,"[8, 8, 8, 2, 16, 256, 0, 0, 32, 32, 0, 0, 16, 0, 2, 0]",up,256
171,1986,"[8, 8, 8, 2, 16, 256, 2, 0, 32, 32, 2, 0, 16, 0, 0, 0]",up,256
172,1990,"[8, 8, 8, 2, 16, 256, 4, 0, 32, 32, 0, 0, 16, 2, 0, 0]",up,256
173,1990,"[8, 8, 0, 0, 16, 256, 0, 0, 32, 32, 8, 2, 16, 2, 4, 2]",down,256
174,1994,"[8, 8, 8, 4, 16, 256, 4, 0, 32, 32, 0, 0, 16, 2, 0, 2]",up,256
175,2078,"[16, 8, 4, 0, 16, 256, 4, 0, 64, 0, 0, 0, 16, 4, 2, 0]",left,256
176,2118,"[32, 8, 8, 0, 64, 256, 2, 0, 16, 4, 0, 0, 0, 2, 0, 0]",up,256
177,2118,"[0, 8, 2, 0, 32, 256, 0, 0, 64, 4, 8, 0, 16, 2, 2, 0]",down,256
178,2122,"[8, 2, 2, 0, 32, 256, 0, 0, 64, 4, 8, 0, 16, 4, 0, 0]",left,256
179,2130,"[8, 2, 2, 2, 32, 256, 8, 0, 64, 8, 0, 0, 16, 0, 0, 0]",up,256
180,2134,"[8, 4, 2, 0, 32, 256, 8, 0, 64, 8, 0, 0, 16, 0, 4, 0]",left,256
181,2134,"[8, 4, 2, 0, 32, 256, 8, 0, 64, 8, 2, 0, 16, 4, 0, 0]",left,256
182,2134,"[8, 4, 0, 0, 32, 256, 2, 0, 64, 8, 8, 2, 16, 4, 2, 0]",down,256
183,2150,"[0, 0, 8, 4, 0, 32, 256, 2, 2, 64, 16, 2, 0, 16, 4, 2]",right,256
184,2154,"[2, 32, 8, 4, 2, 64, 256, 4, 0, 16, 16, 2, 0, 0, 4, 0]",up,256
185,2166,"[4, 32, 8, 8, 0, 64, 256, 2, 0, 16, 16, 0, 0, 2, 4, 0]",up,256
186,2166,"[2, 32, 8, 0, 0, 64, 256, 0, 0, 16, 16, 8, 4, 2, 4, 2]",down,256
187,2166,"[2, 32, 8, 8, 4, 64, 256, 2, 0, 16, 16, 4, 0, 2, 4, 0]",up,256
188,2166,"[0, 32, 8, 0, 2, 64, 256, 8, 2, 16, 16, 2, 4, 2, 4, 4]",down,256
189,2206,"[32, 8, 0, 0, 2, 64, 256, 8, 2, 32, 2, 2, 4, 2, 8, 0]",left,256
190,2208,"[0, 8, 2, 0, 32, 64, 256, 0, 4, 32, 2, 8, 4, 2, 8, 2]",down,256
191,2212,"[0, 8, 2, 2, 0, 64, 256, 0, 32, 32, 2, 8, 8, 2, 8, 2]",down,256
192,2280,"[8, 4, 0, 2, 64, 256, 0, 0, 64, 2, 8, 0, 8, 2, 8, 2]",left,256
193,2432,"[8, 4, 16, 4, 128, 256, 0, 0, 8, 4, 0, 0, 0, 2, 0, 0]",up,256
194,2432,"[0, 4, 0, 0, 8, 256, 0, 0, 128, 4, 0, 2, 8, 2, 16, 4]",down,256
195,2432,"[8, 4, 16, 2, 128, 256, 2, 4, 8, 4, 0, 0, 0, 2, 0, 0]",up,256
196,2432,"[4, 4, 0, 0, 8, 256, 0, 0, 128, 4, 16, 2, 8, 2, 2, 4]",down,256
197,2444,"[8, 0, 0, 0, 8, 256, 0, 0, 128, 4, 16, 2, 8, 4, 4, 2]",left,256
198,2458,"[0, 0, 0, 2, 16, 0, 0, 0, 128, 256, 16, 0, 8, 8, 4, 4]",down,256
199,2458,"[0, 0, 2, 0, 16, 0, 0, 0, 128, 256, 16, 2, 8, 8, 4, 4]",down,256
200,2458,"[0, 0, 2, 0, 16, 0, 2, 0, 128, 256, 16, 2, 8, 8, 4, 4]",down,256
201,2460,"[0, 0, 4, 0, 16, 0, 4, 0, 128, 256, 16, 2, 8, 8, 4, 4]",down,256
202,2464,"[0, 0, 2, 0, 16, 0, 8, 0, 128, 256, 16, 2, 8, 8, 4, 4]",down,256
203,2464,"[16, 256, 2, 2, 128, 8, 8, 4, 8, 0, 16, 0, 2, 0, 4, 0]",up,256
204,2484,"[16, 256, 4, 0, 128, 16, 4, 0, 8, 16, 0, 0, 2, 4, 4, 0]",left,256
205,2504,"[16, 0, 0, 0, 128, 256, 0, 4, 8, 32, 4, 0, 2, 4, 8, 0]",down,256
206,2504,"[2, 0, 0, 16, 0, 128, 256, 4, 0, 8, 32, 4, 0, 2, 4, 8]",right,256
207,2508,"[0, 2, 0, 0, 0, 128, 256, 16, 0, 8, 32, 8, 2, 2, 4, 8]",down,256
208,2524,"[2, 2, 256, 16, 0, 128, 32, 16, 2, 8, 4, 0, 0, 2, 0, 0]",up,256
209,2528,"[4, 256, 16, 2, 128, 32, 16, 0, 2, 8, 4, 0, 2, 0, 0, 0]",left,256
210,2564,"[4, 256, 32, 2, 128, 32, 4, 0, 4, 8, 0, 0, 0, 2, 0, 0]",up,256
211,2564,"[4, 256, 32, 2, 0, 128, 32, 4, 0, 0, 4, 8, 0, 0, 2, 2]",right,256
212,2628,"[4, 256, 64, 2, 2, 128, 4, 4, 0, 0, 2, 8, 0, 0, 0, 2]",up,256
213,2636,"[4, 256, 64, 2, 2, 128, 8, 0, 2, 8, 0, 2, 2, 0, 0, 0]",left,256
214,2644,"[4, 256, 64, 4, 4, 128, 8, 0, 2, 8, 0, 0, 2, 0, 0, 0]",up,256
215,2656,"[8, 256, 64, 4, 4, 128, 8, 0, 0, 8, 2, 0, 0, 0, 0, 0]",up,256
216,2656,"[0, 0, 0, 0, 2, 256, 64, 0, 8, 128, 8, 0, 4, 8, 2, 4]",down,256
217,2656,"[2, 0, 0, 0, 0, 2, 256, 64, 0, 8, 128, 8, 4, 8, 2, 4]",right,256
218,2672,"[2, 2, 256, 64, 4, 16, 128, 8, 0, 0, 2, 4, 0, 0, 0, 2]",up,256
219,2672,"[0, 2, 0, 64, 0, 0, 256, 8, 2, 2, 128, 4, 4, 16, 2, 2]",down,256
220,2680,"[0, 2, 2, 64, 0, 0, 256, 8, 0, 4, 128, 4, 0, 4, 16, 4]",right,256
221,2696,"[0, 2, 2, 64, 0, 8, 256, 8, 2, 0, 128, 8, 0, 0, 16, 0]",up,256
222,2704,"[0, 0, 2, 0, 0, 0, 256, 2, 0, 2, 128, 64, 2, 8, 16, 16]",down,256
223,2704,"[2, 2, 2, 2, 0, 8, 256, 64, 0, 0, 128, 16, 0, 2, 16, 0]",up,256
224,2712,"[4, 4, 0, 2, 8, 256, 64, 0, 128, 16, 0, 0, 2, 16, 0, 0]",left,256
225,2744,"[4, 4, 64, 2, 8, 256, 0, 2, 128, 32, 0, 0, 2, 0, 0, 0]",up,256
226,2748,"[4, 4, 64, 4, 8, 256, 0, 0, 128, 32, 0, 0, 2, 0, 2, 0]",up,256
227,2760,"[8, 64, 4, 0, 8, 256, 0, 0, 128, 32, 0, 0, 4, 4, 0, 0]",left,256
228,2776,"[16, 64, 4, 0, 128, 256, 0, 0, 4, 32, 2, 0, 0, 4, 0, 0]",up,256
229,2776,"[16, 64, 4, 0, 128, 256, 2, 0, 4, 32, 2, 0, 0, 4, 0, 0]",up,256
230,2780,"[16, 64, 4, 0, 128, 256, 4, 0, 4, 32, 0, 0, 2, 4, 0, 0]",up,256
231,2784,"[16, 64, 2, 0, 128, 256, 0, 0, 4, 32, 0, 0, 2, 4, 8, 0]",down,256
232,2784,"[0, 16, 64, 2, 0, 2, 128, 256, 0, 0, 4, 32, 0, 2, 4, 8]",right,256
233,2796,"[0, 16, 64, 2, 0, 4, 128, 256, 0, 0, 8, 32, 0, 2, 0, 8]",up,256
234,2796,"[0, 16, 64, 2, 0, 4, 128, 256, 0, 2, 8, 32, 2, 0, 0, 8]",up,256
235,2796,"[0, 0, 2, 2, 0, 16, 64, 256, 0, 4, 128, 32, 2, 2, 8, 8]",down,256
236,2820,"[4, 0, 0, 0, 16, 64, 256, 2, 4, 128, 32, 0, 4, 16, 0, 0]",left,256
237,2824,"[0, 0, 0, 2, 4, 64, 0, 0, 16, 128, 256, 0, 8, 16, 32, 2]",down,256
238,2824,"[0, 0, 0, 2, 2, 0, 4, 64, 0, 16, 128, 256, 8, 16, 32, 2]",right,256
239,2856,"[2, 32, 4, 2, 8, 0, 128, 64, 2, 0, 32, 256, 0, 0, 0, 2]",up,256
240,2856,"[0, 0, 0, 2, 2, 2, 4, 64, 8, 0, 128, 256, 2, 32, 32, 2]",down,256
241,2924,"[2, 0, 0, 0, 4, 4, 64, 0, 8, 128, 256, 0, 2, 64, 2, 2]",left,256
242,2924,"[2, 4, 64, 2, 4, 128, 256, 0, 8, 64, 2, 0, 2, 0, 0, 2]",up,256
243,2928,"[2, 4, 64, 4, 4, 128, 256, 2, 8, 64, 2, 0, 2, 0, 0, 0]",up,256
244,2928,"[2, 0, 4, 0, 4, 4, 64, 0, 8, 128, 256, 4, 2, 64, 2, 2]",down,256
245,2928,"[2, 4, 4, 4, 4, 128, 64, 2, 8, 64, 256, 2, 2, 0, 2, 0]",up,256
246,2932,"[2, 4, 4, 4, 4, 128, 64, 4, 8, 64, 256, 0, 2, 2, 2, 0]",up,256
247,2944,"[0, 2, 4, 8, 4, 128, 64, 4, 0, 8, 64, 256, 0, 4, 2, 4]",right,256
248,3008,"[0, 2, 0, 8, 0, 128, 4, 4, 2, 8, 128, 256, 4, 4, 2, 4]",down,256
249,3024,"[0, 0, 2, 8, 0, 0, 128, 8, 2, 8, 128, 256, 2, 8, 2, 4]",right,256
250,3170,"[0, 0, 0, 2, 0, 0, 2, 16, 0, 0, 256, 256, 4, 16, 2, 4]",down,256
251,3682,"[2, 2, 0, 0, 2, 16, 0, 0, 512, 0, 0, 0, 4, 16, 2, 4]",left,512
252,3718,"[4, 2, 2, 4, 512, 32, 0, 0, 4, 0, 0, 0, 0, 0, 0, 2]",up,512
253,3718,"[4, 2, 2, 4, 512, 32, 0, 2, 4, 0, 0, 0, 0, 0, 0, 2]",up,512
254,3722,"[4, 2, 2, 4, 512, 32, 0, 4, 4, 0, 0, 2, 0, 0, 0, 0]",up,512
255,3730,"[4, 2, 2, 8, 512, 32, 0, 2, 4, 0, 0, 0, 0, 0, 0, 2]",up,512
256,3734,"[4, 4, 8, 0, 512, 32, 2, 0, 4, 0, 2, 0, 2, 0, 0, 0]",left,512
257,3738,"[4, 4, 8, 0, 512, 32, 4, 0, 4, 0, 0, 0, 2, 2, 0, 0]",up,512
258,3750,"[8, 8, 0, 0, 512, 32, 4, 0, 4, 0, 2, 0, 4, 0, 0, 0]",left,512
259,3758,"[8, 8, 4, 2, 512, 32, 2, 0, 8, 0, 0, 0, 0, 0, 0, 0]",up,512
260,3774,"[16, 4, 2, 0, 512, 32, 2, 0, 8, 0, 0, 0, 0, 0, 0, 2]",left,512
261,3778,"[16, 4, 4, 2, 512, 32, 0, 0, 8, 2, 0, 0, 0, 0, 0, 0]",up,512
262,3786,"[16, 8, 2, 0, 512, 32, 0, 0, 8, 2, 2, 0, 0, 0, 0, 0]",left,512
263,3790,"[16, 8, 4, 0, 512, 32, 0, 0, 8, 2, 0, 2, 0, 0, 0, 0]",up,512
264,3794,"[16, 8, 4, 0, 512, 32, 0, 0, 8, 4, 0, 0, 0, 0, 0, 2]",left,512
265,3794,"[0, 0, 2, 0, 16, 8, 0, 0, 512, 32, 0, 0, 8, 4, 4, 2]",down,512
266,3794,"[0, 0, 0, 0, 16, 8, 2, 0, 512, 32, 2, 0, 8, 4, 4, 2]",down,512
267,3798,"[16, 8, 4, 2, 512, 32, 4, 0, 8, 4, 0, 0, 0, 0, 0, 2]",up,512
268,3810,"[16, 8, 8, 4, 512, 32, 0, 0, 8, 4, 0, 0, 0, 0, 2, 0]",up,512
269,3810,"[16, 8, 8, 4, 512, 32, 2, 0, 8, 4, 2, 0, 0, 0, 0, 0]",up,512
270,3826,"[16, 16, 4, 0, 512, 32, 2, 0, 8, 4, 2, 0, 2, 0, 0, 0]",left,512
271,3830,"[16, 16, 4, 0, 512, 32, 4, 0, 8, 4, 0, 0, 2, 2, 0, 0]",up,512
272,3866,"[0, 0, 32, 4, 0, 512, 32, 4, 0, 0, 8, 4, 0, 0, 2, 4]",right,512
273,3946,"[0, 512, 64, 8, 0, 0, 8, 8, 0, 0, 2, 2, 0, 0, 0, 0]",up,512
274,3962,"[0, 512, 64, 16, 0, 0, 8, 2, 0, 0, 2, 0, 0, 0, 2, 0]",up,512
275,3966,"[0, 512, 64, 16, 0, 0, 8, 2, 0, 0, 4, 0, 0, 0, 2, 0]",up,512
276,3966,"[0, 0, 64, 0, 0, 0, 8, 0, 0, 0, 4, 16, 2, 512, 2, 2]",down,512
277,3966,"[2, 512, 64, 16, 0, 0, 8, 2, 0, 0, 4, 2, 0, 0, 2, 0]",up,512
278,3970,"[2, 512, 64, 16, 0, 0, 8, 4, 0, 0, 4, 2, 0, 0, 2, 0]",up,512
279,3970,"[0, 4, 64, 0, 0, 0, 8, 16, 0, 0, 4, 4, 2, 512, 2, 2]",down,512
280,3982,"[4, 64, 0, 2, 8, 16, 0, 0, 8, 0, 0, 0, 2, 512, 4, 0]",left,512
281,3990,"[0, 0, 0, 2, 4, 64, 0, 0, 16, 16, 0, 0, 2, 512, 4, 2]",down,512
282,3994,"[4, 64, 4, 4, 16, 16, 0, 0, 2, 512, 0, 0, 0, 0, 2, 0]",up,512
283,4034,"[4, 64, 8, 0, 32, 0, 2, 0, 2, 512, 0, 0, 2, 0, 0, 0]",left,512
284,4038,"[4, 64, 8, 0, 32, 512, 2, 0, 4, 0, 0, 0, 0, 0, 2, 0]",up,512
285,4042,"[4, 64, 8, 0, 32, 512, 4, 0, 4, 0, 0, 0, 0, 0, 2, 0]",up,512
286,4042,"[0, 4, 64, 8, 2, 32, 512, 4, 0, 0, 0, 4, 0, 0, 0, 2]",right,512
287,4050,"[2, 4, 64, 8, 0, 32, 512, 8, 0, 0, 0, 2, 0, 0, 2, 0]",up,512
288,4066,"[2, 4, 64, 16, 0, 32, 512, 2, 0, 0, 2, 0, 2, 0, 0, 0]",up,512
289,4070,"[4, 4, 64, 16, 0, 32, 512, 2, 0, 0, 2, 2, 0, 0, 0, 0]",up,512
290,4074,"[4, 4, 64, 16, 2, 32, 512, 4, 0, 0, 2, 0, 0, 0, 0, 0]",up,512
291,4082,"[8, 64, 16, 0, 2, 32, 512, 4, 2, 0, 0, 0, 0, 0, 0, 4]",left,512
292,4082,"[8, 64, 16, 2, 2, 32, 512, 4, 2, 0, 0, 0, 4, 0, 0, 0]",left,512
293,4086,"[8, 64, 16, 2, 4, 32, 512, 4, 4, 0, 0, 0, 0, 0, 4, 0]",up,512
294,4094,"[8, 64, 16, 2, 8, 32, 512, 4, 0, 2, 4, 0, 0, 0, 0, 0]",up,512
295,4110,"[16, 64, 16, 2, 0, 32, 512, 4, 2, 2, 4, 0, 0, 0, 0, 0]",up,512
296,4110,"[16, 64, 16, 2, 2, 32, 512, 4, 0, 2, 4, 0, 2, 0, 0, 0]",up,512
297,4114,"[16, 64, 16, 2, 4, 32, 512, 4, 0, 2, 4, 0, 0, 0, 2, 0]",up,512
298,4114,"[0, 0, 16, 2, 0, 64, 512, 0, 16, 32, 4, 2, 4, 2, 2, 4]",down,512
299,4116,"[0, 0, 16, 0, 0, 64, 512, 2, 16, 32, 4, 4, 4, 2, 2, 4]",down,512
300,4128,"[16, 0, 0, 0, 64, 512, 2, 0, 16, 32, 8, 0, 4, 4, 4, 2]",left,512
301,4128,"[16, 512, 2, 2, 64, 32, 8, 0, 16, 4, 4, 2, 4, 0, 0, 0]",up,512
302,4130,"[16, 0, 0, 2, 64, 512, 2, 0, 16, 32, 8, 0, 4, 4, 4, 4]",down,512
303,4146,"[16, 2, 0, 0, 64, 512, 2, 0, 16, 32, 8, 2, 8, 8, 0, 0]",left,512
304,4162,"[16, 2, 0, 4, 64, 512, 2, 0, 16, 32, 8, 2, 16, 0, 0, 0]",left,512
305,4194,"[16, 2, 2, 4, 64, 512, 8, 2, 32, 32, 0, 0, 0, 2, 0, 0]",up,512
306,4262,"[16, 4, 4, 0, 64, 512, 8, 2, 64, 0, 2, 0, 2, 0, 0, 0]",left,512
307,4270,"[16, 8, 0, 0, 64, 512, 8, 2, 64, 2, 0, 0, 2, 0, 0, 2]",left,512
308,4402,"[16, 8, 8, 4, 128, 512, 0, 4, 2, 2, 0, 0, 0, 0, 0, 0]",up,512
309,4410,"[16, 8, 8, 8, 128, 512, 2, 0, 2, 2, 0, 0, 0, 0, 0, 0]",up,512
310,4430,"[16, 16, 8, 0, 128, 512, 2, 0, 4, 0, 0, 2, 0, 0, 0, 0]",left,512
311,4430,"[16, 16, 8, 2, 128, 512, 2, 0, 4, 2, 0, 0, 0, 0, 0, 0]",up,512
312,4430,"[0, 0, 4, 0, 16, 16, 0, 0, 128, 512, 8, 0, 4, 2, 2, 2]",down,512
313,4430,"[16, 16, 4, 2, 128, 512, 8, 0, 4, 2, 2, 0, 2, 0, 0, 0]",up,512
314,4466,"[32, 4, 2, 0, 128, 512, 8, 0, 4, 4, 0, 0, 2, 2, 0, 0]",left,512
315,4478,"[32, 4, 2, 0, 128, 512, 8, 0, 8, 0, 0, 0, 4, 2, 0, 0]",left,512
316,4478,"[2, 32, 4, 2, 0, 128, 512, 8, 0, 0, 0, 8, 0, 0, 4, 2]",right,512
317,4494,"[2, 32, 4, 2, 0, 128, 512, 16, 0, 0, 4, 2, 0, 0, 2, 0]",up,512
318,4494,"[2, 32, 4, 2, 0, 128, 512, 16, 0, 2, 4, 2, 0, 0, 0, 2]",right,512
319,4498,"[2, 32, 4, 2, 0, 128, 512, 16, 0, 2, 4, 4, 0, 0, 2, 0]",up,512
320,4498,"[0, 0, 4, 4, 0, 32, 512, 2, 0, 128, 4, 16, 2, 2, 2, 4]",down,512
321,4498,"[2, 32, 4, 4, 0, 128, 512, 2, 0, 2, 4, 16, 0, 2, 2, 4]",up,512
322,4502,"[2, 32, 4, 4, 0, 128, 512, 2, 0, 4, 4, 16, 0, 2, 2, 4]",up,512
323,4522,"[2, 32, 8, 0, 128, 512, 2, 2, 8, 16, 0, 0, 4, 4, 0, 0]",left,512
324,4534,"[2, 32, 8, 2, 128, 512, 4, 0, 8, 16, 0, 0, 8, 0, 0, 0]",left,512
325,4550,"[2, 32, 8, 2, 128, 512, 4, 0, 16, 16, 0, 0, 0, 0, 4, 0]",up,512
326,4582,"[2, 32, 8, 2, 128, 512, 4, 0, 32, 0, 0, 0, 4, 0, 2, 0]",left,512
327,4582,"[2, 0, 2, 0, 128, 0, 8, 0, 32, 32, 4, 0, 4, 512, 2, 2]",down,512
328,4654,"[0, 0, 0, 4, 0, 0, 128, 8, 0, 2, 64, 4, 0, 4, 512, 4]",right,512
329,4662,"[0, 2, 128, 4, 0, 4, 64, 8, 2, 0, 512, 8, 0, 0, 0, 0]",up,512
330,4678,"[2, 2, 128, 4, 0, 4, 64, 16, 0, 0, 512, 2, 0, 0, 0, 0]",up,512
331,4682,"[4, 128, 4, 2, 4, 64, 16, 0, 512, 2, 0, 0, 0, 0, 0, 0]",left,512
332,4690,"[8, 128, 4, 2, 512, 64, 16, 0, 0, 2, 0, 0, 0, 0, 2, 0]",up,512
333,4690,"[8, 128, 4, 2, 512, 64, 16, 0, 0, 2, 2, 4, 0, 0, 0, 0]",up,512
334,4690,"[8, 128, 4, 2, 512, 64, 16, 4, 0, 2, 2, 0, 0, 0, 2, 0]",up,512
335,4694,"[8, 128, 4, 2, 512, 64, 16, 4, 0, 2, 4, 0, 0, 2, 0, 0]",up,512
336,4698,"[8, 128, 4, 2, 512, 64, 16, 4, 0, 4, 4, 0, 0, 0, 0, 2]",up,512
337,4698,"[8, 128, 4, 2, 512, 64, 16, 4, 2, 4, 4, 2, 0, 0, 0, 0]",up,512
338,4698,"[0, 2, 0, 0, 8, 128, 4, 2, 512, 64, 16, 4, 2, 4, 4, 2]",down,512
339,4706,"[2, 0, 0, 2, 8, 128, 4, 2, 512, 64, 16, 4, 2, 8, 2, 0]",left,512
340,4710,"[2, 128, 4, 4, 8, 64, 16, 4, 512, 8, 2, 4, 2, 0, 0, 0]",up,512
341,4718,"[2, 128, 8, 2, 8, 64, 16, 4, 512, 8, 2, 4, 2, 0, 0, 0]",left,512
342,4726,"[2, 128, 8, 2, 8, 64, 16, 8, 512, 8, 2, 0, 2, 0, 2, 0]",up,512
343,4730,"[2, 128, 8, 2, 8, 64, 16, 8, 0, 512, 8, 2, 0, 2, 0, 4]",right,512
344,4730,"[0, 128, 2, 2, 0, 64, 8, 8, 2, 512, 16, 2, 8, 2, 8, 4]",down,512
345,4730,"[2, 128, 2, 2, 8, 64, 8, 8, 0, 512, 16, 2, 2, 2, 8, 4]",up,512
346,4730,"[2, 128, 2, 2, 8, 64, 8, 8, 2, 512, 16, 2, 2, 2, 8, 4]",up,512
347,4734,"[2, 128, 2, 2, 8, 64, 8, 8, 4, 512, 16, 2, 2, 2, 8, 4]",up,512
348,4758,"[2, 128, 4, 0, 8, 64, 16, 0, 4, 512, 16, 2, 4, 8, 4, 2]",left,512
349,4802,"[2, 128, 4, 4, 8, 64, 32, 0, 8, 512, 4, 0, 0, 8, 0, 2]",up,512
350,4818,"[2, 128, 4, 4, 16, 64, 32, 2, 2, 512, 4, 0, 0, 8, 0, 0]",up,512
351,4818,"[2, 128, 0, 0, 2, 64, 4, 0, 16, 512, 32, 4, 2, 8, 4, 2]",down,512
352,4822,"[4, 128, 4, 4, 16, 64, 32, 2, 2, 512, 4, 2, 0, 8, 0, 0]",up,512
353,4826,"[4, 128, 4, 4, 16, 64, 32, 4, 2, 512, 4, 0, 2, 8, 0, 0]",up,512
354,4834,"[0, 4, 128, 8, 16, 64, 32, 4, 0, 2, 512, 4, 0, 2, 2, 8]",right,512
355,4846,"[16, 4, 128, 8, 0, 64, 32, 8, 0, 4, 512, 8, 0, 0, 2, 2]",up,512
356,4854,"[0, 2, 128, 0, 0, 4, 32, 8, 0, 64, 512, 16, 16, 4, 2, 2]",down,512
357,4858,"[2, 128, 0, 2, 4, 32, 8, 0, 64, 512, 16, 0, 16, 4, 4, 0]",left,512
358,4858,"[2, 128, 8, 2, 4, 32, 16, 0, 64, 512, 4, 0, 16, 4, 2, 0]",up,512
359,4858,"[2, 128, 8, 2, 4, 32, 16, 0, 64, 512, 4, 0, 16, 4, 2, 2]",down,512
360,4860,"[2, 128, 8, 0, 4, 32, 16, 0, 64, 512, 4, 2, 16, 4, 2, 4]",down,512
361,4860,"[2, 128, 8, 2, 4, 32, 16, 4, 64, 512, 4, 0, 16, 4, 2, 2]",up,512
362,4864,"[2, 128, 8, 2, 4, 32, 16, 4, 64, 512, 4, 2, 16, 4, 4, 0]",left,512
363,4872,"[2, 128, 8, 2, 4, 32, 16, 4, 64, 512, 8, 2, 16, 4, 0, 2]",up,512
364,4876,"[2, 128, 8, 2, 4, 32, 16, 4, 64, 512, 8, 4, 16, 4, 0, 2]",up,512
365,4876,"[2, 128, 8, 2, 4, 32, 16, 4, 64, 512, 8, 4, 2, 16, 4, 2]",right,512
366,4880,"[2, 128, 8, 2, 4, 32, 16, 2, 64, 512, 8, 8, 2, 16, 4, 2]",down,512
367,4896,"[2, 128, 8, 2, 4, 32, 16, 2, 64, 512, 16, 2, 2, 16, 4, 2]",left,512
368,4936,"[2, 128, 8, 4, 4, 32, 32, 4, 64, 512, 4, 0, 2, 16, 0, 2]",up,512
369,4944,"[2, 128, 8, 8, 4, 32, 32, 2, 64, 512, 4, 0, 2, 16, 0, 2]",up,512
370,4948,"[2, 128, 8, 8, 4, 32, 32, 4, 64, 512, 4, 0, 2, 16, 4, 0]",up,512
371,4956,"[2, 128, 8, 8, 4, 32, 32, 4, 64, 512, 8, 0, 2, 16, 0, 2]",up,512
372,4956,"[2, 128, 8, 8, 4, 32, 32, 4, 64, 512, 8, 2, 2, 16, 4, 0]",up,512
373,4956,"[2, 128, 8, 2, 4, 32, 32, 8, 64, 512, 8, 4, 2, 16, 4, 2]",down,512
374,5020,"[2, 128, 8, 2, 4, 64, 8, 2, 64, 512, 8, 4, 2, 16, 4, 2]",left,512
375,5030,"[2, 128, 0, 2, 4, 64, 8, 4, 64, 512, 16, 4, 2, 16, 4, 2]",down,512
376,5030,"[2, 2, 128, 2, 4, 64, 8, 4, 64, 512, 16, 4, 2, 16, 4, 2]",right,512
377,5034,"[4, 4, 128, 2, 4, 64, 8, 4, 64, 512, 16, 4, 2, 16, 4, 2]",right,512
378,5050,"[8, 4, 128, 2, 64, 64, 8, 8, 2, 512, 16, 2, 4, 16, 4, 0]",up,512
379,5194,"[8, 4, 128, 2, 128, 16, 0, 2, 2, 512, 16, 2, 4, 16, 4, 0]",left,512
380,5194,"[8, 4, 128, 2, 2, 128, 16, 2, 2, 512, 16, 2, 0, 4, 16, 4]",right,512
381,5214,"[0, 4, 2, 0, 0, 128, 128, 2, 8, 512, 16, 4, 4, 4, 32, 4]",down,512
382,5478,"[4, 2, 0, 0, 256, 2, 2, 0, 8, 512, 16, 4, 8, 32, 4, 0]",left,512
383,5498,"[4, 4, 2, 4, 256, 512, 16, 0, 16, 32, 4, 0, 0, 2, 0, 0]",up,512
384,5498,"[2, 4, 0, 0, 4, 512, 2, 0, 256, 32, 16, 0, 16, 2, 4, 4]",down,512
385,5498,"[2, 4, 2, 4, 4, 512, 16, 0, 256, 32, 4, 0, 16, 2, 2, 0]",up,512
386,5502,"[2, 4, 2, 4, 4, 512, 16, 2, 256, 32, 4, 0, 16, 4, 0, 0]",left,512
387,5502,"[2, 4, 0, 2, 4, 512, 2, 0, 256, 32, 16, 4, 16, 4, 4, 2]",down,512
388,5502,"[2, 4, 0, 2, 4, 512, 2, 2, 256, 32, 16, 4, 16, 4, 4, 2]",down,512
389,5506,"[2, 4, 2, 4, 4, 512, 16, 4, 256, 32, 4, 2, 16, 4, 2, 0]",up,512
390,5510,"[2, 4, 2, 4, 4, 512, 16, 0, 256, 32, 4, 8, 16, 4, 2, 2]",down,512
391,5514,"[2, 4, 2, 4, 4, 512, 16, 2, 256, 32, 4, 8, 16, 4, 4, 0]",left,512
392,5522,"[2, 4, 2, 4, 4, 512, 16, 2, 256, 32, 8, 8, 16, 4, 2, 0]",up,512
393,5538,"[2, 4, 2, 4, 4, 512, 16, 2, 256, 32, 16, 0, 16, 4, 2, 2]",left,512
394,5574,"[2, 4, 2, 4, 4, 512, 32, 4, 256, 32, 2, 0, 16, 4, 0, 2]",up,512
395,5582,"[2, 4, 2, 8, 4, 512, 32, 2, 256, 32, 2, 4, 16, 4, 0, 0]",up,512
396,5582,"[2, 4, 2, 0, 4, 512, 2, 8, 256, 32, 32, 2, 16, 4, 2, 4]",down,512
397,5646,"[2, 4, 2, 2, 4, 512, 2, 8, 256, 64, 2, 0, 16, 4, 2, 4]",left,512
398,5650,"[2, 4, 2, 0, 4, 512, 0, 2, 256, 64, 4, 8, 16, 4, 4, 4]",down,512
399,5658,"[0, 2, 4, 2, 2, 4, 512, 2, 256, 64, 4, 8, 0, 16, 4, 8]",right,512
400,5686,"[2, 2, 4, 4, 256, 4, 512, 16, 0, 64, 8, 2, 0, 16, 0, 0]",up,512
401,5698,"[0, 2, 4, 8, 256, 4, 512, 16, 0, 64, 8, 2, 0, 0, 0, 16]",right,512
402,5698,"[2, 4, 8, 0, 256, 4, 512, 16, 64, 8, 2, 0, 16, 0, 2, 0]",left,512
403,5710,"[2, 8, 8, 16, 256, 8, 512, 0, 64, 0, 4, 0, 16, 0, 2, 0]",up,512
404,5726,"[2, 16, 8, 16, 256, 0, 512, 2, 64, 0, 4, 0, 16, 0, 2, 0]",up,512
405,5726,"[2, 0, 8, 0, 256, 2, 512, 0, 64, 0, 4, 16, 16, 16, 2, 2]",down,512
406,5762,"[2, 8, 0, 0, 256, 2, 512, 0, 64, 4, 16, 4, 32, 4, 0, 0]",left,512
407,5762,"[2, 0, 2, 8, 0, 256, 2, 512, 64, 4, 16, 4, 0, 0, 32, 4]",right,512
408,5774,"[2, 256, 4, 8, 64, 4, 16, 512, 2, 0, 32, 8, 0, 0, 0, 0]",up,512
409,5774,"[2, 0, 0, 0, 2, 0, 4, 8, 64, 256, 16, 512, 2, 4, 32, 8]",down,512
410,5776,"[0, 0, 0, 2, 4, 0, 4, 8, 64, 256, 16, 512, 2, 4, 32, 8]",down,512
411,5784,"[2, 0, 0, 0, 8, 8, 4, 0, 64, 256, 16, 512, 2, 4, 32, 8]",left,512
412,5800,"[2, 0, 0, 2, 16, 4, 0, 0, 64, 256, 16, 512, 2, 4, 32, 8]",left,512
413,5804,"[4, 0, 0, 0, 16, 4, 2, 0, 64, 256, 16, 512, 2, 4, 32, 8]",left,512
414,5804,"[4, 4, 2, 512, 16, 256, 16, 8, 64, 4, 32, 0, 2, 2, 0, 0]",up,512
415,5804,"[4, 4, 2, 0, 16, 256, 2, 0, 64, 4, 16, 512, 2, 2, 32, 8]",down,512
416,5816,"[0, 2, 8, 2, 0, 16, 256, 2, 64, 4, 16, 512, 0, 4, 32, 8]",right,512
417,5822,"[4, 0, 8, 0, 0, 2, 256, 4, 0, 16, 16, 512, 64, 8, 32, 8]",down,512
418,5854,"[0, 0, 4, 8, 0, 2, 256, 4, 2, 0, 32, 512, 64, 8, 32, 8]",right,512
419,5918,"[2, 2, 4, 8, 64, 8, 256, 4, 0, 2, 64, 512, 0, 0, 0, 8]",up,512
420,5918,"[0, 0, 0, 8, 2, 2, 4, 4, 2, 8, 256, 512, 64, 2, 64, 8]",down,512
421,5920,"[2, 0, 0, 8, 0, 2, 4, 4, 4, 8, 256, 512, 64, 2, 64, 8]",down,512
422,5928,"[2, 8, 2, 0, 2, 8, 0, 0, 4, 8, 256, 512, 64, 2, 64, 8]",left,512
423,5938,"[0, 2, 0, 0, 4, 8, 2, 0, 4, 16, 256, 512, 64, 2, 64, 8]",down,512
424,5946,"[8, 2, 2, 512, 64, 8, 256, 8, 0, 16, 64, 0, 2, 2, 0, 0]",up,512
425,5954,"[0, 8, 4, 512, 64, 8, 256, 8, 0, 0, 16, 64, 2, 0, 0, 4]",right,512
426,5970,"[64, 16, 4, 512, 2, 0, 256, 8, 2, 0, 16, 64, 0, 0, 0, 4]",up,512
427,5974,"[64, 16, 4, 512, 4, 0, 256, 8, 0, 0, 16, 64, 2, 0, 0, 4]",up,512
428,5974,"[64, 16, 4, 512, 4, 0, 256, 8, 2, 0, 16, 64, 2, 0, 0, 4]",up,512
429,5978,"[64, 16, 4, 512, 4, 0, 256, 8, 4, 0, 16, 64, 0, 2, 0, 4]",up,512
430,5978,"[64, 16, 4, 512, 0, 4, 256, 8, 0, 4, 16, 64, 2, 0, 2, 4]",right,512
431,5982,"[64, 16, 4, 512, 0, 4, 256, 8, 0, 4, 16, 64, 2, 0, 4, 4]",right,512
432,5986,"[0, 2, 4, 512, 0, 0, 256, 8, 64, 16, 16, 64, 2, 8, 4, 4]",down,512
433,5986,"[64, 2, 4, 512, 2, 16, 256, 8, 0, 8, 16, 64, 0, 4, 4, 4]",up,512
434,5994,"[64, 2, 4, 512, 2, 16, 256, 8, 8, 16, 64, 2, 8, 4, 0, 0]",left,512
435,6042,"[64, 2, 4, 512, 2, 32, 256, 8, 16, 4, 64, 2, 0, 0, 0, 4]",up,512
436,6042,"[64, 2, 4, 512, 2, 32, 256, 8, 16, 4, 64, 2, 4, 0, 0, 2]",left,512
437,6044,"[64, 0, 0, 2, 2, 2, 4, 512, 16, 32, 256, 8, 4, 4, 64, 4]",down,512
438,6044,"[64, 2, 4, 2, 2, 32, 256, 512, 16, 4, 64, 8, 4, 2, 0, 4]",up,512
439,6044,"[64, 2, 4, 2, 2, 32, 256, 512, 16, 4, 64, 8, 4, 2, 4, 2]",left,512
1,0,"[4, 0, 0, 0, 0, 0, 0, 0, 0, 0, 0, 0, 0, 0, 2, 0]",up,4
2,0,"[4, 0, 2, 0, 0, 0, 2, 0, 0, 0, 0, 0, 0, 0, 0, 0]",up,4
3,4,"[4, 0, 4, 0, 0, 0, 0, 0, 0, 2, 0, 0, 0, 0, 0, 0]",up,4
4,12,"[8, 0, 0, 0, 0, 0, 0, 0, 2, 2, 0, 0, 0, 0, 0, 0]",left,8
5,12,"[8, 2, 0, 0, 2, 0, 0, 0, 0, 0, 0, 0, 0, 0, 0, 2]",up,8
6,12,"[8, 2, 0, 2, 2, 2, 0, 0, 0, 0, 0, 0, 0, 0, 0, 0]",up,8
7,20,"[2, 0, 8, 4, 0, 0, 0, 4, 0, 0, 0, 0, 0, 0, 0, 0]",right,8
8,28,"[2, 0, 8, 8, 0, 0, 0, 0, 0, 4, 0, 0, 0, 0, 0, 0]",up,8
9,28,"[2, 4, 8, 8, 2, 0, 0, 0, 0, 0, 0, 0, 0, 0, 0, 0]",up,8
10,32,"[4, 4, 8, 8, 0, 0, 0, 0, 2, 0, 0, 0, 0, 0, 0, 0]",up,8
11,32,"[4, 4, 8, 8, 2, 0, 0, 0, 0, 0, 0, 0, 0, 0, 2, 0]",up,8
12,32,"[4, 4, 8, 8, 2, 0, 2, 0, 0, 0, 0, 2, 0, 0, 0, 0]",up,8
13,32,"[4, 4, 8, 8, 2, 2, 2, 2, 0, 0, 0, 0, 0, 0, 0, 0]",up,8
14,64,"[8, 16, 0, 0, 4, 4, 0, 0, 0, 0, 0, 0, 0, 0, 2, 0]",left,16
15,72,"[8, 16, 2, 0, 8, 0, 0, 0, 0, 0, 0, 0, 2, 0, 0, 0]",left,16
16,88,"[16, 16, 2, 0, 2, 0, 0, 0, 0, 0, 0, 0, 0, 0, 2, 0]",up,16
17,92,"[16, 16, 4, 0, 2, 0, 0, 0, 0, 0, 2, 0, 0, 0, 0, 0]",up,16
18,92,"[16, 16, 4, 0, 2, 0, 2, 0, 0, 0, 0, 0, 0, 2, 0, 0]",up,16
19,92,"[16, 16, 4, 0, 2, 2, 2, 0, 0, 0, 0, 0, 0, 2, 0, 0]",up,16
20,128,"[32, 4, 0, 0, 4, 2, 0, 0, 0, 0, 0, 0, 2, 2, 0, 0]",left,32
21,132,"[32, 4, 0, 0, 4, 4, 0, 0, 2, 0, 2, 0, 0, 0, 0, 0]",up,32
22,144,"[32, 4, 0, 0, 8, 0, 0, 0, 4, 0, 0, 0, 0, 0, 2, 0]",left,32
23,144,"[0, 0, 0, 0, 32, 0, 0, 0, 8, 2, 0, 0, 4, 4, 2, 0]",down,32
24,152,"[2, 0, 0, 0, 32, 0, 0, 0, 8, 2, 0, 0, 8, 2, 0, 0]",left,32
25,172,"[2, 4, 0, 0, 32, 0, 0, 0, 16, 0, 0, 0, 2, 0, 0, 0]",up,32
26,172,"[0, 0, 2, 4, 2, 0, 0, 32, 0, 0, 0, 16, 0, 0, 0, 2]",right,32
27,172,"[2, 0, 2, 4, 2, 0, 0, 32, 0, 0, 0, 16, 0, 0, 0, 2]",up,32
28,174,"[0, 0, 0, 4, 0, 0, 0, 32, 0, 0, 2, 16, 4, 0, 2, 2]",down,32
29,178,"[4, 0, 4, 4, 0, 0, 0, 32, 0, 0, 0, 16, 0, 2, 0, 2]",up,32
30,190,"[8, 4, 0, 0, 32, 0, 0, 2, 16, 0, 0, 0, 4, 0, 0, 0]",left,32
31,190,"[8, 4, 0, 2, 32, 0, 0, 0, 16, 0, 0, 0, 4, 0, 0, 2]",up,32
32,194,"[8, 4, 0, 4, 32, 0, 0, 0, 16, 0, 0, 0, 4, 0, 2, 0]",up,32
33,202,"[8, 8, 0, 0, 32, 0, 0, 0, 16, 0, 0, 0, 4, 2, 0, 2]",left,32
34,222,"[16, 0, 0, 0, 32, 0, 0, 0, 16, 0, 2, 0, 4, 4, 0, 0]",left,32
35,230,"[0, 0, 0, 16, 0, 0, 0, 32, 2, 0, 16, 2, 0, 0, 0, 8]",right,32
36,230,"[2, 0, 16, 16, 0, 2, 0, 32, 0, 0, 0, 2, 0, 0, 0, 8]",up,32
37,230,"[2, 2, 16, 16, 0, 0, 0, 32, 0, 0, 0, 2, 0, 0, 2, 8]",up,32
38,230,"[2, 2, 16, 16, 0, 2, 2, 32, 0, 0, 0, 2, 0, 0, 0, 8]",up,32
39,270,"[0, 0, 4, 32, 0, 0, 4, 32, 0, 0, 0, 2, 0, 2, 0, 8]",right,32
40,306,"[0, 0, 2, 0, 0, 0, 0, 64, 0, 0, 0, 2, 0, 2, 8, 8]",down,64
41,306,"[0, 2, 2, 64, 0, 0, 8, 2, 0, 0, 0, 8, 2, 0, 0, 0]",up,64
42,306,"[0, 0, 0, 0, 0, 0, 0, 64, 2, 0, 2, 2, 2, 2, 8, 8]",down,64
43,308,"[0, 0, 0, 0, 0, 0, 0, 64, 2, 0, 2, 2, 4, 2, 8, 8]",down,64
44,328,"[0, 0, 0, 0, 64, 4, 0, 0, 4, 2, 0, 0, 4, 2, 16, 0]",left,64
45,340,"[64, 4, 16, 0, 8, 4, 0, 0, 0, 0, 0, 0, 0, 0, 4, 0]",up,64
46,348,"[64, 8, 16, 0, 8, 0, 4, 0, 0, 0, 0, 2, 0, 0, 0, 0]",up,64
47,348,"[0, 64, 8, 16, 0, 2, 8, 4, 0, 0, 0, 2, 0, 0, 0, 0]",right,64
48,348,"[64, 8, 16, 0, 2, 8, 4, 0, 2, 0, 2, 0, 0, 0, 0, 0]",left,64
49,368,"[64, 16, 16, 0, 4, 0, 4, 0, 2, 0, 2, 0, 0, 0, 0, 0]",up,64
50,368,"[0, 0, 0, 0, 64, 0, 16, 0, 4, 0, 4, 0, 2, 16, 2, 2]",down,64
51,368,"[64, 16, 16, 2, 4, 0, 4, 0, 2, 0, 2, 0, 0, 0, 2, 0]",up,64
52,372,"[64, 16, 16, 2, 4, 0, 4, 0, 2, 0, 4, 0, 0, 4, 0, 0]",up,64
53,380,"[64, 16, 16, 2, 4, 4, 8, 0, 2, 0, 0, 0, 0, 2, 0, 0]",up,64
54,380,"[64, 16, 16, 2, 4, 4, 8, 0, 2, 2, 0, 2, 0, 0, 0, 0]",up,64
55,384,"[64, 16, 16, 4, 4, 4, 8, 0, 2, 2, 0, 0, 0, 2, 0, 0]",up,64
56,388,"[64, 16, 16, 4, 4, 4, 8, 0, 2, 4, 0, 0, 2, 0, 0, 0]",up,64
57,400,"[64, 16, 16, 4, 4, 8, 8, 0, 4, 0, 2, 0, 0, 0, 0, 0]",up,64
58,408,"[64, 16, 16, 4, 8, 8, 8, 0, 0, 0, 2, 2, 0, 0, 0, 0]",up,64
59,408,"[64, 16, 16, 4, 8, 8, 8, 2, 2, 0, 2, 0, 0, 0, 0, 0]",up,64
60,408,"[0, 0, 4, 0, 64, 0, 16, 0, 8, 16, 8, 4, 2, 8, 2, 2]",down,64
61,408,"[64, 16, 4, 4, 8, 8, 16, 2, 2, 0, 8, 0, 0, 0, 2, 2]",up,64
62,412,"[64, 16, 4, 4, 8, 8, 16, 4, 2, 0, 8, 0, 0, 0, 2, 2]",up,64
63,420,"[64, 16, 4, 8, 8, 8, 16, 2, 2, 0, 8, 0, 0, 2, 2, 0]",up,64
64,420,"[0, 0, 4, 0, 64, 16, 16, 2, 8, 8, 8, 8, 2, 2, 2, 2]",down,64
65,492,"[4, 2, 0, 0, 64, 32, 2, 0, 16, 16, 0, 0, 4, 4, 0, 0]",left,64
66,532,"[0, 0, 4, 2, 0, 64, 32, 2, 0, 0, 0, 32, 0, 0, 4, 8]",right,64
67,536,"[0, 64, 4, 4, 0, 0, 32, 32, 0, 0, 4, 8, 2, 0, 0, 0]",up,64
68,608,"[64, 8, 0, 0, 64, 0, 0, 0, 4, 8, 0, 0, 2, 0, 0, 2]",left,64
69,612,"[64, 8, 0, 0, 64, 0, 2, 0, 4, 8, 0, 0, 4, 0, 0, 0]",left,64
70,764,"[128, 16, 2, 0, 8, 0, 0, 0, 0, 0, 0, 0, 4, 0, 0, 0]",up,128
71,764,"[128, 16, 2, 0, 8, 0, 2, 0, 4, 0, 0, 0, 0, 0, 0, 0]",up,128
72,764,"[0, 128, 16, 2, 0, 0, 8, 2, 0, 0, 0, 4, 0, 0, 2, 0]",right,128
73,766,"[2, 0, 0, 0, 0, 0, 16, 0, 0, 0, 8, 4, 0, 128, 2, 4]",down,128
74,774,"[2, 128, 16, 8, 0, 2, 8, 0, 0, 0, 2, 0, 0, 0, 0, 0]",up,128
75,774,"[2, 128, 16, 8, 0, 0, 2, 8, 0, 0, 0, 2, 0, 0, 2, 0]",right,128
76,794,"[2, 128, 16, 16, 0, 0, 4, 2, 0, 0, 2, 0, 0, 0, 0, 0]",up,128
77,826,"[0, 2, 128, 32, 0, 0, 4, 2, 0, 2, 0, 2, 0, 0, 0, 0]",right,128
78,834,"[0, 4, 128, 32, 0, 0, 4, 4, 0, 0, 0, 0, 0, 0, 2, 0]",up,128
79,834,"[0, 4, 128, 32, 0, 0, 4, 4, 0, 0, 2, 2, 0, 0, 0, 0]",up,128
80,834,"[0, 2, 0, 0, 0, 0, 128, 32, 0, 0, 4, 4, 0, 4, 2, 2]",down,128
81,846,"[2, 0, 0, 2, 128, 32, 0, 0, 8, 0, 0, 0, 4, 4, 0, 0]",left,128
82,858,"[4, 0, 0, 0, 128, 32, 0, 0, 8, 0, 0, 0, 8, 2, 0, 0]",left,128
83,874,"[4, 32, 0, 0, 128, 2, 0, 0, 16, 0, 0, 0, 0, 0, 0, 2]",up,128
84,874,"[4, 32, 0, 2, 128, 2, 0, 0, 16, 0, 2, 0, 0, 0, 0, 0]",up,128
85,874,"[4, 32, 2, 2, 128, 2, 0, 0, 16, 0, 0, 0, 2, 0, 0, 0]",up,128
86,874,"[4, 0, 0, 0, 128, 0, 0, 0, 16, 32, 0, 2, 2, 2, 2, 2]",down,128
87,876,"[4, 2, 0, 0, 128, 0, 0, 0, 16, 32, 0, 0, 2, 2, 2, 4]",down,128
88,876,"[4, 2, 2, 4, 128, 32, 0, 0, 16, 2, 0, 2, 2, 0, 0, 0]",up,128
89,876,"[4, 0, 0, 0, 128, 2, 2, 0, 16, 32, 0, 4, 2, 2, 2, 2]",down,128
90,888,"[0, 0, 0, 4, 0, 2, 128, 4, 0, 16, 32, 4, 0, 0, 4, 4]",right,128
91,904,"[0, 2, 128, 8, 0, 16, 32, 8, 0, 0, 4, 2, 0, 0, 0, 0]",up,128
92,920,"[0, 2, 128, 16, 0, 16, 32, 2, 0, 4, 4, 0, 0, 0, 0, 0]",up,128
93,920,"[0, 0, 0, 0, 0, 2, 128, 0, 2, 16, 32, 16, 0, 4, 4, 2]",down,128
94,920,"[2, 2, 128, 16, 0, 16, 32, 2, 2, 4, 4, 0, 0, 0, 0, 0]",up,128
95,924,"[4, 2, 128, 16, 0, 16, 32, 2, 0, 4, 4, 0, 2, 0, 0, 0]",up,128
96,924,"[4, 2, 128, 16, 2, 16, 32, 2, 2, 4, 4, 0, 0, 0, 0, 0]",up,128
97,928,"[4, 2, 128, 16, 4, 16, 32, 2, 0, 4, 4, 0, 0, 2, 0, 0]",up,128
98,936,"[4, 2, 128, 16, 4, 16, 32, 2, 8, 0, 0, 0, 2, 0, 0, 2]",left,128
99,948,"[8, 2, 128, 16, 8, 16, 32, 4, 2, 0, 0, 0, 0, 2, 0, 0]",up,128
100,964,"[16, 2, 128, 16, 2, 16, 32, 4, 0, 2, 0, 0, 0, 0, 2, 0]",up,128
101,964,"[0, 0, 0, 2, 0, 2, 128, 0, 16, 16, 32, 16, 2, 2, 2, 4]",down,128
102,1000,"[0, 0, 0, 2, 0, 2, 2, 128, 0, 32, 32, 16, 0, 2, 4, 4]",right,128
103,1000,"[0, 2, 2, 2, 0, 32, 32, 128, 0, 2, 4, 16, 4, 0, 0, 4]",up,128
104,1076,"[0, 0, 2, 4, 0, 0, 64, 128, 0, 2, 4, 16, 2, 0, 0, 8]",right,128
105,1076,"[2, 2, 2, 4, 2, 0, 64, 128, 0, 0, 4, 16, 0, 0, 0, 8]",up,128
106,1080,"[0, 2, 4, 4, 2, 2, 64, 128, 0, 0, 4, 16, 0, 0, 0, 8]",right,128
107,1092,"[2, 8, 2, 0, 4, 64, 128, 0, 4, 16, 0, 0, 8, 0, 0, 0]",left,128
108,1100,"[2, 8, 2, 0, 8, 64, 128, 2, 8, 16, 0, 0, 0, 0, 0, 0]",up,128
109,1116,"[2, 8, 2, 2, 16, 64, 128, 0, 0, 16, 0, 0, 2, 0, 0, 0]",up,128
110,1116,"[0, 0, 0, 0, 2, 8, 0, 2, 16, 64, 2, 0, 2, 16, 128, 2]",down,128
111,1116,"[0, 0, 0, 4, 0, 2, 8, 2, 0, 16, 64, 2, 2, 16, 128, 2]",right,128
112,1152,"[2, 2, 8, 4, 0, 32, 64, 4, 0, 2, 128, 2, 0, 0, 0, 0]",up,128
113,1160,"[2, 2, 8, 8, 2, 32, 64, 2, 0, 2, 128, 0, 0, 0, 0, 0]",up,128
114,1180,"[4, 16, 4, 0, 2, 32, 64, 2, 2, 128, 0, 0, 0, 0, 0, 0]",left,128
115,1184,"[4, 16, 4, 2, 4, 32, 64, 0, 0, 128, 0, 4, 0, 0, 0, 0]",up,128
116,1192,"[8, 16, 4, 2, 0, 32, 64, 4, 0, 128, 0, 0, 0, 0, 0, 2]",up,128
117,1192,"[8, 16, 4, 2, 0, 32, 64, 4, 0, 128, 0, 2, 0, 0, 0, 4]",up,128
118,1192,"[0, 0, 0, 2, 0, 16, 2, 4, 0, 32, 4, 2, 8, 128, 64, 4]",down,128
119,1192,"[8, 16, 2, 2, 0, 32, 4, 4, 0, 128, 64, 2, 0, 2, 0, 4]",up,128
120,1192,"[0, 16, 0, 2, 2, 32, 2, 4, 0, 128, 4, 2, 8, 2, 64, 4]",down,128
121,1192,"[16, 2, 4, 0, 2, 32, 2, 4, 128, 4, 2, 0, 8, 2, 64, 4]",left,128
122,1198,"[16, 2, 0, 0, 2, 32, 4, 0, 128, 4, 4, 4, 8, 2, 64, 8]",down,128
123,1206,"[16, 2, 0, 2, 2, 32, 4, 0, 128, 8, 4, 0, 8, 2, 64, 8]",left,128
124,1210,"[16, 4, 2, 0, 2, 32, 4, 0, 128, 8, 4, 0, 8, 2, 64, 8]",left,128
125,1218,"[16, 4, 2, 8, 2, 32, 8, 0, 128, 8, 64, 0, 8, 2, 2, 0]",up,128
126,1222,"[16, 4, 2, 8, 2, 32, 8, 0, 128, 8, 64, 0, 8, 4, 0, 2]",left,128
127,1222,"[16, 4, 2, 8, 2, 32, 8, 2, 128, 8, 64, 0, 8, 4, 4, 0]",up,128
128,1230,"[16, 4, 2, 8, 2, 32, 8, 2, 0, 128, 8, 64, 2, 0, 8, 8]",right,128
129,1240,"[2, 0, 0, 8, 0, 4, 2, 2, 16, 32, 8, 64, 4, 128, 16, 8]",down,128
130,1244,"[2, 8, 0, 2, 4, 4, 0, 0, 16, 32, 8, 64, 4, 128, 16, 8]",left,128
131,1244,"[2, 8, 8, 2, 4, 4, 16, 64, 16, 32, 0, 8, 4, 128, 0, 2]",up,128
132,1268,"[2, 16, 2, 0, 8, 16, 64, 0, 16, 32, 8, 2, 4, 128, 2, 0]",left,128
133,1284,"[2, 0, 2, 2, 8, 32, 64, 0, 16, 32, 8, 0, 4, 128, 2, 2]",down,128
134,1318,"[2, 2, 2, 0, 8, 0, 64, 0, 16, 64, 8, 0, 4, 128, 2, 4]",down,128
135,1318,"[2, 2, 2, 4, 8, 64, 64, 0, 16, 128, 8, 0, 4, 2, 2, 0]",up,128
136,1454,"[0, 2, 4, 4, 0, 0, 8, 128, 2, 16, 128, 8, 0, 0, 4, 4]",right,128
137,1454,"[0, 2, 4, 4, 0, 0, 8, 128, 0, 2, 128, 8, 2, 16, 4, 4]",down,128
138,1470,"[0, 0, 2, 8, 0, 0, 8, 128, 0, 2, 128, 8, 2, 2, 16, 8]",right,128
139,1490,"[2, 4, 2, 8, 2, 0, 8, 128, 0, 0, 128, 16, 0, 0, 16, 0]",up,128
140,1494,"[4, 4, 2, 8, 0, 2, 8, 128, 0, 0, 128, 16, 0, 0, 16, 0]",up,128
141,1494,"[0, 0, 2, 0, 0, 2, 8, 8, 0, 4, 128, 128, 4, 2, 16, 16]",down,128
142,1798,"[2, 0, 0, 0, 2, 16, 0, 2, 4, 256, 0, 0, 4, 2, 32, 0]",left,256
143,1810,"[4, 16, 32, 2, 8, 256, 0, 0, 0, 2, 0, 0, 0, 0, 0, 2]",up,256
144,1814,"[4, 16, 32, 4, 8, 256, 0, 0, 0, 2, 0, 0, 2, 0, 0, 0]",up,256
145,1814,"[4, 16, 32, 4, 8, 256, 0, 0, 2, 2, 0, 0, 0, 2, 0, 0]",up,256
146,1818,"[4, 16, 32, 4, 8, 256, 0, 0, 2, 4, 0, 0, 2, 0, 0, 0]",up,256
147,1822,"[4, 16, 32, 4, 8, 256, 0, 0, 4, 4, 0, 0, 0, 0, 0, 2]",up,256
148,1830,"[4, 16, 32, 4, 8, 256, 0, 2, 8, 0, 0, 0, 2, 0, 0, 0]",left,256
149,1838,"[2, 0, 0, 0, 4, 0, 0, 0, 16, 16, 0, 4, 2, 256, 32, 2]",down,256
150,1870,"[2, 0, 2, 0, 4, 0, 0, 0, 32, 4, 0, 0, 2, 256, 32, 2]",left,256
151,1874,"[4, 0, 0, 2, 4, 0, 0, 0, 32, 4, 0, 0, 2, 256, 32, 2]",left,256
152,1880,"[0, 0, 0, 0, 8, 0, 2, 0, 32, 4, 0, 0, 2, 256, 32, 4]",down,256
153,1880,"[0, 0, 0, 0, 8, 2, 0, 0, 32, 4, 2, 0, 2, 256, 32, 4]",left,256
154,1880,"[8, 2, 2, 4, 32, 4, 32, 0, 2, 256, 0, 0, 0, 2, 0, 0]",up,256
155,1884,"[8, 4, 4, 0, 32, 4, 32, 4, 2, 256, 0, 0, 2, 0, 0, 0]",left,256
156,1896,"[8, 8, 4, 4, 32, 256, 32, 0, 4, 2, 0, 0, 0, 0, 0, 0]",up,256
157,1896,"[0, 0, 2, 0, 8, 8, 0, 0, 32, 256, 4, 0, 4, 2, 32, 4]",down,256
158,1896,"[8, 8, 2, 4, 32, 256, 4, 0, 4, 2, 32, 0, 0, 0, 2, 0]",up,256
159,1896,"[2, 0, 2, 0, 8, 8, 4, 0, 32, 256, 32, 0, 4, 2, 2, 4]",down,256
160,1920,"[4, 0, 0, 2, 16, 4, 0, 0, 32, 256, 32, 0, 4, 4, 4, 0]",left,256
161,1920,"[4, 4, 32, 2, 16, 256, 4, 2, 32, 4, 0, 0, 4, 0, 0, 0]",up,256
162,1922,"[4, 4, 0, 0, 16, 4, 0, 0, 32, 256, 32, 0, 4, 4, 4, 4]",down,256
163,1926,"[4, 0, 0, 0, 16, 8, 0, 0, 32, 256, 32, 2, 4, 4, 4, 4]",down,256
164,1942,"[4, 2, 0, 0, 16, 8, 0, 0, 32, 256, 32, 2, 8, 8, 0, 0]",left,256
165,1942,"[4, 2, 2, 0, 16, 8, 0, 0, 32, 256, 0, 0, 8, 8, 32, 2]",down,256
166,1962,"[4, 4, 0, 2, 16, 8, 0, 0, 32, 256, 0, 0, 16, 32, 2, 0]",left,256
167,1962,"[4, 4, 0, 0, 16, 8, 0, 0, 32, 256, 2, 0, 16, 32, 2, 2]",down,256
168,1974,"[8, 0, 2, 0, 16, 8, 0, 0, 32, 256, 2, 0, 16, 32, 4, 0]",left,256
169,1978,"[8, 8, 4, 0, 16, 256, 4, 0, 32, 32, 0, 2, 16, 0, 0, 0]",up,256
170,1986,"[8, 8, 8, 2, 16, 256, 0, 0, 32, 32, 0, 0, 16, 0, 2, 0]",up,256
171,1986,"[8, 8, 8, 2, 16, 256, 2, 0, 32, 32, 2, 0, 16, 0, 0, 0]",up,256
172,1990,"[8, 8, 8, 2, 16, 256, 4, 0, 32, 32, 0, 0, 16, 2, 0, 0]",up,256
173,1990,"[8, 8, 0, 0, 16, 256, 0, 0, 32, 32, 8, 2, 16, 2, 4, 2]",down,256
174,1994,"[8, 8, 8, 4, 16, 256, 4, 0, 32, 32, 0, 0, 16, 2, 0, 2]",up,256
175,2078,"[16, 8, 4, 0, 16, 256, 4, 0, 64, 0, 0, 0, 16, 4, 2, 0]",left,256
176,2118,"[32, 8, 8, 0, 64, 256, 2, 0, 16, 4, 0, 0, 0, 2, 0, 0]",up,256
177,2118,"[0, 8, 2, 0, 32, 256, 0, 0, 64, 4, 8, 0, 16, 2, 2, 0]",down,256
178,2122,"[8, 2, 2, 0, 32, 256, 0, 0, 64, 4, 8, 0, 16, 4, 0, 0]",left,256
179,2130,"[8, 2, 2, 2, 32, 256, 8, 0, 64, 8, 0, 0, 16, 0, 0, 0]",up,256
180,2134,"[8, 4, 2, 0, 32, 256, 8, 0, 64, 8, 0, 0, 16, 0, 4, 0]",left,256
181,2134,"[8, 4, 2, 0, 32, 256, 8, 0, 64, 8, 2, 0, 16, 4, 0, 0]",left,256
182,2134,"[8, 4, 0, 0, 32, 256, 2, 0, 64, 8, 8, 2, 16, 4, 2, 0]",down,256
183,2150,"[0, 0, 8, 4, 0, 32, 256, 2, 2, 64, 16, 2, 0, 16, 4, 2]",right,256
184,2154,"[2, 32, 8, 4, 2, 64, 256, 4, 0, 16, 16, 2, 0, 0, 4, 0]",up,256
185,2166,"[4, 32, 8, 8, 0, 64, 256, 2, 0, 16, 16, 0, 0, 2, 4, 0]",up,256
186,2166,"[2, 32, 8, 0, 0, 64, 256, 0, 0, 16, 16, 8, 4, 2, 4, 2]",down,256
187,2166,"[2, 32, 8, 8, 4, 64, 256, 2, 0, 16, 16, 4, 0, 2, 4, 0]",up,256
188,2166,"[0, 32, 8, 0, 2, 64, 256, 8, 2, 16, 16, 2, 4, 2, 4, 4]",down,256
189,2206,"[32, 8, 0, 0, 2, 64, 256, 8, 2, 32, 2, 2, 4, 2, 8, 0]",left,256
190,2208,"[0, 8, 2, 0, 32, 64, 256, 0, 4, 32, 2, 8, 4, 2, 8, 2]",down,256
191,2212,"[0, 8, 2, 2, 0, 64, 256, 0, 32, 32, 2, 8, 8, 2, 8, 2]",down,256
192,2280,"[8, 4, 0, 2, 64, 256, 0, 0, 64, 2, 8, 0, 8, 2, 8, 2]",left,256
193,2432,"[8, 4, 16, 4, 128, 256, 0, 0, 8, 4, 0, 0, 0, 2, 0, 0]",up,256
194,2432,"[0, 4, 0, 0, 8, 256, 0, 0, 128, 4, 0, 2, 8, 2, 16, 4]",down,256
195,2432,"[8, 4, 16, 2, 128, 256, 2, 4, 8, 4, 0, 0, 0, 2, 0, 0]",up,256
196,2432,"[4, 4, 0, 0, 8, 256, 0, 0, 128, 4, 16, 2, 8, 2, 2, 4]",down,256
197,2444,"[8, 0, 0, 0, 8, 256, 0, 0, 128, 4, 16, 2, 8, 4, 4, 2]",left,256
198,2458,"[0, 0, 0, 2, 16, 0, 0, 0, 128, 256, 16, 0, 8, 8, 4, 4]",down,256
199,2458,"[0, 0, 2, 0, 16, 0, 0, 0, 128, 256, 16, 2, 8, 8, 4, 4]",down,256
200,2458,"[0, 0, 2, 0, 16, 0, 2, 0, 128, 256, 16, 2, 8, 8, 4, 4]",down,256
201,2460,"[0, 0, 4, 0, 16, 0, 4, 0, 128, 256, 16, 2, 8, 8, 4, 4]",down,256
202,2464,"[0, 0, 2, 0, 16, 0, 8, 0, 128, 256, 16, 2, 8, 8, 4, 4]",down,256
203,2464,"[16, 256, 2, 2, 128, 8, 8, 4, 8, 0, 16, 0, 2, 0, 4, 0]",up,256
204,2484,"[16, 256, 4, 0, 128, 16, 4, 0, 8, 16, 0, 0, 2, 4, 4, 0]",left,256
205,2504,"[16, 0, 0, 0, 128, 256, 0, 4, 8, 32, 4, 0, 2, 4, 8, 0]",down,256
206,2504,"[2, 0, 0, 16, 0, 128, 256, 4, 0, 8, 32, 4, 0, 2, 4, 8]",right,256
207,2508,"[0, 2, 0, 0, 0, 128, 256, 16, 0, 8, 32, 8, 2, 2, 4, 8]",down,256
208,2524,"[2, 2, 256, 16, 0, 128, 32, 16, 2, 8, 4, 0, 0, 2, 0, 0]",up,256
209,2528,"[4, 256, 16, 2, 128, 32, 16, 0, 2, 8, 4, 0, 2, 0, 0, 0]",left,256
210,2564,"[4, 256, 32, 2, 128, 32, 4, 0, 4, 8, 0, 0, 0, 2, 0, 0]",up,256
211,2564,"[4, 256, 32, 2, 0, 128, 32, 4, 0, 0, 4, 8, 0, 0, 2, 2]",right,256
212,2628,"[4, 256, 64, 2, 2, 128, 4, 4, 0, 0, 2, 8, 0, 0, 0, 2]",up,256
213,2636,"[4, 256, 64, 2, 2, 128, 8, 0, 2, 8, 0, 2, 2, 0, 0, 0]",left,256
214,2644,"[4, 256, 64, 4, 4, 128, 8, 0, 2, 8, 0, 0, 2, 0, 0, 0]",up,256
215,2656,"[8, 256, 64, 4, 4, 128, 8, 0, 0, 8, 2, 0, 0, 0, 0, 0]",up,256
216,2656,"[0, 0, 0, 0, 2, 256, 64, 0, 8, 128, 8, 0, 4, 8, 2, 4]",down,256
217,2656,"[2, 0, 0, 0, 0, 2, 256, 64, 0, 8, 128, 8, 4, 8, 2, 4]",right,256
218,2672,"[2, 2, 256, 64, 4, 16, 128, 8, 0, 0, 2, 4, 0, 0, 0, 2]",up,256
219,2672,"[0, 2, 0, 64, 0, 0, 256, 8, 2, 2, 128, 4, 4, 16, 2, 2]",down,256
220,2680,"[0, 2, 2, 64, 0, 0, 256, 8, 0, 4, 128, 4, 0, 4, 16, 4]",right,256
221,2696,"[0, 2, 2, 64, 0, 8, 256, 8, 2, 0, 128, 8, 0, 0, 16, 0]",up,256
222,2704,"[0, 0, 2, 0, 0, 0, 256, 2, 0, 2, 128, 64, 2, 8, 16, 16]",down,256
223,2704,"[2, 2, 2, 2, 0, 8, 256, 64, 0, 0, 128, 16, 0, 2, 16, 0]",up,256
224,2712,"[4, 4, 0, 2, 8, 256, 64, 0, 128, 16, 0, 0, 2, 16, 0, 0]",left,256
225,2744,"[4, 4, 64, 2, 8, 256, 0, 2, 128, 32, 0, 0, 2, 0, 0, 0]",up,256
226,2748,"[4, 4, 64, 4, 8, 256, 0, 0, 128, 32, 0, 0, 2, 0, 2, 0]",up,256
227,2760,"[8, 64, 4, 0, 8, 256, 0, 0, 128, 32, 0, 0, 4, 4, 0, 0]",left,256
228,2776,"[16, 64, 4, 0, 128, 256, 0, 0, 4, 32, 2, 0, 0, 4, 0, 0]",up,256
229,2776,"[16, 64, 4, 0, 128, 256, 2, 0, 4, 32, 2, 0, 0, 4, 0, 0]",up,256
230,2780,"[16, 64, 4, 0, 128, 256, 4, 0, 4, 32, 0, 0, 2, 4, 0, 0]",up,256
231,2784,"[16, 64, 2, 0, 128, 256, 0, 0, 4, 32, 0, 0, 2, 4, 8, 0]",down,256
232,2784,"[0, 16, 64, 2, 0, 2, 128, 256, 0, 0, 4, 32, 0, 2, 4, 8]",right,256
233,2796,"[0, 16, 64, 2, 0, 4, 128, 256, 0, 0, 8, 32, 0, 2, 0, 8]",up,256
234,2796,"[0, 16, 64, 2, 0, 4, 128, 256, 0, 2, 8, 32, 2, 0, 0, 8]",up,256
235,2796,"[0, 0, 2, 2, 0, 16, 64, 256, 0, 4, 128, 32, 2, 2, 8, 8]",down,256
236,2820,"[4, 0, 0, 0, 16, 64, 256, 2, 4, 128, 32, 0, 4, 16, 0, 0]",left,256
237,2824,"[0, 0, 0, 2, 4, 64, 0, 0, 16, 128, 256, 0, 8, 16, 32, 2]",down,256
238,2824,"[0, 0, 0, 2, 2, 0, 4, 64, 0, 16, 128, 256, 8, 16, 32, 2]",right,256
239,2856,"[2, 32, 4, 2, 8, 0, 128, 64, 2, 0, 32, 256, 0, 0, 0, 2]",up,256
240,2856,"[0, 0, 0, 2, 2, 2, 4, 64, 8, 0, 128, 256, 2, 32, 32, 2]",down,256
241,2924,"[2, 0, 0, 0, 4, 4, 64, 0, 8, 128, 256, 0, 2, 64, 2, 2]",left,256
242,2924,"[2, 4, 64, 2, 4, 128, 256, 0, 8, 64, 2, 0, 2, 0, 0, 2]",up,256
243,2928,"[2, 4, 64, 4, 4, 128, 256, 2, 8, 64, 2, 0, 2, 0, 0, 0]",up,256
244,2928,"[2, 0, 4, 0, 4, 4, 64, 0, 8, 128, 256, 4, 2, 64, 2, 2]",down,256
245,2928,"[2, 4, 4, 4, 4, 128, 64, 2, 8, 64, 256, 2, 2, 0, 2, 0]",up,256
246,2932,"[2, 4, 4, 4, 4, 128, 64, 4, 8, 64, 256, 0, 2, 2, 2, 0]",up,256
247,2944,"[0, 2, 4, 8, 4, 128, 64, 4, 0, 8, 64, 256, 0, 4, 2, 4]",right,256
248,3008,"[0, 2, 0, 8, 0, 128, 4, 4, 2, 8, 128, 256, 4, 4, 2, 4]",down,256
249,3024,"[0, 0, 2, 8, 0, 0, 128, 8, 2, 8, 128, 256, 2, 8, 2, 4]",right,256
250,3170,"[0, 0, 0, 2, 0, 0, 2, 16, 0, 0, 256, 256, 4, 16, 2, 4]",down,256
251,3682,"[2, 2, 0, 0, 2, 16, 0, 0, 512, 0, 0, 0, 4, 16, 2, 4]",left,512
252,3718,"[4, 2, 2, 4, 512, 32, 0, 0, 4, 0, 0, 0, 0, 0, 0, 2]",up,512
253,3718,"[4, 2, 2, 4, 512, 32, 0, 2, 4, 0, 0, 0, 0, 0, 0, 2]",up,512
254,3722,"[4, 2, 2, 4, 512, 32, 0, 4, 4, 0, 0, 2, 0, 0, 0, 0]",up,512
255,3730,"[4, 2, 2, 8, 512, 32, 0, 2, 4, 0, 0, 0, 0, 0, 0, 2]",up,512
256,3734,"[4, 4, 8, 0, 512, 32, 2, 0, 4, 0, 2, 0, 2, 0, 0, 0]",left,512
257,3738,"[4, 4, 8, 0, 512, 32, 4, 0, 4, 0, 0, 0, 2, 2, 0, 0]",up,512
258,3750,"[8, 8, 0, 0, 512, 32, 4, 0, 4, 0, 2, 0, 4, 0, 0, 0]",left,512
259,3758,"[8, 8, 4, 2, 512, 32, 2, 0, 8, 0, 0, 0, 0, 0, 0, 0]",up,512
260,3774,"[16, 4, 2, 0, 512, 32, 2, 0, 8, 0, 0, 0, 0, 0, 0, 2]",left,512
261,3778,"[16, 4, 4, 2, 512, 32, 0, 0, 8, 2, 0, 0, 0, 0, 0, 0]",up,512
262,3786,"[16, 8, 2, 0, 512, 32, 0, 0, 8, 2, 2, 0, 0, 0, 0, 0]",left,512
263,3790,"[16, 8, 4, 0, 512, 32, 0, 0, 8, 2, 0, 2, 0, 0, 0, 0]",up,512
264,3794,"[16, 8, 4, 0, 512, 32, 0, 0, 8, 4, 0, 0, 0, 0, 0, 2]",left,512
265,3794,"[0, 0, 2, 0, 16, 8, 0, 0, 512, 32, 0, 0, 8, 4, 4, 2]",down,512
266,3794,"[0, 0, 0, 0, 16, 8, 2, 0, 512, 32, 2, 0, 8, 4, 4, 2]",down,512
267,3798,"[16, 8, 4, 2, 512, 32, 4, 0, 8, 4, 0, 0, 0, 0, 0, 2]",up,512
268,3810,"[16, 8, 8, 4, 512, 32, 0, 0, 8, 4, 0, 0, 0, 0, 2, 0]",up,512
269,3810,"[16, 8, 8, 4, 512, 32, 2, 0, 8, 4, 2, 0, 0, 0, 0, 0]",up,512
270,3826,"[16, 16, 4, 0, 512, 32, 2, 0, 8, 4, 2, 0, 2, 0, 0, 0]",left,512
271,3830,"[16, 16, 4, 0, 512, 32, 4, 0, 8, 4, 0, 0, 2, 2, 0, 0]",up,512
272,3866,"[0, 0, 32, 4, 0, 512, 32, 4, 0, 0, 8, 4, 0, 0, 2, 4]",right,512
273,3946,"[0, 512, 64, 8, 0, 0, 8, 8, 0, 0, 2, 2, 0, 0, 0, 0]",up,512
274,3962,"[0, 512, 64, 16, 0, 0, 8, 2, 0, 0, 2, 0, 0, 0, 2, 0]",up,512
275,3966,"[0, 512, 64, 16, 0, 0, 8, 2, 0, 0, 4, 0, 0, 0, 2, 0]",up,512
276,3966,"[0, 0, 64, 0, 0, 0, 8, 0, 0, 0, 4, 16, 2, 512, 2, 2]",down,512
277,3966,"[2, 512, 64, 16, 0, 0, 8, 2, 0, 0, 4, 2, 0, 0, 2, 0]",up,512
278,3970,"[2, 512, 64, 16, 0, 0, 8, 4, 0, 0, 4, 2, 0, 0, 2, 0]",up,512
279,3970,"[0, 4, 64, 0, 0, 0, 8, 16, 0, 0, 4, 4, 2, 512, 2, 2]",down,512
280,3982,"[4, 64, 0, 2, 8, 16, 0, 0, 8, 0, 0, 0, 2, 512, 4, 0]",left,512
281,3990,"[0, 0, 0, 2, 4, 64, 0, 0, 16, 16, 0, 0, 2, 512, 4, 2]",down,512
282,3994,"[4, 64, 4, 4, 16, 16, 0, 0, 2, 512, 0, 0, 0, 0, 2, 0]",up,512
283,4034,"[4, 64, 8, 0, 32, 0, 2, 0, 2, 512, 0, 0, 2, 0, 0, 0]",left,512
284,4038,"[4, 64, 8, 0, 32, 512, 2, 0, 4, 0, 0, 0, 0, 0, 2, 0]",up,512
285,4042,"[4, 64, 8, 0, 32, 512, 4, 0, 4, 0, 0, 0, 0, 0, 2, 0]",up,512
286,4042,"[0, 4, 64, 8, 2, 32, 512, 4, 0, 0, 0, 4, 0, 0, 0, 2]",right,512
287,4050,"[2, 4, 64, 8, 0, 32, 512, 8, 0, 0, 0, 2, 0, 0, 2, 0]",up,512
288,4066,"[2, 4, 64, 16, 0, 32, 512, 2, 0, 0, 2, 0, 2, 0, 0, 0]",up,512
289,4070,"[4, 4, 64, 16, 0, 32, 512, 2, 0, 0, 2, 2, 0, 0, 0, 0]",up,512
290,4074,"[4, 4, 64, 16, 2, 32, 512, 4, 0, 0, 2, 0, 0, 0, 0, 0]",up,512
291,4082,"[8, 64, 16, 0, 2, 32, 512, 4, 2, 0, 0, 0, 0, 0, 0, 4]",left,512
292,4082,"[8, 64, 16, 2, 2, 32, 512, 4, 2, 0, 0, 0, 4, 0, 0, 0]",left,512
293,4086,"[8, 64, 16, 2, 4, 32, 512, 4, 4, 0, 0, 0, 0, 0, 4, 0]",up,512
294,4094,"[8, 64, 16, 2, 8, 32, 512, 4, 0, 2, 4, 0, 0, 0, 0, 0]",up,512
295,4110,"[16, 64, 16, 2, 0, 32, 512, 4, 2, 2, 4, 0, 0, 0, 0, 0]",up,512
296,4110,"[16, 64, 16, 2, 2, 32, 512, 4, 0, 2, 4, 0, 2, 0, 0, 0]",up,512
297,4114,"[16, 64, 16, 2, 4, 32, 512, 4, 0, 2, 4, 0, 0, 0, 2, 0]",up,512
298,4114,"[0, 0, 16, 2, 0, 64, 512, 0, 16, 32, 4, 2, 4, 2, 2, 4]",down,512
299,4116,"[0, 0, 16, 0, 0, 64, 512, 2, 16, 32, 4, 4, 4, 2, 2, 4]",down,512
300,4128,"[16, 0, 0, 0, 64, 512, 2, 0, 16, 32, 8, 0, 4, 4, 4, 2]",left,512
301,4128,"[16, 512, 2, 2, 64, 32, 8, 0, 16, 4, 4, 2, 4, 0, 0, 0]",up,512
302,4130,"[16, 0, 0, 2, 64, 512, 2, 0, 16, 32, 8, 0, 4, 4, 4, 4]",down,512
303,4146,"[16, 2, 0, 0, 64, 512, 2, 0, 16, 32, 8, 2, 8, 8, 0, 0]",left,512
304,4162,"[16, 2, 0, 4, 64, 512, 2, 0, 16, 32, 8, 2, 16, 0, 0, 0]",left,512
305,4194,"[16, 2, 2, 4, 64, 512, 8, 2, 32, 32, 0, 0, 0, 2, 0, 0]",up,512
306,4262,"[16, 4, 4, 0, 64, 512, 8, 2, 64, 0, 2, 0, 2, 0, 0, 0]",left,512
307,4270,"[16, 8, 0, 0, 64, 512, 8, 2, 64, 2, 0, 0, 2, 0, 0, 2]",left,512
308,4402,"[16, 8, 8, 4, 128, 512, 0, 4, 2, 2, 0, 0, 0, 0, 0, 0]",up,512
309,4410,"[16, 8, 8, 8, 128, 512, 2, 0, 2, 2, 0, 0, 0, 0, 0, 0]",up,512
310,4430,"[16, 16, 8, 0, 128, 512, 2, 0, 4, 0, 0, 2, 0, 0, 0, 0]",left,512
311,4430,"[16, 16, 8, 2, 128, 512, 2, 0, 4, 2, 0, 0, 0, 0, 0, 0]",up,512
312,4430,"[0, 0, 4, 0, 16, 16, 0, 0, 128, 512, 8, 0, 4, 2, 2, 2]",down,512
313,4430,"[16, 16, 4, 2, 128, 512, 8, 0, 4, 2, 2, 0, 2, 0, 0, 0]",up,512
314,4466,"[32, 4, 2, 0, 128, 512, 8, 0, 4, 4, 0, 0, 2, 2, 0, 0]",left,512
315,4478,"[32, 4, 2, 0, 128, 512, 8, 0, 8, 0, 0, 0, 4, 2, 0, 0]",left,512
316,4478,"[2, 32, 4, 2, 0, 128, 512, 8, 0, 0, 0, 8, 0, 0, 4, 2]",right,512
317,4494,"[2, 32, 4, 2, 0, 128, 512, 16, 0, 0, 4, 2, 0, 0, 2, 0]",up,512
318,4494,"[2, 32, 4, 2, 0, 128, 512, 16, 0, 2, 4, 2, 0, 0, 0, 2]",right,512
319,4498,"[2, 32, 4, 2, 0, 128, 512, 16, 0, 2, 4, 4, 0, 0, 2, 0]",up,512
320,4498,"[0, 0, 4, 4, 0, 32, 512, 2, 0, 128, 4, 16, 2, 2, 2, 4]",down,512
321,4498,"[2, 32, 4, 4, 0, 128, 512, 2, 0, 2, 4, 16, 0, 2, 2, 4]",up,512
322,4502,"[2, 32, 4, 4, 0, 128, 512, 2, 0, 4, 4, 16, 0, 2, 2, 4]",up,512
323,4522,"[2, 32, 8, 0, 128, 512, 2, 2, 8, 16, 0, 0, 4, 4, 0, 0]",left,512
324,4534,"[2, 32, 8, 2, 128, 512, 4, 0, 8, 16, 0, 0, 8, 0, 0, 0]",left,512
325,4550,"[2, 32, 8, 2, 128, 512, 4, 0, 16, 16, 0, 0, 0, 0, 4, 0]",up,512
326,4582,"[2, 32, 8, 2, 128, 512, 4, 0, 32, 0, 0, 0, 4, 0, 2, 0]",left,512
327,4582,"[2, 0, 2, 0, 128, 0, 8, 0, 32, 32, 4, 0, 4, 512, 2, 2]",down,512
328,4654,"[0, 0, 0, 4, 0, 0, 128, 8, 0, 2, 64, 4, 0, 4, 512, 4]",right,512
329,4662,"[0, 2, 128, 4, 0, 4, 64, 8, 2, 0, 512, 8, 0, 0, 0, 0]",up,512
330,4678,"[2, 2, 128, 4, 0, 4, 64, 16, 0, 0, 512, 2, 0, 0, 0, 0]",up,512
331,4682,"[4, 128, 4, 2, 4, 64, 16, 0, 512, 2, 0, 0, 0, 0, 0, 0]",left,512
332,4690,"[8, 128, 4, 2, 512, 64, 16, 0, 0, 2, 0, 0, 0, 0, 2, 0]",up,512
333,4690,"[8, 128, 4, 2, 512, 64, 16, 0, 0, 2, 2, 4, 0, 0, 0, 0]",up,512
334,4690,"[8, 128, 4, 2, 512, 64, 16, 4, 0, 2, 2, 0, 0, 0, 2, 0]",up,512
335,4694,"[8, 128, 4, 2, 512, 64, 16, 4, 0, 2, 4, 0, 0, 2, 0, 0]",up,512
336,4698,"[8, 128, 4, 2, 512, 64, 16, 4, 0, 4, 4, 0, 0, 0, 0, 2]",up,512
337,4698,"[8, 128, 4, 2, 512, 64, 16, 4, 2, 4, 4, 2, 0, 0, 0, 0]",up,512
338,4698,"[0, 2, 0, 0, 8, 128, 4, 2, 512, 64, 16, 4, 2, 4, 4, 2]",down,512
339,4706,"[2, 0, 0, 2, 8, 128, 4, 2, 512, 64, 16, 4, 2, 8, 2, 0]",left,512
340,4710,"[2, 128, 4, 4, 8, 64, 16, 4, 512, 8, 2, 4, 2, 0, 0, 0]",up,512
341,4718,"[2, 128, 8, 2, 8, 64, 16, 4, 512, 8, 2, 4, 2, 0, 0, 0]",left,512
342,4726,"[2, 128, 8, 2, 8, 64, 16, 8, 512, 8, 2, 0, 2, 0, 2, 0]",up,512
343,4730,"[2, 128, 8, 2, 8, 64, 16, 8, 0, 512, 8, 2, 0, 2, 0, 4]",right,512
344,4730,"[0, 128, 2, 2, 0, 64, 8, 8, 2, 512, 16, 2, 8, 2, 8, 4]",down,512
345,4730,"[2, 128, 2, 2, 8, 64, 8, 8, 0, 512, 16, 2, 2, 2, 8, 4]",up,512
346,4730,"[2, 128, 2, 2, 8, 64, 8, 8, 2, 512, 16, 2, 2, 2, 8, 4]",up,512
347,4734,"[2, 128, 2, 2, 8, 64, 8, 8, 4, 512, 16, 2, 2, 2, 8, 4]",up,512
348,4758,"[2, 128, 4, 0, 8, 64, 16, 0, 4, 512, 16, 2, 4, 8, 4, 2]",left,512
349,4802,"[2, 128, 4, 4, 8, 64, 32, 0, 8, 512, 4, 0, 0, 8, 0, 2]",up,512
350,4818,"[2, 128, 4, 4, 16, 64, 32, 2, 2, 512, 4, 0, 0, 8, 0, 0]",up,512
351,4818,"[2, 128, 0, 0, 2, 64, 4, 0, 16, 512, 32, 4, 2, 8, 4, 2]",down,512
352,4822,"[4, 128, 4, 4, 16, 64, 32, 2, 2, 512, 4, 2, 0, 8, 0, 0]",up,512
353,4826,"[4, 128, 4, 4, 16, 64, 32, 4, 2, 512, 4, 0, 2, 8, 0, 0]",up,512
354,4834,"[0, 4, 128, 8, 16, 64, 32, 4, 0, 2, 512, 4, 0, 2, 2, 8]",right,512
355,4846,"[16, 4, 128, 8, 0, 64, 32, 8, 0, 4, 512, 8, 0, 0, 2, 2]",up,512
356,4854,"[0, 2, 128, 0, 0, 4, 32, 8, 0, 64, 512, 16, 16, 4, 2, 2]",down,512
357,4858,"[2, 128, 0, 2, 4, 32, 8, 0, 64, 512, 16, 0, 16, 4, 4, 0]",left,512
358,4858,"[2, 128, 8, 2, 4, 32, 16, 0, 64, 512, 4, 0, 16, 4, 2, 0]",up,512
359,4858,"[2, 128, 8, 2, 4, 32, 16, 0, 64, 512, 4, 0, 16, 4, 2, 2]",down,512
360,4860,"[2, 128, 8, 0, 4, 32, 16, 0, 64, 512, 4, 2, 16, 4, 2, 4]",down,512
361,4860,"[2, 128, 8, 2, 4, 32, 16, 4, 64, 512, 4, 0, 16, 4, 2, 2]",up,512
362,4864,"[2, 128, 8, 2, 4, 32, 16, 4, 64, 512, 4, 2, 16, 4, 4, 0]",left,512
363,4872,"[2, 128, 8, 2, 4, 32, 16, 4, 64, 512, 8, 2, 16, 4, 0, 2]",up,512
364,4876,"[2, 128, 8, 2, 4, 32, 16, 4, 64, 512, 8, 4, 16, 4, 0, 2]",up,512
365,4876,"[2, 128, 8, 2, 4, 32, 16, 4, 64, 512, 8, 4, 2, 16, 4, 2]",right,512
366,4880,"[2, 128, 8, 2, 4, 32, 16, 2, 64, 512, 8, 8, 2, 16, 4, 2]",down,512
367,4896,"[2, 128, 8, 2, 4, 32, 16, 2, 64, 512, 16, 2, 2, 16, 4, 2]",left,512
368,4936,"[2, 128, 8, 4, 4, 32, 32, 4, 64, 512, 4, 0, 2, 16, 0, 2]",up,512
369,4944,"[2, 128, 8, 8, 4, 32, 32, 2, 64, 512, 4, 0, 2, 16, 0, 2]",up,512
370,4948,"[2, 128, 8, 8, 4, 32, 32, 4, 64, 512, 4, 0, 2, 16, 4, 0]",up,512
371,4956,"[2, 128, 8, 8, 4, 32, 32, 4, 64, 512, 8, 0, 2, 16, 0, 2]",up,512
372,4956,"[2, 128, 8, 8, 4, 32, 32, 4, 64, 512, 8, 2, 2, 16, 4, 0]",up,512
373,4956,"[2, 128, 8, 2, 4, 32, 32, 8, 64, 512, 8, 4, 2, 16, 4, 2]",down,512
374,5020,"[2, 128, 8, 2, 4, 64, 8, 2, 64, 512, 8, 4, 2, 16, 4, 2]",left,512
375,5030,"[2, 128, 0, 2, 4, 64, 8, 4, 64, 512, 16, 4, 2, 16, 4, 2]",down,512
376,5030,"[2, 2, 128, 2, 4, 64, 8, 4, 64, 512, 16, 4, 2, 16, 4, 2]",right,512
377,5034,"[4, 4, 128, 2, 4, 64, 8, 4, 64, 512, 16, 4, 2, 16, 4, 2]",right,512
378,5050,"[8, 4, 128, 2, 64, 64, 8, 8, 2, 512, 16, 2, 4, 16, 4, 0]",up,512
379,5194,"[8, 4, 128, 2, 128, 16, 0, 2, 2, 512, 16, 2, 4, 16, 4, 0]",left,512
380,5194,"[8, 4, 128, 2, 2, 128, 16, 2, 2, 512, 16, 2, 0, 4, 16, 4]",right,512
381,5214,"[0, 4, 2, 0, 0, 128, 128, 2, 8, 512, 16, 4, 4, 4, 32, 4]",down,512
382,5478,"[4, 2, 0, 0, 256, 2, 2, 0, 8, 512, 16, 4, 8, 32, 4, 0]",left,512
383,5498,"[4, 4, 2, 4, 256, 512, 16, 0, 16, 32, 4, 0, 0, 2, 0, 0]",up,512
384,5498,"[2, 4, 0, 0, 4, 512, 2, 0, 256, 32, 16, 0, 16, 2, 4, 4]",down,512
385,5498,"[2, 4, 2, 4, 4, 512, 16, 0, 256, 32, 4, 0, 16, 2, 2, 0]",up,512
386,5502,"[2, 4, 2, 4, 4, 512, 16, 2, 256, 32, 4, 0, 16, 4, 0, 0]",left,512
387,5502,"[2, 4, 0, 2, 4, 512, 2, 0, 256, 32, 16, 4, 16, 4, 4, 2]",down,512
388,5502,"[2, 4, 0, 2, 4, 512, 2, 2, 256, 32, 16, 4, 16, 4, 4, 2]",down,512
389,5506,"[2, 4, 2, 4, 4, 512, 16, 4, 256, 32, 4, 2, 16, 4, 2, 0]",up,512
390,5510,"[2, 4, 2, 4, 4, 512, 16, 0, 256, 32, 4, 8, 16, 4, 2, 2]",down,512
391,5514,"[2, 4, 2, 4, 4, 512, 16, 2, 256, 32, 4, 8, 16, 4, 4, 0]",left,512
392,5522,"[2, 4, 2, 4, 4, 512, 16, 2, 256, 32, 8, 8, 16, 4, 2, 0]",up,512
393,5538,"[2, 4, 2, 4, 4, 512, 16, 2, 256, 32, 16, 0, 16, 4, 2, 2]",left,512
394,5574,"[2, 4, 2, 4, 4, 512, 32, 4, 256, 32, 2, 0, 16, 4, 0, 2]",up,512
395,5582,"[2, 4, 2, 8, 4, 512, 32, 2, 256, 32, 2, 4, 16, 4, 0, 0]",up,512
396,5582,"[2, 4, 2, 0, 4, 512, 2, 8, 256, 32, 32, 2, 16, 4, 2, 4]",down,512
397,5646,"[2, 4, 2, 2, 4, 512, 2, 8, 256, 64, 2, 0, 16, 4, 2, 4]",left,512
398,5650,"[2, 4, 2, 0, 4, 512, 0, 2, 256, 64, 4, 8, 16, 4, 4, 4]",down,512
399,5658,"[0, 2, 4, 2, 2, 4, 512, 2, 256, 64, 4, 8, 0, 16, 4, 8]",right,512
400,5686,"[2, 2, 4, 4, 256, 4, 512, 16, 0, 64, 8, 2, 0, 16, 0, 0]",up,512
401,5698,"[0, 2, 4, 8, 256, 4, 512, 16, 0, 64, 8, 2, 0, 0, 0, 16]",right,512
402,5698,"[2, 4, 8, 0, 256, 4, 512, 16, 64, 8, 2, 0, 16, 0, 2, 0]",left,512
403,5710,"[2, 8, 8, 16, 256, 8, 512, 0, 64, 0, 4, 0, 16, 0, 2, 0]",up,512
404,5726,"[2, 16, 8, 16, 256, 0, 512, 2, 64, 0, 4, 0, 16, 0, 2, 0]",up,512
405,5726,"[2, 0, 8, 0, 256, 2, 512, 0, 64, 0, 4, 16, 16, 16, 2, 2]",down,512
406,5762,"[2, 8, 0, 0, 256, 2, 512, 0, 64, 4, 16, 4, 32, 4, 0, 0]",left,512
407,5762,"[2, 0, 2, 8, 0, 256, 2, 512, 64, 4, 16, 4, 0, 0, 32, 4]",right,512
408,5774,"[2, 256, 4, 8, 64, 4, 16, 512, 2, 0, 32, 8, 0, 0, 0, 0]",up,512
409,5774,"[2, 0, 0, 0, 2, 0, 4, 8, 64, 256, 16, 512, 2, 4, 32, 8]",down,512
410,5776,"[0, 0, 0, 2, 4, 0, 4, 8, 64, 256, 16, 512, 2, 4, 32, 8]",down,512
411,5784,"[2, 0, 0, 0, 8, 8, 4, 0, 64, 256, 16, 512, 2, 4, 32, 8]",left,512
412,5800,"[2, 0, 0, 2, 16, 4, 0, 0, 64, 256, 16, 512, 2, 4, 32, 8]",left,512
413,5804,"[4, 0, 0, 0, 16, 4, 2, 0, 64, 256, 16, 512, 2, 4, 32, 8]",left,512
414,5804,"[4, 4, 2, 512, 16, 256, 16, 8, 64, 4, 32, 0, 2, 2, 0, 0]",up,512
415,5804,"[4, 4, 2, 0, 16, 256, 2, 0, 64, 4, 16, 512, 2, 2, 32, 8]",down,512
416,5816,"[0, 2, 8, 2, 0, 16, 256, 2, 64, 4, 16, 512, 0, 4, 32, 8]",right,512
417,5822,"[4, 0, 8, 0, 0, 2, 256, 4, 0, 16, 16, 512, 64, 8, 32, 8]",down,512
418,5854,"[0, 0, 4, 8, 0, 2, 256, 4, 2, 0, 32, 512, 64, 8, 32, 8]",right,512
419,5918,"[2, 2, 4, 8, 64, 8, 256, 4, 0, 2, 64, 512, 0, 0, 0, 8]",up,512
420,5918,"[0, 0, 0, 8, 2, 2, 4, 4, 2, 8, 256, 512, 64, 2, 64, 8]",down,512
421,5920,"[2, 0, 0, 8, 0, 2, 4, 4, 4, 8, 256, 512, 64, 2, 64, 8]",down,512
422,5928,"[2, 8, 2, 0, 2, 8, 0, 0, 4, 8, 256, 512, 64, 2, 64, 8]",left,512
423,5938,"[0, 2, 0, 0, 4, 8, 2, 0, 4, 16, 256, 512, 64, 2, 64, 8]",down,512
424,5946,"[8, 2, 2, 512, 64, 8, 256, 8, 0, 16, 64, 0, 2, 2, 0, 0]",up,512
425,5954,"[0, 8, 4, 512, 64, 8, 256, 8, 0, 0, 16, 64, 2, 0, 0, 4]",right,512
426,5970,"[64, 16, 4, 512, 2, 0, 256, 8, 2, 0, 16, 64, 0, 0, 0, 4]",up,512
427,5974,"[64, 16, 4, 512, 4, 0, 256, 8, 0, 0, 16, 64, 2, 0, 0, 4]",up,512
428,5974,"[64, 16, 4, 512, 4, 0, 256, 8, 2, 0, 16, 64, 2, 0, 0, 4]",up,512
429,5978,"[64, 16, 4, 512, 4, 0, 256, 8, 4, 0, 16, 64, 0, 2, 0, 4]",up,512
430,5978,"[64, 16, 4, 512, 0, 4, 256, 8, 0, 4, 16, 64, 2, 0, 2, 4]",right,512
431,5982,"[64, 16, 4, 512, 0, 4, 256, 8, 0, 4, 16, 64, 2, 0, 4, 4]",right,512
432,5986,"[0, 2, 4, 512, 0, 0, 256, 8, 64, 16, 16, 64, 2, 8, 4, 4]",down,512
433,5986,"[64, 2, 4, 512, 2, 16, 256, 8, 0, 8, 16, 64, 0, 4, 4, 4]",up,512
434,5994,"[64, 2, 4, 512, 2, 16, 256, 8, 8, 16, 64, 2, 8, 4, 0, 0]",left,512
435,6042,"[64, 2, 4, 512, 2, 32, 256, 8, 16, 4, 64, 2, 0, 0, 0, 4]",up,512
436,6042,"[64, 2, 4, 512, 2, 32, 256, 8, 16, 4, 64, 2, 4, 0, 0, 2]",left,512
437,6044,"[64, 0, 0, 2, 2, 2, 4, 512, 16, 32, 256, 8, 4, 4, 64, 4]",down,512
438,6044,"[64, 2, 4, 2, 2, 32, 256, 512, 16, 4, 64, 8, 4, 2, 0, 4]",up,512
439,6044,"[64, 2, 4, 2, 2, 32, 256, 512, 16, 4, 64, 8, 4, 2, 4, 2]",left,512
1,0,"[4, 0, 0, 0, 0, 0, 0, 0, 0, 0, 0, 0, 0, 0, 2, 0]",up,4
2,0,"[4, 0, 2, 0, 0, 0, 2, 0, 0, 0, 0, 0, 0, 0, 0, 0]",up,4
3,4,"[4, 0, 4, 0, 0, 0, 0, 0, 0, 2, 0, 0, 0, 0, 0, 0]",up,4
4,12,"[8, 0, 0, 0, 0, 0, 0, 0, 2, 2, 0, 0, 0, 0, 0, 0]",left,8
5,12,"[8, 2, 0, 0, 2, 0, 0, 0, 0, 0, 0, 0, 0, 0, 0, 2]",up,8
6,12,"[8, 2, 0, 2, 2, 2, 0, 0, 0, 0, 0, 0, 0, 0, 0, 0]",up,8
7,20,"[2, 0, 8, 4, 0, 0, 0, 4, 0, 0, 0, 0, 0, 0, 0, 0]",right,8
8,28,"[2, 0, 8, 8, 0, 0, 0, 0, 0, 4, 0, 0, 0, 0, 0, 0]",up,8
9,28,"[2, 4, 8, 8, 2, 0, 0, 0, 0, 0, 0, 0, 0, 0, 0, 0]",up,8
10,32,"[4, 4, 8, 8, 0, 0, 0, 0, 2, 0, 0, 0, 0, 0, 0, 0]",up,8
11,32,"[4, 4, 8, 8, 2, 0, 0, 0, 0, 0, 0, 0, 0, 0, 2, 0]",up,8
12,32,"[4, 4, 8, 8, 2, 0, 2, 0, 0, 0, 0, 2, 0, 0, 0, 0]",up,8
13,32,"[4, 4, 8, 8, 2, 2, 2, 2, 0, 0, 0, 0, 0, 0, 0, 0]",up,8
14,64,"[8, 16, 0, 0, 4, 4, 0, 0, 0, 0, 0, 0, 0, 0, 2, 0]",left,16
15,72,"[8, 16, 2, 0, 8, 0, 0, 0, 0, 0, 0, 0, 2, 0, 0, 0]",left,16
16,88,"[16, 16, 2, 0, 2, 0, 0, 0, 0, 0, 0, 0, 0, 0, 2, 0]",up,16
17,92,"[16, 16, 4, 0, 2, 0, 0, 0, 0, 0, 2, 0, 0, 0, 0, 0]",up,16
18,92,"[16, 16, 4, 0, 2, 0, 2, 0, 0, 0, 0, 0, 0, 2, 0, 0]",up,16
19,92,"[16, 16, 4, 0, 2, 2, 2, 0, 0, 0, 0, 0, 0, 2, 0, 0]",up,16
20,128,"[32, 4, 0, 0, 4, 2, 0, 0, 0, 0, 0, 0, 2, 2, 0, 0]",left,32
21,132,"[32, 4, 0, 0, 4, 4, 0, 0, 2, 0, 2, 0, 0, 0, 0, 0]",up,32
22,144,"[32, 4, 0, 0, 8, 0, 0, 0, 4, 0, 0, 0, 0, 0, 2, 0]",left,32
23,144,"[0, 0, 0, 0, 32, 0, 0, 0, 8, 2, 0, 0, 4, 4, 2, 0]",down,32
24,152,"[2, 0, 0, 0, 32, 0, 0, 0, 8, 2, 0, 0, 8, 2, 0, 0]",left,32
25,172,"[2, 4, 0, 0, 32, 0, 0, 0, 16, 0, 0, 0, 2, 0, 0, 0]",up,32
26,172,"[0, 0, 2, 4, 2, 0, 0, 32, 0, 0, 0, 16, 0, 0, 0, 2]",right,32
27,172,"[2, 0, 2, 4, 2, 0, 0, 32, 0, 0, 0, 16, 0, 0, 0, 2]",up,32
28,174,"[0, 0, 0, 4, 0, 0, 0, 32, 0, 0, 2, 16, 4, 0, 2, 2]",down,32
29,178,"[4, 0, 4, 4, 0, 0, 0, 32, 0, 0, 0, 16, 0, 2, 0, 2]",up,32
30,190,"[8, 4, 0, 0, 32, 0, 0, 2, 16, 0, 0, 0, 4, 0, 0, 0]",left,32
31,190,"[8, 4, 0, 2, 32, 0, 0, 0, 16, 0, 0, 0, 4, 0, 0, 2]",up,32
32,194,"[8, 4, 0, 4, 32, 0, 0, 0, 16, 0, 0, 0, 4, 0, 2, 0]",up,32
33,202,"[8, 8, 0, 0, 32, 0, 0, 0, 16, 0, 0, 0, 4, 2, 0, 2]",left,32
34,222,"[16, 0, 0, 0, 32, 0, 0, 0, 16, 0, 2, 0, 4, 4, 0, 0]",left,32
35,230,"[0, 0, 0, 16, 0, 0, 0, 32, 2, 0, 16, 2, 0, 0, 0, 8]",right,32
36,230,"[2, 0, 16, 16, 0, 2, 0, 32, 0, 0, 0, 2, 0, 0, 0, 8]",up,32
37,230,"[2, 2, 16, 16, 0, 0, 0, 32, 0, 0, 0, 2, 0, 0, 2, 8]",up,32
38,230,"[2, 2, 16, 16, 0, 2, 2, 32, 0, 0, 0, 2, 0, 0, 0, 8]",up,32
39,270,"[0, 0, 4, 32, 0, 0, 4, 32, 0, 0, 0, 2, 0, 2, 0, 8]",right,32
40,306,"[0, 0, 2, 0, 0, 0, 0, 64, 0, 0, 0, 2, 0, 2, 8, 8]",down,64
41,306,"[0, 2, 2, 64, 0, 0, 8, 2, 0, 0, 0, 8, 2, 0, 0, 0]",up,64
42,306,"[0, 0, 0, 0, 0, 0, 0, 64, 2, 0, 2, 2, 2, 2, 8, 8]",down,64
43,308,"[0, 0, 0, 0, 0, 0, 0, 64, 2, 0, 2, 2, 4, 2, 8, 8]",down,64
44,328,"[0, 0, 0, 0, 64, 4, 0, 0, 4, 2, 0, 0, 4, 2, 16, 0]",left,64
45,340,"[64, 4, 16, 0, 8, 4, 0, 0, 0, 0, 0, 0, 0, 0, 4, 0]",up,64
46,348,"[64, 8, 16, 0, 8, 0, 4, 0, 0, 0, 0, 2, 0, 0, 0, 0]",up,64
47,348,"[0, 64, 8, 16, 0, 2, 8, 4, 0, 0, 0, 2, 0, 0, 0, 0]",right,64
48,348,"[64, 8, 16, 0, 2, 8, 4, 0, 2, 0, 2, 0, 0, 0, 0, 0]",left,64
49,368,"[64, 16, 16, 0, 4, 0, 4, 0, 2, 0, 2, 0, 0, 0, 0, 0]",up,64
50,368,"[0, 0, 0, 0, 64, 0, 16, 0, 4, 0, 4, 0, 2, 16, 2, 2]",down,64
51,368,"[64, 16, 16, 2, 4, 0, 4, 0, 2, 0, 2, 0, 0, 0, 2, 0]",up,64
52,372,"[64, 16, 16, 2, 4, 0, 4, 0, 2, 0, 4, 0, 0, 4, 0, 0]",up,64
53,380,"[64, 16, 16, 2, 4, 4, 8, 0, 2, 0, 0, 0, 0, 2, 0, 0]",up,64
54,380,"[64, 16, 16, 2, 4, 4, 8, 0, 2, 2, 0, 2, 0, 0, 0, 0]",up,64
55,384,"[64, 16, 16, 4, 4, 4, 8, 0, 2, 2, 0, 0, 0, 2, 0, 0]",up,64
56,388,"[64, 16, 16, 4, 4, 4, 8, 0, 2, 4, 0, 0, 2, 0, 0, 0]",up,64
57,400,"[64, 16, 16, 4, 4, 8, 8, 0, 4, 0, 2, 0, 0, 0, 0, 0]",up,64
58,408,"[64, 16, 16, 4, 8, 8, 8, 0, 0, 0, 2, 2, 0, 0, 0, 0]",up,64
59,408,"[64, 16, 16, 4, 8, 8, 8, 2, 2, 0, 2, 0, 0, 0, 0, 0]",up,64
60,408,"[0, 0, 4, 0, 64, 0, 16, 0, 8, 16, 8, 4, 2, 8, 2, 2]",down,64
61,408,"[64, 16, 4, 4, 8, 8, 16, 2, 2, 0, 8, 0, 0, 0, 2, 2]",up,64
62,412,"[64, 16, 4, 4, 8, 8, 16, 4, 2, 0, 8, 0, 0, 0, 2, 2]",up,64
63,420,"[64, 16, 4, 8, 8, 8, 16, 2, 2, 0, 8, 0, 0, 2, 2, 0]",up,64
64,420,"[0, 0, 4, 0, 64, 16, 16, 2, 8, 8, 8, 8, 2, 2, 2, 2]",down,64
65,492,"[4, 2, 0, 0, 64, 32, 2, 0, 16, 16, 0, 0, 4, 4, 0, 0]",left,64
66,532,"[0, 0, 4, 2, 0, 64, 32, 2, 0, 0, 0, 32, 0, 0, 4, 8]",right,64
67,536,"[0, 64, 4, 4, 0, 0, 32, 32, 0, 0, 4, 8, 2, 0, 0, 0]",up,64
68,608,"[64, 8, 0, 0, 64, 0, 0, 0, 4, 8, 0, 0, 2, 0, 0, 2]",left,64
69,612,"[64, 8, 0, 0, 64, 0, 2, 0, 4, 8, 0, 0, 4, 0, 0, 0]",left,64
70,764,"[128, 16, 2, 0, 8, 0, 0, 0, 0, 0, 0, 0, 4, 0, 0, 0]",up,128
71,764,"[128, 16, 2, 0, 8, 0, 2, 0, 4, 0, 0, 0, 0, 0, 0, 0]",up,128
72,764,"[0, 128, 16, 2, 0, 0, 8, 2, 0, 0, 0, 4, 0, 0, 2, 0]",right,128
73,766,"[2, 0, 0, 0, 0, 0, 16, 0, 0, 0, 8, 4, 0, 128, 2, 4]",down,128
74,774,"[2, 128, 16, 8, 0, 2, 8, 0, 0, 0, 2, 0, 0, 0, 0, 0]",up,128
75,774,"[2, 128, 16, 8, 0, 0, 2, 8, 0, 0, 0, 2, 0, 0, 2, 0]",right,128
76,794,"[2, 128, 16, 16, 0, 0, 4, 2, 0, 0, 2, 0, 0, 0, 0, 0]",up,128
77,826,"[0, 2, 128, 32, 0, 0, 4, 2, 0, 2, 0, 2, 0, 0, 0, 0]",right,128
78,834,"[0, 4, 128, 32, 0, 0, 4, 4, 0, 0, 0, 0, 0, 0, 2, 0]",up,128
79,834,"[0, 4, 128, 32, 0, 0, 4, 4, 0, 0, 2, 2, 0, 0, 0, 0]",up,128
80,834,"[0, 2, 0, 0, 0, 0, 128, 32, 0, 0, 4, 4, 0, 4, 2, 2]",down,128
81,846,"[2, 0, 0, 2, 128, 32, 0, 0, 8, 0, 0, 0, 4, 4, 0, 0]",left,128
82,858,"[4, 0, 0, 0, 128, 32, 0, 0, 8, 0, 0, 0, 8, 2, 0, 0]",left,128
83,874,"[4, 32, 0, 0, 128, 2, 0, 0, 16, 0, 0, 0, 0, 0, 0, 2]",up,128
84,874,"[4, 32, 0, 2, 128, 2, 0, 0, 16, 0, 2, 0, 0, 0, 0, 0]",up,128
85,874,"[4, 32, 2, 2, 128, 2, 0, 0, 16, 0, 0, 0, 2, 0, 0, 0]",up,128
86,874,"[4, 0, 0, 0, 128, 0, 0, 0, 16, 32, 0, 2, 2, 2, 2, 2]",down,128
87,876,"[4, 2, 0, 0, 128, 0, 0, 0, 16, 32, 0, 0, 2, 2, 2, 4]",down,128
88,876,"[4, 2, 2, 4, 128, 32, 0, 0, 16, 2, 0, 2, 2, 0, 0, 0]",up,128
89,876,"[4, 0, 0, 0, 128, 2, 2, 0, 16, 32, 0, 4, 2, 2, 2, 2]",down,128
90,888,"[0, 0, 0, 4, 0, 2, 128, 4, 0, 16, 32, 4, 0, 0, 4, 4]",right,128
91,904,"[0, 2, 128, 8, 0, 16, 32, 8, 0, 0, 4, 2, 0, 0, 0, 0]",up,128
92,920,"[0, 2, 128, 16, 0, 16, 32, 2, 0, 4, 4, 0, 0, 0, 0, 0]",up,128
93,920,"[0, 0, 0, 0, 0, 2, 128, 0, 2, 16, 32, 16, 0, 4, 4, 2]",down,128
94,920,"[2, 2, 128, 16, 0, 16, 32, 2, 2, 4, 4, 0, 0, 0, 0, 0]",up,128
95,924,"[4, 2, 128, 16, 0, 16, 32, 2, 0, 4, 4, 0, 2, 0, 0, 0]",up,128
96,924,"[4, 2, 128, 16, 2, 16, 32, 2, 2, 4, 4, 0, 0, 0, 0, 0]",up,128
97,928,"[4, 2, 128, 16, 4, 16, 32, 2, 0, 4, 4, 0, 0, 2, 0, 0]",up,128
98,936,"[4, 2, 128, 16, 4, 16, 32, 2, 8, 0, 0, 0, 2, 0, 0, 2]",left,128
99,948,"[8, 2, 128, 16, 8, 16, 32, 4, 2, 0, 0, 0, 0, 2, 0, 0]",up,128
100,964,"[16, 2, 128, 16, 2, 16, 32, 4, 0, 2, 0, 0, 0, 0, 2, 0]",up,128
101,964,"[0, 0, 0, 2, 0, 2, 128, 0, 16, 16, 32, 16, 2, 2, 2, 4]",down,128
102,1000,"[0, 0, 0, 2, 0, 2, 2, 128, 0, 32, 32, 16, 0, 2, 4, 4]",right,128
103,1000,"[0, 2, 2, 2, 0, 32, 32, 128, 0, 2, 4, 16, 4, 0, 0, 4]",up,128
104,1076,"[0, 0, 2, 4, 0, 0, 64, 128, 0, 2, 4, 16, 2, 0, 0, 8]",right,128
105,1076,"[2, 2, 2, 4, 2, 0, 64, 128, 0, 0, 4, 16, 0, 0, 0, 8]",up,128
106,1080,"[0, 2, 4, 4, 2, 2, 64, 128, 0, 0, 4, 16, 0, 0, 0, 8]",right,128
107,1092,"[2, 8, 2, 0, 4, 64, 128, 0, 4, 16, 0, 0, 8, 0, 0, 0]",left,128
108,1100,"[2, 8, 2, 0, 8, 64, 128, 2, 8, 16, 0, 0, 0, 0, 0, 0]",up,128
109,1116,"[2, 8, 2, 2, 16, 64, 128, 0, 0, 16, 0, 0, 2, 0, 0, 0]",up,128
110,1116,"[0, 0, 0, 0, 2, 8, 0, 2, 16, 64, 2, 0, 2, 16, 128, 2]",down,128
111,1116,"[0, 0, 0, 4, 0, 2, 8, 2, 0, 16, 64, 2, 2, 16, 128, 2]",right,128
112,1152,"[2, 2, 8, 4, 0, 32, 64, 4, 0, 2, 128, 2, 0, 0, 0, 0]",up,128
113,1160,"[2, 2, 8, 8, 2, 32, 64, 2, 0, 2, 128, 0, 0, 0, 0, 0]",up,128
114,1180,"[4, 16, 4, 0, 2, 32, 64, 2, 2, 128, 0, 0, 0, 0, 0, 0]",left,128
115,1184,"[4, 16, 4, 2, 4, 32, 64, 0, 0, 128, 0, 4, 0, 0, 0, 0]",up,128
116,1192,"[8, 16, 4, 2, 0, 32, 64, 4, 0, 128, 0, 0, 0, 0, 0, 2]",up,128
117,1192,"[8, 16, 4, 2, 0, 32, 64, 4, 0, 128, 0, 2, 0, 0, 0, 4]",up,128
118,1192,"[0, 0, 0, 2, 0, 16, 2, 4, 0, 32, 4, 2, 8, 128, 64, 4]",down,128
119,1192,"[8, 16, 2, 2, 0, 32, 4, 4, 0, 128, 64, 2, 0, 2, 0, 4]",up,128
120,1192,"[0, 16, 0, 2, 2, 32, 2, 4, 0, 128, 4, 2, 8, 2, 64, 4]",down,128
121,1192,"[16, 2, 4, 0, 2, 32, 2, 4, 128, 4, 2, 0, 8, 2, 64, 4]",left,128
122,1198,"[16, 2, 0, 0, 2, 32, 4, 0, 128, 4, 4, 4, 8, 2, 64, 8]",down,128
123,1206,"[16, 2, 0, 2, 2, 32, 4, 0, 128, 8, 4, 0, 8, 2, 64, 8]",left,128
124,1210,"[16, 4, 2, 0, 2, 32, 4, 0, 128, 8, 4, 0, 8, 2, 64, 8]",left,128
125,1218,"[16, 4, 2, 8, 2, 32, 8, 0, 128, 8, 64, 0, 8, 2, 2, 0]",up,128
126,1222,"[16, 4, 2, 8, 2, 32, 8, 0, 128, 8, 64, 0, 8, 4, 0, 2]",left,128
127,1222,"[16, 4, 2, 8, 2, 32, 8, 2, 128, 8, 64, 0, 8, 4, 4, 0]",up,128
128,1230,"[16, 4, 2, 8, 2, 32, 8, 2, 0, 128, 8, 64, 2, 0, 8, 8]",right,128
129,1240,"[2, 0, 0, 8, 0, 4, 2, 2, 16, 32, 8, 64, 4, 128, 16, 8]",down,128
130,1244,"[2, 8, 0, 2, 4, 4, 0, 0, 16, 32, 8, 64, 4, 128, 16, 8]",left,128
131,1244,"[2, 8, 8, 2, 4, 4, 16, 64, 16, 32, 0, 8, 4, 128, 0, 2]",up,128
132,1268,"[2, 16, 2, 0, 8, 16, 64, 0, 16, 32, 8, 2, 4, 128, 2, 0]",left,128
133,1284,"[2, 0, 2, 2, 8, 32, 64, 0, 16, 32, 8, 0, 4, 128, 2, 2]",down,128
134,1318,"[2, 2, 2, 0, 8, 0, 64, 0, 16, 64, 8, 0, 4, 128, 2, 4]",down,128
135,1318,"[2, 2, 2, 4, 8, 64, 64, 0, 16, 128, 8, 0, 4, 2, 2, 0]",up,128
136,1454,"[0, 2, 4, 4, 0, 0, 8, 128, 2, 16, 128, 8, 0, 0, 4, 4]",right,128
137,1454,"[0, 2, 4, 4, 0, 0, 8, 128, 0, 2, 128, 8, 2, 16, 4, 4]",down,128
138,1470,"[0, 0, 2, 8, 0, 0, 8, 128, 0, 2, 128, 8, 2, 2, 16, 8]",right,128
139,1490,"[2, 4, 2, 8, 2, 0, 8, 128, 0, 0, 128, 16, 0, 0, 16, 0]",up,128
140,1494,"[4, 4, 2, 8, 0, 2, 8, 128, 0, 0, 128, 16, 0, 0, 16, 0]",up,128
141,1494,"[0, 0, 2, 0, 0, 2, 8, 8, 0, 4, 128, 128, 4, 2, 16, 16]",down,128
142,1798,"[2, 0, 0, 0, 2, 16, 0, 2, 4, 256, 0, 0, 4, 2, 32, 0]",left,256
143,1810,"[4, 16, 32, 2, 8, 256, 0, 0, 0, 2, 0, 0, 0, 0, 0, 2]",up,256
144,1814,"[4, 16, 32, 4, 8, 256, 0, 0, 0, 2, 0, 0, 2, 0, 0, 0]",up,256
145,1814,"[4, 16, 32, 4, 8, 256, 0, 0, 2, 2, 0, 0, 0, 2, 0, 0]",up,256
146,1818,"[4, 16, 32, 4, 8, 256, 0, 0, 2, 4, 0, 0, 2, 0, 0, 0]",up,256
147,1822,"[4, 16, 32, 4, 8, 256, 0, 0, 4, 4, 0, 0, 0, 0, 0, 2]",up,256
148,1830,"[4, 16, 32, 4, 8, 256, 0, 2, 8, 0, 0, 0, 2, 0, 0, 0]",left,256
149,1838,"[2, 0, 0, 0, 4, 0, 0, 0, 16, 16, 0, 4, 2, 256, 32, 2]",down,256
150,1870,"[2, 0, 2, 0, 4, 0, 0, 0, 32, 4, 0, 0, 2, 256, 32, 2]",left,256
151,1874,"[4, 0, 0, 2, 4, 0, 0, 0, 32, 4, 0, 0, 2, 256, 32, 2]",left,256
152,1880,"[0, 0, 0, 0, 8, 0, 2, 0, 32, 4, 0, 0, 2, 256, 32, 4]",down,256
153,1880,"[0, 0, 0, 0, 8, 2, 0, 0, 32, 4, 2, 0, 2, 256, 32, 4]",left,256
154,1880,"[8, 2, 2, 4, 32, 4, 32, 0, 2, 256, 0, 0, 0, 2, 0, 0]",up,256
155,1884,"[8, 4, 4, 0, 32, 4, 32, 4, 2, 256, 0, 0, 2, 0, 0, 0]",left,256
156,1896,"[8, 8, 4, 4, 32, 256, 32, 0, 4, 2, 0, 0, 0, 0, 0, 0]",up,256
157,1896,"[0, 0, 2, 0, 8, 8, 0, 0, 32, 256, 4, 0, 4, 2, 32, 4]",down,256
158,1896,"[8, 8, 2, 4, 32, 256, 4, 0, 4, 2, 32, 0, 0, 0, 2, 0]",up,256
159,1896,"[2, 0, 2, 0, 8, 8, 4, 0, 32, 256, 32, 0, 4, 2, 2, 4]",down,256
160,1920,"[4, 0, 0, 2, 16, 4, 0, 0, 32, 256, 32, 0, 4, 4, 4, 0]",left,256
161,1920,"[4, 4, 32, 2, 16, 256, 4, 2, 32, 4, 0, 0, 4, 0, 0, 0]",up,256
162,1924,"[4, 4, 32, 4, 16, 256, 4, 4, 32, 4, 0, 0, 4, 0, 0, 0]",up,256
163,1940,"[0, 8, 32, 4, 0, 16, 256, 8, 0, 0, 32, 4, 0, 2, 0, 4]",right,256
164,1948,"[2, 8, 32, 4, 0, 16, 256, 8, 0, 2, 32, 8, 0, 0, 0, 0]",up,256
165,1964,"[2, 8, 32, 4, 2, 16, 256, 16, 0, 2, 32, 0, 0, 0, 0, 0]",up,256
166,1968,"[4, 8, 32, 4, 0, 16, 256, 16, 2, 2, 32, 0, 0, 0, 0, 0]",up,256
167,1968,"[0, 0, 0, 0, 2, 8, 32, 0, 4, 16, 256, 4, 2, 2, 32, 16]",down,256
168,1968,"[2, 8, 32, 4, 4, 16, 256, 16, 2, 2, 32, 0, 2, 0, 0, 0]",up,256
169,1972,"[2, 8, 32, 4, 4, 16, 256, 16, 4, 2, 32, 0, 0, 0, 2, 0]",up,256
170,1980,"[2, 8, 32, 4, 8, 16, 256, 16, 0, 2, 32, 2, 0, 0, 2, 0]",up,256
171,1980,"[2, 0, 32, 0, 0, 8, 256, 4, 2, 16, 32, 16, 8, 2, 2, 2]",down,256
172,1984,"[4, 8, 32, 4, 8, 16, 256, 16, 0, 2, 32, 2, 0, 0, 2, 2]",up,256
173,1986,"[0, 0, 32, 2, 0, 8, 256, 4, 4, 16, 32, 16, 8, 2, 2, 4]",down,256
174,1990,"[32, 2, 0, 0, 8, 256, 4, 2, 4, 16, 32, 16, 8, 4, 4, 0]",left,256
175,1998,"[32, 2, 0, 0, 8, 256, 4, 2, 4, 16, 32, 16, 8, 8, 2, 0]",left,256
176,2014,"[0, 2, 32, 2, 8, 256, 4, 2, 4, 16, 32, 16, 0, 0, 16, 2]",right,256
177,2016,"[2, 0, 32, 0, 0, 2, 4, 4, 8, 256, 32, 16, 4, 16, 16, 2]",down,256
178,2056,"[2, 32, 2, 0, 2, 8, 0, 0, 8, 256, 32, 16, 4, 32, 2, 0]",left,256
179,2060,"[4, 32, 2, 16, 8, 8, 32, 0, 4, 256, 2, 0, 0, 32, 0, 2]",up,256
180,2076,"[4, 32, 2, 16, 0, 0, 16, 32, 0, 4, 256, 2, 2, 0, 32, 2]",right,256
181,2078,"[0, 0, 2, 2, 0, 0, 16, 16, 4, 32, 256, 32, 2, 4, 32, 4]",down,256
182,2078,"[4, 32, 2, 2, 2, 4, 16, 16, 2, 0, 256, 32, 0, 0, 32, 4]",up,256
183,2082,"[4, 32, 2, 2, 4, 4, 16, 16, 0, 0, 256, 32, 4, 0, 32, 4]",up,256
184,2126,"[4, 32, 4, 0, 8, 32, 0, 0, 256, 32, 2, 0, 4, 32, 4, 0]",left,256
185,2254,"[4, 64, 4, 0, 8, 64, 2, 0, 256, 2, 4, 0, 4, 0, 0, 0]",up,256
186,2382,"[4, 128, 4, 0, 8, 2, 2, 0, 256, 0, 4, 0, 4, 0, 0, 4]",up,256
187,2394,"[4, 128, 4, 0, 8, 4, 0, 0, 256, 4, 0, 0, 8, 0, 0, 2]",left,256
188,2402,"[4, 128, 4, 2, 8, 8, 0, 0, 256, 0, 0, 2, 8, 0, 0, 0]",up,256
189,2406,"[4, 128, 4, 4, 8, 8, 0, 0, 256, 0, 2, 0, 8, 0, 0, 0]",up,256
190,2406,"[4, 128, 4, 4, 8, 8, 2, 0, 256, 2, 0, 0, 8, 0, 0, 0]",up,256
191,2406,"[4, 0, 0, 2, 8, 128, 0, 0, 256, 8, 4, 0, 8, 2, 2, 4]",down,256
192,2406,"[4, 128, 4, 2, 8, 8, 2, 4, 256, 2, 0, 0, 8, 2, 0, 0]",up,256
193,2410,"[4, 128, 4, 2, 8, 8, 2, 4, 256, 4, 0, 0, 8, 0, 2, 0]",up,256
194,2412,"[4, 0, 0, 0, 8, 128, 0, 2, 256, 8, 4, 2, 8, 4, 4, 4]",down,256
195,2420,"[0, 2, 0, 4, 0, 8, 128, 2, 256, 8, 4, 2, 0, 8, 4, 8]",right,256
196,2448,"[256, 2, 128, 4, 0, 16, 8, 4, 0, 8, 2, 8, 0, 0, 0, 0]",up,256
197,2456,"[256, 2, 128, 8, 0, 16, 8, 8, 0, 8, 2, 2, 0, 0, 0, 0]",up,256
198,2472,"[256, 2, 128, 16, 0, 16, 8, 2, 0, 8, 2, 4, 0, 0, 0, 0]",up,256
199,2472,"[0, 0, 2, 0, 0, 2, 128, 16, 0, 16, 8, 2, 256, 8, 2, 4]",down,256
200,2472,"[2, 0, 0, 2, 2, 128, 16, 0, 16, 8, 2, 0, 256, 8, 2, 4]",left,256
201,2496,"[4, 128, 16, 2, 16, 16, 4, 4, 256, 0, 0, 0, 0, 4, 0, 0]",up,256
202,2496,"[4, 128, 16, 2, 16, 16, 4, 4, 256, 4, 0, 0, 0, 0, 4, 0]",up,256
203,2536,"[4, 128, 16, 2, 2, 0, 32, 8, 0, 0, 256, 4, 0, 0, 0, 4]",right,256
204,2544,"[4, 128, 16, 2, 2, 0, 32, 8, 2, 0, 256, 8, 0, 0, 0, 0]",up,256
205,2564,"[4, 128, 16, 2, 4, 0, 32, 16, 0, 0, 256, 2, 0, 0, 0, 0]",up,256
206,2564,"[4, 128, 16, 2, 4, 32, 16, 2, 256, 2, 0, 0, 0, 0, 0, 0]",left,256
207,2608,"[8, 128, 32, 4, 256, 32, 0, 0, 0, 2, 0, 0, 0, 0, 0, 2]",up,256
208,2608,"[8, 128, 32, 4, 256, 32, 0, 2, 2, 2, 0, 0, 0, 0, 0, 0]",up,256
209,2608,"[0, 0, 0, 0, 8, 128, 0, 2, 256, 32, 0, 4, 2, 2, 32, 2]",down,256
210,2608,"[8, 128, 32, 2, 256, 32, 0, 4, 2, 2, 0, 2, 2, 0, 0, 0]",up,256
211,2612,"[8, 128, 32, 2, 256, 32, 0, 4, 4, 2, 0, 2, 0, 2, 0, 0]",up,256
212,2616,"[8, 128, 32, 2, 256, 32, 0, 4, 4, 4, 2, 2, 0, 0, 0, 0]",up,256
213,2628,"[8, 128, 32, 2, 0, 256, 32, 4, 0, 0, 8, 4, 0, 2, 0, 0]",right,256
214,2700,"[8, 128, 64, 2, 0, 256, 8, 8, 2, 2, 0, 0, 0, 0, 0, 0]",up,256
215,2700,"[8, 128, 64, 2, 2, 256, 8, 8, 0, 2, 0, 0, 0, 0, 2, 0]",up,256
216,2700,"[8, 128, 64, 2, 2, 256, 8, 8, 0, 2, 2, 2, 0, 0, 0, 0]",up,256
217,2700,"[0, 2, 0, 0, 0, 128, 64, 2, 8, 256, 8, 8, 2, 2, 2, 2]",down,256
218,2724,"[2, 0, 0, 2, 128, 64, 2, 0, 8, 256, 16, 0, 4, 4, 0, 0]",left,256
219,2724,"[2, 0, 0, 0, 128, 64, 0, 0, 8, 256, 2, 2, 4, 4, 16, 2]",down,256
220,2736,"[2, 0, 0, 0, 128, 64, 0, 0, 8, 256, 4, 0, 8, 16, 2, 4]",left,256
221,2752,"[2, 64, 4, 4, 128, 256, 2, 0, 16, 16, 0, 2, 0, 0, 0, 0]",up,256
222,2752,"[2, 64, 4, 4, 128, 256, 2, 2, 16, 16, 0, 2, 0, 0, 0, 0]",up,256
223,2756,"[2, 64, 4, 4, 128, 256, 2, 4, 16, 16, 0, 0, 0, 0, 2, 0]",up,256
224,2768,"[2, 64, 4, 8, 128, 256, 4, 0, 16, 16, 0, 0, 0, 0, 0, 2]",up,256
225,2776,"[2, 64, 8, 8, 128, 256, 0, 2, 16, 16, 0, 0, 0, 0, 0, 4]",up,256
226,2776,"[2, 64, 8, 8, 128, 256, 0, 2, 16, 16, 0, 4, 0, 0, 0, 2]",up,256
227,2776,"[0, 2, 0, 8, 2, 64, 0, 2, 128, 256, 0, 4, 16, 16, 8, 2]",down,256
228,2776,"[2, 2, 8, 8, 128, 64, 0, 2, 16, 256, 0, 4, 2, 16, 0, 2]",up,256
229,2776,"[2, 2, 0, 8, 128, 64, 0, 2, 16, 256, 2, 4, 2, 16, 8, 2]",down,256
230,2780,"[4, 8, 2, 0, 128, 64, 2, 0, 16, 256, 2, 4, 2, 16, 8, 2]",left,256
231,2784,"[4, 8, 4, 4, 128, 64, 2, 2, 16, 256, 8, 0, 2, 16, 2, 0]",up,256
232,2796,"[4, 8, 8, 0, 128, 64, 4, 0, 16, 256, 8, 0, 2, 16, 2, 2]",left,256
233,2796,"[4, 8, 8, 2, 128, 64, 4, 0, 16, 256, 8, 0, 2, 16, 2, 2]",up,256
234,2800,"[4, 8, 8, 4, 128, 64, 4, 0, 16, 256, 8, 0, 2, 16, 2, 2]",up,256
235,2820,"[4, 16, 4, 0, 128, 64, 4, 0, 16, 256, 8, 0, 2, 16, 4, 2]",left,256
236,2828,"[4, 16, 8, 2, 128, 64, 8, 0, 16, 256, 4, 0, 2, 16, 0, 2]",up,256
237,2848,"[4, 16, 16, 4, 128, 64, 4, 0, 16, 256, 2, 0, 2, 16, 0, 0]",up,256
238,2848,"[4, 16, 0, 0, 128, 64, 16, 0, 16, 256, 4, 2, 2, 16, 2, 4]",down,256
239,2848,"[4, 16, 16, 2, 128, 64, 4, 4, 16, 256, 2, 0, 2, 16, 0, 2]",up,256
240,2848,"[4, 16, 16, 2, 128, 64, 4, 4, 16, 256, 2, 2, 2, 16, 2, 0]",up,256
241,2852,"[4, 16, 16, 2, 128, 64, 4, 4, 16, 256, 4, 2, 2, 16, 0, 4]",up,256
242,2892,"[4, 32, 2, 4, 128, 64, 8, 0, 16, 256, 4, 2, 2, 16, 4, 0]",left,256
243,2900,"[4, 32, 2, 4, 128, 64, 8, 2, 16, 256, 8, 2, 2, 16, 0, 0]",up,256
244,2920,"[4, 32, 2, 4, 128, 64, 16, 4, 16, 256, 0, 0, 2, 16, 2, 0]",up,256
245,2924,"[4, 32, 0, 0, 128, 64, 2, 0, 16, 256, 16, 4, 2, 16, 2, 8]",down,256
246,2924,"[0, 2, 4, 32, 0, 128, 64, 2, 16, 256, 16, 4, 2, 16, 2, 8]",right,256
247,2924,"[16, 2, 4, 32, 2, 128, 64, 2, 2, 256, 16, 4, 0, 16, 2, 8]",up,256
248,2928,"[16, 2, 4, 32, 4, 128, 64, 2, 0, 256, 16, 4, 2, 16, 2, 8]",up,256
249,2928,"[16, 2, 4, 32, 4, 128, 64, 2, 256, 16, 4, 2, 2, 16, 2, 8]",left,256
250,2946,"[16, 0, 4, 2, 4, 2, 64, 32, 256, 128, 4, 4, 2, 32, 2, 8]",down,256
251,2946,"[16, 2, 4, 2, 4, 128, 64, 32, 256, 32, 4, 4, 2, 2, 2, 8]",up,256
252,2958,"[16, 2, 4, 2, 4, 128, 64, 32, 2, 256, 32, 8, 0, 2, 4, 8]",right,256
253,2966,"[0, 2, 4, 2, 16, 128, 64, 2, 4, 256, 32, 32, 2, 2, 4, 16]",down,256
254,3034,"[2, 4, 2, 2, 16, 128, 64, 2, 4, 256, 64, 0, 4, 4, 16, 0]",left,256
255,3174,"[2, 4, 2, 4, 16, 128, 128, 0, 8, 256, 16, 0, 2, 4, 0, 0]",up,256
256,3430,"[2, 4, 2, 4, 16, 256, 0, 0, 8, 256, 16, 0, 2, 4, 0, 2]",left,256
257,3686,"[2, 0, 2, 0, 16, 4, 0, 0, 8, 512, 2, 4, 2, 4, 16, 2]",down,512
258,3690,"[2, 4, 4, 4, 16, 512, 16, 2, 8, 4, 2, 0, 2, 0, 0, 0]",up,512
259,3690,"[2, 0, 0, 2, 16, 4, 4, 0, 8, 512, 16, 4, 2, 4, 2, 2]",down,512
260,3706,"[0, 0, 0, 4, 0, 2, 16, 8, 8, 512, 16, 4, 0, 2, 4, 4]",right,512
261,3746,"[8, 2, 32, 4, 0, 512, 4, 8, 0, 2, 2, 8, 0, 0, 0, 0]",up,512
262,3762,"[8, 2, 32, 4, 0, 512, 4, 16, 0, 2, 2, 0, 0, 0, 2, 0]",up,512
263,3766,"[8, 2, 32, 4, 0, 512, 4, 16, 0, 2, 4, 0, 0, 0, 0, 2]",up,512
264,3774,"[8, 2, 32, 4, 0, 512, 8, 16, 0, 2, 2, 2, 0, 0, 0, 0]",up,512
265,3774,"[0, 0, 0, 0, 0, 2, 32, 4, 2, 512, 8, 16, 8, 2, 2, 2]",down,512
266,3774,"[2, 2, 32, 4, 8, 512, 8, 16, 0, 2, 2, 2, 0, 0, 0, 2]",up,512
267,3778,"[2, 2, 32, 4, 8, 512, 8, 16, 4, 2, 2, 4, 0, 0, 0, 0]",up,512
268,3786,"[4, 32, 4, 0, 8, 512, 8, 16, 4, 4, 4, 0, 0, 0, 4, 0]",left,512
269,3794,"[4, 32, 4, 16, 8, 512, 8, 0, 4, 4, 8, 0, 0, 2, 0, 0]",up,512
270,3802,"[0, 32, 2, 0, 4, 512, 0, 0, 8, 4, 4, 0, 4, 2, 16, 16]",down,512
271,3802,"[0, 32, 0, 0, 4, 512, 2, 2, 8, 4, 4, 0, 4, 2, 16, 16]",down,512
272,3846,"[32, 0, 0, 0, 4, 512, 4, 0, 8, 8, 2, 0, 4, 2, 32, 0]",left,512
273,3862,"[32, 0, 0, 0, 4, 512, 4, 2, 16, 2, 0, 0, 4, 2, 32, 0]",left,512
274,3864,"[32, 0, 0, 0, 4, 0, 0, 2, 16, 512, 4, 0, 4, 4, 32, 2]",down,512
275,3868,"[32, 512, 4, 4, 4, 4, 32, 0, 16, 0, 0, 2, 4, 0, 0, 0]",up,512
276,3868,"[32, 512, 4, 4, 4, 4, 32, 2, 16, 0, 2, 0, 4, 0, 0, 0]",up,512
277,3884,"[0, 32, 512, 8, 0, 8, 32, 2, 0, 0, 16, 2, 0, 2, 0, 4]",right,512
278,3886,"[0, 0, 0, 0, 2, 32, 512, 8, 0, 8, 32, 4, 0, 2, 16, 4]",down,512
279,3894,"[2, 32, 512, 8, 0, 8, 32, 8, 0, 2, 16, 0, 0, 0, 0, 2]",up,512
280,3894,"[2, 32, 512, 8, 0, 8, 32, 8, 0, 0, 2, 16, 0, 0, 2, 2]",right,512
281,3914,"[2, 32, 512, 16, 0, 8, 32, 16, 0, 2, 4, 2, 0, 0, 0, 0]",up,512
282,3930,"[0, 4, 0, 0, 0, 32, 512, 0, 0, 8, 32, 32, 2, 2, 4, 2]",down,512
283,3998,"[4, 0, 2, 0, 32, 512, 0, 0, 8, 64, 0, 0, 4, 4, 2, 0]",left,512
284,4000,"[4, 0, 0, 0, 32, 512, 2, 0, 8, 64, 0, 0, 4, 4, 4, 0]",down,512
285,4000,"[4, 0, 0, 0, 32, 512, 0, 0, 8, 64, 2, 0, 4, 4, 4, 2]",down,512
286,4008,"[4, 0, 0, 0, 32, 512, 2, 0, 8, 64, 2, 0, 8, 4, 2, 0]",left,512
287,4008,"[0, 0, 2, 4, 0, 32, 512, 2, 0, 8, 64, 2, 0, 8, 4, 2]",right,512
288,4028,"[0, 32, 2, 4, 4, 16, 512, 4, 0, 0, 64, 2, 0, 0, 4, 0]",up,512
289,4036,"[4, 32, 2, 8, 0, 16, 512, 2, 0, 0, 64, 2, 0, 0, 4, 0]",up,512
290,4038,"[2, 0, 2, 0, 0, 0, 512, 0, 0, 32, 64, 8, 4, 16, 4, 4]",down,512
291,4050,"[4, 0, 0, 0, 512, 0, 0, 0, 32, 64, 8, 2, 4, 16, 8, 0]",left,512
292,4058,"[4, 0, 0, 0, 512, 0, 2, 0, 32, 64, 0, 0, 4, 16, 16, 2]",down,512
293,4058,"[4, 64, 2, 2, 512, 16, 16, 0, 32, 2, 0, 0, 4, 0, 0, 0]",up,512
294,4094,"[4, 64, 4, 2, 512, 32, 0, 0, 32, 2, 0, 0, 4, 0, 0, 0]",left,512
295,4094,"[4, 0, 0, 0, 512, 64, 0, 2, 32, 32, 0, 0, 4, 2, 4, 2]",down,512
296,4096,"[4, 0, 0, 0, 512, 64, 0, 2, 32, 32, 0, 0, 4, 2, 4, 4]",down,512
297,4096,"[4, 4, 0, 0, 512, 64, 0, 0, 32, 32, 0, 2, 4, 2, 4, 4]",down,512
298,4176,"[8, 0, 0, 0, 512, 64, 2, 0, 64, 2, 0, 0, 4, 2, 8, 0]",left,512
299,4178,"[8, 0, 0, 0, 512, 2, 0, 0, 64, 64, 2, 0, 4, 4, 8, 0]",down,512
300,4314,"[8, 0, 0, 0, 512, 2, 0, 2, 128, 2, 0, 0, 8, 8, 0, 0]",left,512
301,4318,"[8, 4, 0, 2, 512, 8, 0, 0, 128, 0, 0, 0, 8, 0, 0, 2]",up,512
302,4322,"[8, 4, 0, 4, 512, 8, 0, 0, 128, 0, 2, 0, 8, 0, 0, 0]",up,512
303,4322,"[8, 0, 0, 0, 512, 0, 2, 0, 128, 4, 0, 0, 8, 8, 2, 4]",down,512
304,4326,"[8, 4, 4, 4, 512, 8, 0, 0, 128, 2, 0, 0, 8, 0, 0, 0]",up,512
305,4326,"[8, 0, 0, 2, 512, 4, 0, 0, 128, 8, 0, 0, 8, 2, 4, 4]",down,512
306,4334,"[0, 0, 8, 2, 0, 2, 512, 4, 0, 0, 128, 8, 0, 8, 2, 8]",right,512
307,4350,"[0, 2, 8, 2, 0, 8, 512, 4, 0, 0, 128, 16, 0, 0, 2, 2]",up,512
308,4354,"[2, 8, 2, 0, 8, 512, 4, 0, 128, 16, 0, 0, 4, 2, 0, 0]",left,512
309,4354,"[2, 8, 0, 2, 8, 512, 0, 0, 128, 16, 2, 0, 4, 2, 4, 0]",down,512
310,4354,"[2, 8, 2, 2, 8, 512, 4, 2, 128, 16, 0, 0, 4, 2, 0, 0]",up,512
311,4358,"[2, 8, 2, 4, 8, 512, 4, 4, 128, 16, 0, 0, 4, 2, 0, 0]",up,512
312,4366,"[2, 8, 2, 8, 8, 512, 4, 2, 128, 16, 0, 0, 4, 2, 0, 0]",up,512
313,4366,"[2, 8, 0, 0, 8, 512, 2, 0, 128, 16, 2, 8, 4, 2, 4, 2]",down,512
314,4370,"[2, 8, 4, 8, 8, 512, 4, 2, 128, 16, 2, 0, 4, 2, 0, 0]",up,512
315,4374,"[2, 8, 0, 0, 8, 512, 4, 0, 128, 16, 8, 8, 4, 2, 2, 2]",down,512
316,4394,"[2, 8, 0, 0, 8, 512, 4, 2, 128, 16, 16, 0, 4, 4, 2, 0]",left,512
317,4394,"[2, 8, 4, 2, 8, 512, 16, 0, 128, 16, 2, 0, 4, 4, 2, 0]",up,512
318,4402,"[2, 8, 4, 2, 0, 8, 512, 16, 0, 128, 16, 2, 2, 0, 8, 2]",right,512
319,4426,"[4, 16, 4, 2, 2, 128, 512, 16, 0, 0, 16, 4, 0, 0, 8, 0]",up,512
320,4426,"[0, 0, 4, 0, 2, 0, 512, 2, 4, 16, 16, 16, 2, 128, 8, 4]",down,512
321,4458,"[0, 0, 2, 4, 0, 2, 512, 2, 0, 4, 16, 32, 2, 128, 8, 4]",right,512
322,4458,"[2, 2, 2, 4, 0, 4, 512, 2, 0, 128, 16, 32, 0, 2, 8, 4]",up,512
323,4458,"[0, 2, 2, 4, 0, 4, 512, 2, 4, 128, 16, 32, 2, 2, 8, 4]",down,512
324,4466,"[4, 4, 0, 0, 4, 512, 2, 0, 4, 128, 16, 32, 4, 8, 4, 2]",left,512
325,4482,"[8, 4, 2, 32, 8, 512, 16, 2, 0, 128, 4, 0, 0, 8, 2, 0]",up,512
326,4498,"[16, 4, 2, 32, 0, 512, 16, 2, 2, 128, 4, 0, 0, 8, 2, 0]",up,512
327,4498,"[2, 4, 2, 0, 0, 512, 16, 0, 16, 128, 4, 32, 2, 8, 2, 2]",down,512
328,4502,"[2, 4, 2, 0, 512, 16, 2, 0, 16, 128, 4, 32, 2, 8, 4, 0]",left,512
329,4514,"[2, 4, 4, 32, 512, 16, 8, 0, 16, 128, 0, 0, 2, 8, 0, 2]",up,512
330,4514,"[2, 4, 4, 32, 512, 16, 8, 2, 16, 128, 0, 0, 2, 8, 0, 2]",up,512
331,4518,"[2, 4, 4, 32, 512, 16, 8, 4, 16, 128, 0, 2, 2, 8, 0, 0]",up,512
332,4526,"[0, 2, 8, 32, 512, 16, 8, 4, 2, 16, 128, 2, 0, 0, 2, 8]",right,512
333,4574,"[512, 2, 16, 32, 2, 32, 128, 4, 0, 0, 2, 2, 0, 0, 2, 8]",up,512
334,4578,"[512, 2, 16, 32, 2, 32, 128, 4, 4, 0, 0, 0, 2, 8, 4, 0]",left,512
335,4578,"[512, 0, 0, 0, 2, 2, 16, 2, 4, 32, 128, 32, 2, 8, 4, 4]",down,512
336,4590,"[512, 0, 0, 4, 4, 16, 2, 0, 4, 32, 128, 32, 2, 8, 8, 0]",left,512
337,4598,"[512, 16, 2, 4, 8, 32, 128, 32, 2, 8, 8, 0, 0, 0, 0, 2]",up,512
338,4614,"[512, 16, 2, 4, 8, 32, 128, 32, 2, 16, 0, 0, 2, 0, 2, 0]",left,512
339,4618,"[512, 16, 2, 4, 8, 32, 128, 32, 4, 16, 2, 0, 0, 2, 0, 0]",up,512
340,4618,"[0, 16, 0, 0, 512, 32, 2, 2, 8, 16, 128, 4, 4, 2, 2, 32]",down,512
341,4626,"[16, 0, 0, 0, 512, 32, 4, 2, 8, 16, 128, 4, 4, 4, 32, 0]",left,512
342,4626,"[16, 0, 2, 0, 512, 32, 4, 0, 8, 16, 128, 2, 4, 4, 32, 4]",down,512
343,4626,"[16, 32, 2, 2, 512, 16, 4, 4, 8, 4, 128, 0, 4, 0, 32, 2]",up,512
344,4626,"[16, 0, 2, 2, 512, 32, 4, 2, 8, 16, 128, 4, 4, 4, 32, 2]",down,512
345,4638,"[16, 4, 0, 0, 512, 32, 4, 2, 8, 16, 128, 4, 8, 32, 2, 2]",left,512
346,4654,"[16, 4, 4, 2, 512, 32, 128, 4, 16, 16, 2, 2, 0, 32, 0, 2]",up,512
347,4658,"[16, 4, 4, 2, 512, 32, 128, 4, 16, 16, 2, 4, 0, 32, 2, 0]",up,512
348,4670,"[16, 4, 4, 2, 512, 32, 128, 8, 16, 16, 4, 0, 0, 32, 0, 2]",up,512
349,4710,"[0, 16, 8, 2, 512, 32, 128, 8, 0, 0, 32, 4, 2, 0, 32, 2]",right,512
350,4774,"[512, 16, 8, 2, 2, 32, 128, 8, 0, 0, 64, 4, 0, 2, 0, 2]",up,512
351,4774,"[2, 0, 0, 2, 0, 16, 8, 8, 512, 32, 128, 4, 2, 2, 64, 2]",down,512
352,4798,"[4, 0, 0, 0, 16, 16, 0, 2, 512, 32, 128, 4, 4, 64, 2, 0]",left,512
353,4830,"[4, 0, 0, 0, 32, 2, 0, 0, 512, 32, 128, 4, 4, 64, 2, 4]",left,512
354,4838,"[4, 2, 128, 8, 32, 32, 2, 0, 512, 64, 0, 0, 4, 2, 0, 0]",up,512
355,4902,"[4, 2, 128, 8, 64, 2, 0, 0, 512, 64, 2, 0, 4, 2, 0, 0]",left,512
356,4906,"[4, 4, 128, 8, 64, 64, 2, 0, 512, 2, 0, 0, 4, 0, 0, 2]",up,512
357,4906,"[4, 4, 128, 8, 64, 64, 2, 2, 512, 2, 2, 0, 4, 0, 0, 0]",up,512
358,5050,"[0, 8, 128, 8, 0, 2, 128, 4, 0, 0, 512, 4, 0, 0, 0, 4]",right,512
359,5314,"[0, 8, 256, 8, 0, 2, 512, 8, 0, 0, 0, 4, 0, 2, 0, 0]",up,512
360,5334,"[0, 8, 256, 16, 0, 4, 512, 4, 0, 0, 0, 0, 0, 0, 0, 2]",up,512
361,5334,"[0, 8, 256, 16, 0, 4, 512, 4, 0, 2, 0, 2, 0, 0, 0, 0]",up,512
362,5338,"[8, 256, 16, 0, 4, 512, 4, 0, 4, 0, 2, 0, 0, 0, 0, 0]",left,512
363,5346,"[8, 256, 16, 0, 8, 512, 4, 0, 0, 0, 2, 0, 2, 0, 0, 0]",up,512
364,5346,"[0, 8, 256, 16, 2, 8, 512, 4, 0, 0, 0, 2, 0, 0, 0, 2]",right,512
365,5366,"[2, 16, 256, 16, 0, 0, 512, 4, 0, 0, 0, 4, 0, 0, 0, 2]",up,512
366,5374,"[2, 16, 256, 16, 0, 0, 512, 8, 0, 0, 0, 2, 0, 0, 2, 0]",up,512
367,5374,"[2, 16, 256, 16, 2, 0, 512, 8, 0, 0, 2, 2, 0, 0, 0, 0]",up,512
368,5378,"[2, 16, 256, 16, 2, 512, 8, 0, 4, 0, 0, 0, 2, 0, 0, 0]",left,512
369,5382,"[4, 16, 256, 16, 4, 512, 8, 0, 2, 0, 0, 0, 2, 0, 0, 0]",up,512
370,5394,"[8, 16, 256, 16, 4, 512, 8, 0, 0, 0, 2, 0, 0, 0, 0, 0]",up,512
371,5394,"[0, 0, 0, 0, 0, 0, 256, 2, 8, 16, 8, 0, 4, 512, 2, 16]",down,512
372,5394,"[8, 16, 256, 2, 4, 512, 8, 16, 0, 0, 2, 0, 2, 0, 0, 0]",up,512
373,5394,"[8, 16, 256, 2, 4, 512, 8, 16, 2, 0, 2, 0, 0, 0, 2, 0]",up,512
374,5398,"[8, 16, 256, 2, 4, 512, 8, 16, 4, 0, 0, 0, 2, 0, 0, 2]",left,512
375,5406,"[8, 16, 256, 2, 8, 512, 8, 16, 2, 0, 0, 2, 4, 0, 0, 0]",up,512
376,5410,"[8, 16, 256, 2, 8, 512, 8, 16, 4, 0, 0, 0, 4, 0, 0, 2]",left,512
377,5434,"[16, 16, 256, 2, 8, 512, 8, 16, 0, 0, 0, 2, 0, 0, 0, 2]",up,512
378,5438,"[16, 16, 256, 2, 8, 512, 8, 16, 0, 0, 0, 4, 0, 0, 0, 4]",up,512
379,5442,"[0, 0, 0, 2, 0, 0, 0, 2, 16, 16, 256, 16, 8, 512, 8, 8]",down,512
380,5444,"[0, 0, 0, 2, 0, 0, 0, 4, 16, 16, 256, 16, 8, 512, 8, 8]",down,512
381,5492,"[2, 0, 0, 0, 4, 0, 2, 0, 32, 256, 16, 0, 8, 512, 16, 0]",left,512
382,5492,"[2, 0, 0, 2, 0, 0, 4, 2, 0, 32, 256, 16, 0, 8, 512, 16]",right,512
383,5528,"[2, 32, 4, 4, 0, 8, 256, 32, 0, 0, 512, 0, 0, 0, 0, 4]",up,512
384,5528,"[2, 32, 4, 4, 0, 8, 256, 32, 0, 0, 512, 4, 0, 0, 2, 0]",up,512
385,5536,"[0, 2, 32, 8, 0, 8, 256, 32, 0, 0, 512, 4, 2, 0, 0, 2]",right,512
386,5536,"[0, 0, 0, 8, 2, 0, 32, 32, 0, 2, 256, 4, 2, 8, 512, 2]",down,512
387,5540,"[4, 2, 32, 8, 0, 8, 256, 32, 2, 0, 512, 4, 0, 0, 0, 2]",up,512
388,5540,"[4, 2, 32, 8, 8, 256, 32, 0, 2, 512, 4, 2, 2, 0, 0, 0]",left,512
389,5608,"[4, 2, 64, 8, 8, 256, 4, 2, 4, 512, 0, 0, 2, 0, 0, 0]",up,512
390,5608,"[4, 2, 64, 8, 8, 256, 4, 2, 0, 0, 4, 512, 0, 2, 0, 2]",right,512
391,5612,"[2, 0, 0, 8, 0, 2, 0, 2, 4, 256, 64, 512, 8, 2, 8, 2]",down,512
392,5612,"[2, 2, 64, 8, 4, 256, 8, 2, 8, 2, 0, 512, 0, 2, 0, 2]",up,512
393,5616,"[2, 2, 64, 8, 4, 256, 8, 2, 8, 4, 2, 512, 0, 0, 0, 2]",up,512
394,5616,"[0, 2, 0, 8, 2, 2, 64, 2, 4, 256, 8, 512, 8, 4, 2, 2]",down,512
395,5624,"[2, 8, 0, 0, 4, 64, 2, 0, 4, 256, 8, 512, 8, 4, 4, 2]",left,512
396,5628,"[0, 8, 2, 0, 2, 64, 2, 0, 8, 256, 8, 512, 8, 4, 4, 2]",down,512
397,5638,"[4, 8, 0, 0, 0, 64, 4, 0, 2, 256, 8, 512, 16, 4, 4, 2]",down,512
398,5646,"[2, 0, 4, 8, 0, 0, 64, 4, 2, 256, 8, 512, 0, 16, 8, 2]",right,512
399,5656,"[0, 0, 0, 8, 0, 0, 4, 4, 2, 256, 64, 512, 4, 16, 16, 2]",down,512
400,5696,"[8, 0, 0, 0, 8, 2, 0, 0, 2, 256, 64, 512, 4, 32, 2, 0]",left,512
401,5712,"[16, 2, 64, 512, 2, 256, 2, 0, 4, 32, 0, 0, 0, 0, 0, 4]",up,512
402,5712,"[16, 2, 64, 512, 0, 2, 256, 2, 0, 0, 4, 32, 2, 0, 0, 4]",right,512
403,5716,"[16, 4, 64, 512, 2, 0, 256, 2, 0, 0, 4, 32, 0, 0, 2, 4]",up,512
404,5716,"[16, 4, 64, 512, 4, 2, 256, 2, 0, 0, 4, 32, 0, 0, 2, 4]",right,512
405,5716,"[0, 2, 64, 512, 0, 0, 256, 2, 16, 4, 4, 32, 4, 2, 2, 4]",down,512
406,5716,"[16, 2, 64, 512, 4, 4, 256, 2, 2, 2, 4, 32, 0, 0, 2, 4]",up,512
407,5728,"[16, 2, 64, 512, 8, 256, 2, 0, 4, 4, 32, 2, 2, 4, 0, 0]",left,512
408,5736,"[16, 2, 64, 512, 0, 8, 256, 2, 0, 8, 32, 2, 0, 2, 2, 4]",right,512
409,5756,"[16, 2, 64, 512, 0, 16, 256, 4, 2, 2, 32, 4, 0, 0, 2, 0]",up,512
410,5760,"[0, 2, 64, 0, 0, 2, 256, 0, 16, 16, 32, 512, 2, 2, 2, 8]",down,512
411,5762,"[0, 0, 64, 0, 2, 4, 256, 0, 16, 16, 32, 512, 2, 2, 2, 8]",down,512
412,5798,"[0, 0, 0, 64, 0, 2, 4, 256, 2, 32, 32, 512, 0, 2, 4, 8]",right,512
413,5798,"[2, 2, 4, 64, 0, 32, 32, 256, 2, 2, 4, 512, 0, 0, 0, 8]",up,512
414,5870,"[4, 4, 64, 0, 64, 256, 0, 0, 4, 4, 512, 0, 8, 0, 2, 0]",left,512
415,5870,"[4, 4, 64, 0, 64, 256, 512, 0, 4, 4, 2, 2, 8, 0, 0, 0]",up,512
416,5890,"[8, 64, 0, 2, 64, 256, 512, 0, 8, 4, 0, 0, 8, 0, 0, 0]",left,512
417,5906,"[8, 64, 512, 2, 64, 256, 0, 2, 16, 4, 0, 0, 0, 0, 0, 0]",up,512
418,5906,"[8, 64, 512, 2, 64, 256, 2, 2, 16, 4, 0, 0, 0, 0, 0, 0]",left,512
419,5910,"[8, 64, 512, 2, 64, 256, 4, 0, 16, 4, 0, 0, 0, 0, 0, 2]",left,512
420,5914,"[8, 64, 512, 4, 64, 256, 4, 0, 16, 4, 0, 2, 0, 0, 0, 0]",up,512
421,5914,"[8, 64, 512, 4, 64, 256, 4, 0, 16, 4, 2, 0, 0, 0, 2, 0]",left,512
422,5918,"[8, 64, 512, 4, 64, 256, 4, 0, 16, 4, 4, 2, 0, 0, 0, 0]",up,512
423,5926,"[8, 64, 512, 4, 64, 256, 4, 0, 16, 8, 2, 2, 0, 0, 0, 0]",left,512
424,5930,"[8, 64, 512, 4, 64, 256, 4, 2, 16, 8, 4, 0, 0, 0, 0, 0]",left,512
425,5934,"[0, 0, 0, 2, 8, 64, 0, 0, 64, 256, 512, 4, 16, 8, 8, 2]",down,512
426,5934,"[0, 0, 0, 0, 8, 64, 2, 2, 64, 256, 512, 4, 16, 8, 8, 2]",down,512
427,5954,"[0, 0, 0, 0, 8, 64, 4, 2, 64, 256, 512, 4, 16, 16, 2, 0]",left,512
428,5954,"[8, 64, 4, 2, 64, 256, 512, 4, 16, 16, 2, 0, 0, 2, 0, 0]",up,512
429,5986,"[8, 64, 4, 2, 64, 256, 512, 4, 32, 2, 2, 0, 2, 0, 0, 0]",left,512
430,5986,"[8, 0, 0, 2, 64, 64, 4, 0, 32, 256, 512, 2, 2, 2, 2, 4]",down,512
431,5990,"[8, 64, 4, 4, 64, 256, 512, 4, 32, 2, 2, 2, 2, 0, 0, 0]",up,512
432,5994,"[8, 2, 0, 0, 64, 64, 4, 0, 32, 256, 512, 8, 2, 2, 2, 2]",down,512
433,6130,"[8, 2, 0, 2, 128, 4, 0, 0, 32, 256, 512, 8, 4, 4, 0, 0]",left,512
434,6142,"[0, 0, 8, 4, 2, 0, 128, 4, 32, 256, 512, 8, 0, 0, 0, 8]",right,512
435,6166,"[2, 256, 8, 8, 32, 0, 128, 16, 0, 0, 512, 0, 0, 0, 2, 0]",up,512
436,6182,"[2, 256, 16, 0, 32, 128, 16, 0, 512, 0, 2, 0, 2, 0, 0, 0]",left,512
437,6198,"[2, 0, 0, 0, 32, 0, 0, 0, 512, 256, 32, 0, 2, 128, 2, 2]",down,512
438,6202,"[2, 0, 0, 0, 32, 0, 2, 0, 512, 256, 32, 0, 2, 128, 4, 0]",left,512
439,6202,"[2, 0, 0, 0, 32, 2, 0, 0, 512, 256, 32, 2, 2, 128, 4, 0]",left,512
440,6202,"[0, 0, 0, 2, 2, 0, 32, 2, 512, 256, 32, 2, 0, 2, 128, 4]",right,512
441,6270,"[2, 256, 64, 4, 512, 2, 128, 2, 0, 0, 0, 4, 0, 0, 2, 0]",up,512
442,6270,"[0, 0, 2, 0, 0, 0, 64, 4, 2, 256, 128, 2, 512, 2, 2, 4]",down,512
443,6274,"[2, 0, 2, 0, 64, 4, 0, 0, 2, 256, 128, 2, 512, 4, 4, 0]",left,512
444,6274,"[2, 4, 2, 2, 64, 256, 128, 0, 2, 4, 4, 0, 512, 0, 0, 4]",up,512
445,6274,"[2, 4, 2, 2, 64, 256, 128, 4, 2, 4, 4, 0, 512, 2, 0, 0]",up,512
446,6286,"[0, 2, 4, 4, 64, 256, 128, 4, 0, 0, 2, 8, 4, 0, 512, 2]",right,512
447,6294,"[64, 2, 4, 8, 4, 256, 128, 8, 0, 0, 2, 2, 0, 0, 512, 2]",up,512
448,6314,"[64, 2, 4, 16, 4, 256, 128, 4, 2, 0, 2, 0, 0, 0, 512, 0]",up,512
449,6314,"[0, 0, 4, 0, 64, 0, 128, 2, 4, 2, 2, 16, 2, 256, 512, 4]",down,512
450,6314,"[64, 2, 4, 2, 4, 256, 128, 16, 2, 0, 2, 4, 2, 0, 512, 0]",up,512
451,6318,"[64, 2, 4, 2, 4, 256, 128, 16, 4, 0, 2, 4, 0, 0, 512, 2]",up,512
452,6322,"[0, 0, 4, 2, 4, 0, 128, 16, 64, 2, 2, 4, 8, 256, 512, 2]",down,512
453,6326,"[4, 2, 2, 0, 4, 128, 16, 0, 64, 4, 4, 0, 8, 256, 512, 2]",left,512
454,6334,"[8, 2, 2, 2, 64, 128, 16, 0, 8, 4, 4, 2, 0, 256, 512, 0]",up,512
455,6338,"[8, 2, 2, 4, 64, 128, 16, 0, 8, 4, 4, 2, 0, 256, 512, 0]",up,512
456,6350,"[8, 4, 4, 0, 64, 128, 16, 2, 8, 8, 2, 0, 256, 512, 0, 0]",left,512
457,6374,"[8, 8, 2, 0, 64, 128, 16, 2, 16, 2, 0, 0, 256, 512, 0, 0]",left,512
458,6374,"[8, 8, 2, 0, 64, 128, 0, 0, 16, 2, 2, 0, 256, 512, 16, 2]",down,512
459,6394,"[16, 2, 0, 0, 64, 128, 0, 2, 16, 4, 0, 0, 256, 512, 16, 2]",left,512
460,6396,"[16, 2, 0, 0, 64, 128, 2, 0, 16, 4, 0, 0, 256, 512, 16, 4]",down,512
461,6396,"[0, 0, 16, 2, 2, 64, 128, 2, 0, 0, 16, 4, 256, 512, 16, 4]",right,512
462,6440,"[2, 64, 16, 4, 256, 512, 128, 8, 0, 2, 32, 0, 0, 0, 0, 0]",up,512
463,6440,"[2, 0, 0, 0, 0, 64, 16, 0, 2, 512, 128, 4, 256, 2, 32, 8]",down,512
464,6444,"[4, 64, 16, 4, 256, 512, 128, 8, 0, 2, 32, 0, 0, 0, 0, 2]",up,512
465,6444,"[4, 64, 16, 4, 256, 512, 128, 8, 2, 32, 0, 0, 2, 0, 2, 0]",left,512
466,6448,"[4, 64, 16, 4, 256, 512, 128, 8, 4, 32, 2, 2, 0, 0, 0, 0]",up,512
467,6448,"[0, 0, 2, 0, 4, 64, 16, 4, 256, 512, 128, 8, 4, 32, 2, 2]",down,512
468,6448,"[4, 64, 2, 4, 256, 512, 16, 8, 4, 32, 128, 2, 0, 2, 2, 0]",up,512
469,6448,"[2, 64, 2, 0, 4, 512, 16, 4, 256, 32, 128, 8, 4, 2, 2, 2]",down,512
470,6448,"[2, 64, 2, 4, 4, 512, 16, 8, 256, 32, 128, 2, 4, 2, 2, 2]",up,512
471,6452,"[2, 64, 2, 4, 4, 512, 16, 8, 256, 32, 128, 4, 4, 2, 2, 2]",up,512
472,6456,"[2, 64, 2, 4, 4, 512, 16, 8, 256, 32, 128, 4, 2, 4, 2, 4]",right,512
473,6464,"[2, 64, 2, 4, 4, 512, 16, 8, 256, 32, 128, 8, 2, 4, 2, 2]",up,512
474,6468,"[2, 64, 2, 4, 4, 512, 16, 8, 256, 32, 128, 8, 2, 4, 4, 2]",left,512
475,6484,"[2, 64, 2, 4, 4, 512, 16, 16, 256, 32, 128, 2, 2, 4, 4, 2]",up,512
476,6488,"[2, 64, 2, 4, 4, 512, 16, 16, 256, 32, 128, 4, 2, 4, 4, 2]",up,512
477,6528,"[2, 64, 2, 4, 4, 512, 32, 2, 256, 32, 128, 4, 2, 8, 2, 0]",left,512
478,6528,"[2, 64, 2, 2, 4, 512, 32, 4, 256, 32, 128, 2, 2, 8, 2, 4]",down,512
479,6532,"[2, 64, 4, 4, 4, 512, 32, 4, 256, 32, 128, 2, 2, 8, 2, 4]",left,512
480,6540,"[2, 64, 4, 8, 4, 512, 32, 2, 256, 32, 128, 4, 2, 8, 2, 2]",up,512
481,6544,"[2, 64, 4, 8, 4, 512, 32, 2, 256, 32, 128, 4, 2, 2, 8, 4]",right,512
482,6552,"[2, 64, 4, 8, 4, 512, 32, 2, 256, 32, 128, 8, 2, 2, 8, 2]",up,512
483,6556,"[2, 64, 4, 8, 4, 512, 32, 2, 256, 32, 128, 8, 4, 8, 2, 2]",left,512
484,6560,"[2, 64, 4, 8, 4, 512, 32, 2, 256, 32, 128, 8, 4, 8, 4, 2]",left,512
1,0,"[4, 0, 0, 0, 0, 0, 0, 0, 0, 0, 0, 0, 0, 0, 2, 0]",up,4
2,0,"[4, 0, 2, 0, 0, 0, 2, 0, 0, 0, 0, 0, 0, 0, 0, 0]",up,4
3,4,"[4, 0, 4, 0, 0, 0, 0, 0, 0, 2, 0, 0, 0, 0, 0, 0]",up,4
4,12,"[8, 0, 0, 0, 0, 0, 0, 0, 2, 2, 0, 0, 0, 0, 0, 0]",left,8
5,12,"[8, 2, 0, 0, 2, 0, 0, 0, 0, 0, 0, 0, 0, 0, 0, 2]",up,8
6,12,"[8, 2, 0, 2, 2, 2, 0, 0, 0, 0, 0, 0, 0, 0, 0, 0]",up,8
7,16,"[8, 4, 2, 2, 2, 0, 0, 0, 0, 0, 0, 0, 0, 0, 0, 0]",up,8
8,16,"[0, 0, 0, 0, 0, 0, 4, 0, 8, 0, 0, 0, 2, 4, 2, 2]",down,8
9,16,"[8, 4, 4, 2, 2, 2, 2, 0, 0, 0, 0, 0, 0, 0, 0, 0]",up,8
10,16,"[0, 0, 0, 0, 2, 0, 0, 0, 8, 4, 4, 0, 2, 2, 2, 2]",down,8
11,16,"[2, 4, 4, 2, 8, 2, 2, 0, 2, 2, 0, 0, 0, 0, 0, 0]",up,8
12,18,"[2, 0, 0, 0, 2, 0, 0, 0, 8, 4, 4, 0, 2, 4, 2, 2]",down,8
13,30,"[4, 8, 4, 2, 8, 2, 2, 0, 2, 0, 0, 0, 0, 0, 0, 0]",up,8
14,30,"[2, 0, 0, 0, 4, 0, 0, 0, 8, 8, 4, 0, 2, 2, 2, 2]",down,8
15,54,"[2, 0, 0, 0, 4, 2, 0, 0, 16, 4, 0, 0, 4, 4, 0, 0]",left,16
16,62,"[2, 2, 2, 0, 4, 8, 0, 0, 16, 0, 0, 0, 4, 0, 0, 0]",up,16
17,66,"[4, 2, 0, 0, 4, 8, 0, 2, 16, 0, 0, 0, 4, 0, 0, 0]",left,16
18,74,"[8, 2, 0, 2, 16, 8, 0, 0, 4, 0, 0, 0, 0, 2, 0, 0]",up,16
19,74,"[0, 0, 0, 2, 8, 2, 0, 0, 16, 8, 0, 0, 4, 2, 0, 2]",down,16
20,78,"[2, 0, 0, 0, 8, 2, 2, 0, 16, 8, 0, 0, 4, 4, 0, 0]",left,16
21,78,"[2, 2, 2, 0, 8, 8, 0, 0, 16, 4, 0, 0, 4, 0, 0, 2]",up,16
22,78,"[2, 2, 2, 2, 8, 8, 2, 0, 16, 4, 0, 0, 4, 0, 0, 0]",up,16
23,82,"[2, 2, 4, 2, 8, 8, 0, 0, 16, 4, 0, 0, 4, 0, 0, 2]",up,16
24,86,"[2, 2, 4, 4, 8, 8, 0, 0, 16, 4, 0, 0, 4, 0, 2, 0]",up,16
25,86,"[2, 2, 4, 4, 8, 8, 2, 0, 16, 4, 2, 0, 4, 0, 0, 0]",up,16
26,88,"[2, 2, 0, 0, 8, 2, 0, 0, 16, 8, 4, 0, 4, 4, 4, 4]",down,16
27,108,"[0, 0, 0, 4, 0, 0, 8, 2, 0, 16, 8, 4, 2, 0, 8, 8]",right,16
28,116,"[0, 0, 0, 4, 2, 0, 0, 2, 0, 0, 8, 4, 2, 16, 16, 8]",down,16
29,118,"[0, 0, 0, 4, 0, 4, 0, 2, 0, 0, 8, 4, 4, 16, 16, 8]",down,16
30,150,"[4, 0, 0, 0, 4, 2, 0, 0, 8, 4, 0, 0, 4, 32, 8, 2]",left,32
31,158,"[8, 2, 8, 2, 8, 4, 0, 0, 4, 32, 0, 0, 0, 0, 4, 0]",up,32
32,174,"[16, 2, 8, 2, 4, 4, 4, 2, 0, 32, 0, 0, 0, 0, 0, 0]",up,32
33,178,"[16, 2, 8, 4, 4, 4, 4, 0, 0, 32, 0, 2, 0, 0, 0, 0]",up,32
34,178,"[16, 2, 8, 4, 4, 4, 4, 2, 0, 32, 0, 0, 2, 0, 0, 0]",up,32
35,178,"[0, 0, 2, 0, 16, 2, 0, 0, 4, 4, 8, 4, 2, 32, 4, 2]",down,32
36,178,"[16, 2, 2, 4, 4, 4, 8, 2, 2, 32, 4, 0, 0, 2, 0, 0]",up,32
37,190,"[16, 4, 4, 0, 8, 8, 2, 0, 2, 32, 4, 0, 2, 2, 0, 0]",left,32
38,218,"[16, 8, 0, 2, 16, 2, 0, 0, 2, 32, 4, 0, 4, 0, 0, 0]",left,32
39,234,"[0, 0, 0, 0, 32, 8, 0, 0, 2, 2, 2, 0, 4, 32, 4, 2]",down,32
40,234,"[32, 8, 2, 2, 2, 2, 4, 0, 4, 32, 0, 0, 2, 0, 0, 0]",up,32
41,242,"[0, 32, 8, 4, 0, 0, 4, 4, 0, 0, 4, 32, 0, 0, 2, 2]",right,32
42,258,"[0, 32, 8, 8, 0, 0, 8, 32, 0, 4, 2, 2, 0, 0, 0, 0]",up,32
43,278,"[32, 16, 0, 0, 8, 32, 0, 0, 4, 4, 0, 0, 0, 0, 0, 4]",left,32
44,286,"[32, 16, 0, 0, 8, 32, 0, 0, 8, 0, 0, 2, 4, 0, 0, 0]",left,32
45,302,"[32, 16, 0, 2, 16, 32, 0, 2, 4, 0, 0, 0, 0, 0, 0, 0]",up,32
46,304,"[0, 0, 0, 2, 32, 0, 0, 0, 16, 16, 0, 0, 4, 32, 0, 4]",down,32
47,304,"[32, 16, 0, 2, 16, 32, 0, 4, 4, 0, 2, 0, 0, 0, 0, 0]",up,32
48,304,"[32, 16, 2, 2, 16, 32, 0, 4, 4, 0, 0, 2, 0, 0, 0, 0]",up,32
49,304,"[0, 0, 0, 0, 32, 2, 0, 2, 16, 16, 0, 4, 4, 32, 2, 2]",down,32
50,304,"[32, 2, 2, 2, 16, 16, 0, 4, 4, 32, 0, 2, 0, 0, 2, 0]",up,32
51,306,"[0, 0, 0, 2, 32, 2, 0, 2, 16, 16, 0, 4, 4, 32, 4, 2]",down,32
52,310,"[32, 2, 4, 4, 16, 16, 0, 4, 4, 32, 0, 2, 0, 0, 0, 2]",up,32
53,322,"[32, 2, 4, 8, 16, 16, 0, 4, 4, 32, 0, 0, 0, 2, 0, 0]",up,32
54,354,"[32, 2, 4, 8, 32, 4, 0, 0, 4, 32, 0, 2, 2, 0, 0, 0]",left,32
55,418,"[64, 2, 4, 8, 4, 4, 0, 2, 2, 32, 0, 0, 0, 0, 0, 2]",up,64
56,422,"[64, 2, 4, 8, 4, 4, 0, 4, 2, 32, 0, 0, 0, 2, 0, 0]",up,64
57,422,"[0, 2, 2, 0, 64, 4, 0, 0, 4, 32, 0, 8, 2, 2, 4, 4]",down,64
58,438,"[2, 0, 0, 4, 0, 0, 64, 4, 0, 4, 32, 8, 0, 0, 4, 8]",right,64
59,462,"[2, 4, 64, 8, 0, 0, 32, 16, 0, 0, 4, 0, 4, 0, 0, 0]",up,64
60,462,"[0, 0, 0, 2, 0, 0, 64, 0, 2, 0, 32, 8, 4, 4, 4, 16]",down,64
61,462,"[2, 4, 64, 2, 4, 0, 32, 8, 0, 0, 4, 16, 2, 0, 0, 0]",up,64
62,462,"[2, 4, 64, 2, 4, 0, 32, 8, 2, 0, 4, 16, 2, 0, 0, 0]",up,64
63,466,"[2, 4, 64, 2, 4, 0, 32, 8, 4, 0, 4, 16, 2, 0, 0, 0]",up,64
64,474,"[2, 4, 64, 2, 4, 32, 8, 0, 8, 16, 0, 0, 2, 0, 2, 0]",left,64
65,474,"[2, 4, 64, 2, 4, 32, 8, 0, 8, 16, 2, 0, 2, 0, 0, 4]",up,64
66,474,"[2, 0, 0, 2, 4, 4, 64, 0, 8, 32, 8, 2, 2, 16, 2, 4]",down,64
67,478,"[2, 4, 64, 4, 4, 32, 8, 4, 8, 16, 2, 2, 2, 0, 0, 0]",up,64
68,486,"[2, 4, 64, 8, 4, 32, 8, 2, 8, 16, 2, 0, 2, 2, 0, 0]",up,64
69,486,"[2, 4, 0, 0, 4, 32, 64, 2, 8, 16, 8, 8, 2, 2, 2, 2]",down,64
70,510,"[2, 4, 2, 0, 4, 32, 64, 2, 8, 16, 16, 0, 4, 4, 0, 0]",left,64
71,510,"[2, 4, 2, 2, 4, 32, 64, 0, 8, 16, 16, 0, 4, 4, 2, 0]",up,64
72,510,"[2, 4, 2, 0, 4, 32, 64, 0, 8, 16, 16, 2, 4, 4, 2, 2]",down,64
73,554,"[2, 4, 2, 2, 4, 32, 64, 0, 8, 32, 2, 0, 8, 4, 0, 0]",left,64
74,594,"[0, 0, 0, 2, 2, 4, 2, 0, 4, 64, 64, 0, 16, 4, 2, 2]",down,64
75,726,"[0, 0, 0, 2, 0, 2, 4, 2, 0, 0, 4, 128, 2, 16, 4, 4]",right,128
76,738,"[2, 2, 8, 4, 0, 16, 4, 128, 0, 0, 2, 4, 0, 0, 0, 0]",up,128
77,742,"[4, 8, 4, 0, 16, 4, 128, 4, 2, 4, 0, 0, 0, 0, 0, 0]",left,128
78,750,"[4, 8, 4, 4, 16, 8, 128, 0, 2, 0, 2, 0, 0, 0, 0, 0]",up,128
79,758,"[0, 0, 0, 0, 4, 2, 4, 0, 16, 0, 128, 0, 2, 16, 2, 4]",down,128
80,758,"[4, 2, 4, 4, 16, 16, 128, 0, 2, 2, 2, 0, 0, 0, 0, 0]",up,128
81,802,"[4, 2, 8, 0, 32, 128, 0, 0, 4, 2, 0, 2, 0, 0, 0, 0]",left,128
82,806,"[4, 2, 8, 0, 32, 128, 0, 2, 4, 4, 0, 0, 0, 0, 0, 0]",left,128
83,806,"[0, 0, 0, 0, 4, 2, 2, 0, 32, 128, 0, 0, 4, 4, 8, 2]",down,128
84,806,"[4, 2, 2, 2, 32, 128, 8, 0, 4, 4, 0, 0, 0, 0, 2, 0]",up,128
85,806,"[4, 2, 2, 2, 32, 128, 8, 0, 4, 4, 2, 0, 0, 2, 0, 0]",up,128
86,818,"[4, 4, 2, 2, 32, 128, 8, 0, 8, 2, 0, 0, 2, 0, 0, 0]",left,128
87,830,"[0, 0, 8, 4, 0, 32, 128, 8, 0, 2, 8, 2, 0, 0, 0, 2]",right,128
88,834,"[0, 32, 8, 4, 0, 2, 128, 8, 0, 0, 8, 4, 0, 2, 0, 0]",up,128
89,838,"[0, 32, 8, 4, 0, 4, 128, 8, 0, 2, 8, 4, 0, 0, 0, 0]",up,128
90,838,"[2, 0, 0, 0, 0, 32, 8, 4, 0, 4, 128, 8, 0, 2, 8, 4]",down,128
91,838,"[2, 32, 8, 4, 0, 4, 128, 8, 0, 2, 8, 4, 0, 0, 0, 2]",up,128
92,838,"[2, 32, 8, 4, 4, 128, 8, 0, 2, 8, 4, 4, 2, 0, 0, 0]",left,128
93,846,"[2, 32, 8, 4, 4, 128, 8, 0, 2, 8, 8, 0, 2, 0, 2, 0]",left,128
94,866,"[2, 32, 8, 4, 4, 128, 8, 0, 2, 16, 2, 0, 4, 0, 0, 0]",left,128
95,866,"[2, 32, 8, 4, 0, 4, 128, 8, 0, 2, 16, 2, 0, 2, 0, 4]",right,128
96,866,"[2, 32, 8, 4, 4, 128, 8, 2, 2, 16, 2, 0, 2, 4, 0, 0]",left,128
97,886,"[2, 32, 16, 4, 4, 128, 2, 2, 4, 16, 0, 0, 0, 4, 2, 0]",up,128
98,898,"[2, 32, 16, 4, 8, 128, 4, 2, 0, 16, 0, 0, 0, 4, 0, 2]",up,128
99,900,"[0, 32, 0, 0, 0, 128, 2, 0, 2, 16, 16, 4, 8, 4, 4, 4]",down,128
100,904,"[0, 32, 0, 0, 0, 128, 2, 0, 2, 16, 16, 2, 8, 4, 4, 8]",down,128
101,904,"[2, 32, 2, 2, 8, 128, 16, 8, 0, 16, 4, 0, 0, 4, 2, 0]",up,128
102,908,"[2, 32, 4, 0, 8, 128, 16, 8, 16, 4, 0, 0, 4, 2, 0, 2]",left,128
103,912,"[0, 2, 32, 4, 8, 128, 16, 8, 0, 0, 16, 4, 4, 0, 4, 4]",right,128
104,952,"[8, 2, 32, 4, 4, 128, 32, 8, 0, 0, 4, 8, 2, 0, 0, 0]",up,128
105,992,"[2, 0, 0, 0, 8, 0, 0, 0, 4, 2, 64, 4, 2, 128, 4, 16]",down,128
106,992,"[2, 2, 64, 4, 8, 128, 4, 16, 4, 0, 2, 0, 2, 0, 0, 0]",up,128
107,992,"[2, 2, 0, 0, 8, 0, 64, 0, 4, 2, 4, 4, 2, 128, 2, 16]",down,128
108,1004,"[4, 2, 0, 0, 8, 64, 0, 0, 4, 2, 8, 0, 2, 128, 2, 16]",left,128
109,1004,"[0, 0, 4, 2, 2, 0, 8, 64, 0, 4, 2, 8, 2, 128, 2, 16]",right,128
110,1012,"[4, 4, 4, 2, 0, 128, 8, 64, 0, 0, 4, 8, 0, 0, 2, 16]",up,128
111,1020,"[8, 4, 2, 0, 128, 8, 64, 0, 4, 8, 0, 4, 2, 16, 0, 0]",left,128
112,1036,"[8, 4, 2, 4, 128, 16, 64, 0, 4, 16, 0, 2, 2, 0, 0, 0]",up,128
113,1036,"[8, 4, 2, 4, 128, 16, 64, 2, 4, 16, 2, 0, 2, 0, 0, 0]",left,128
114,1068,"[8, 4, 2, 4, 128, 32, 64, 2, 4, 4, 2, 0, 2, 0, 0, 0]",up,128
115,1076,"[8, 4, 2, 4, 128, 32, 64, 2, 8, 2, 0, 4, 2, 0, 0, 0]",left,128
116,1076,"[8, 0, 0, 0, 128, 4, 2, 4, 8, 32, 2, 2, 2, 2, 64, 4]",down,128
117,1078,"[8, 2, 0, 0, 128, 4, 0, 4, 8, 32, 4, 2, 2, 2, 64, 4]",down,128
118,1090,"[8, 2, 0, 2, 128, 8, 0, 0, 8, 32, 4, 2, 4, 64, 4, 0]",left,128
119,1102,"[8, 2, 8, 4, 128, 8, 2, 0, 8, 32, 0, 0, 4, 64, 0, 0]",up,128
120,1102,"[8, 2, 0, 0, 128, 8, 0, 0, 8, 32, 8, 2, 4, 64, 2, 4]",down,128
121,1102,"[8, 2, 8, 2, 128, 8, 2, 4, 8, 32, 0, 2, 4, 64, 0, 0]",up,128
122,1102,"[8, 2, 2, 0, 128, 8, 0, 2, 8, 32, 8, 4, 4, 64, 2, 2]",down,128
123,1102,"[8, 2, 0, 2, 128, 8, 2, 2, 8, 32, 8, 4, 4, 64, 2, 2]",down,128
124,1114,"[0, 0, 8, 4, 0, 128, 8, 4, 8, 32, 8, 4, 2, 4, 64, 4]",right,128
125,1146,"[8, 128, 16, 8, 2, 32, 8, 8, 0, 4, 64, 0, 4, 0, 0, 0]",up,128
126,1162,"[8, 128, 16, 16, 2, 32, 8, 0, 4, 4, 64, 0, 0, 2, 0, 0]",up,128
127,1202,"[8, 128, 32, 2, 2, 32, 8, 0, 8, 64, 0, 0, 2, 0, 0, 0]",left,128
128,1202,"[8, 0, 2, 0, 2, 128, 0, 0, 8, 32, 32, 0, 2, 64, 8, 2]",down,128
129,1202,"[8, 128, 2, 2, 2, 32, 32, 0, 8, 64, 8, 0, 2, 0, 0, 2]",up,128
130,1206,"[8, 128, 2, 4, 2, 32, 32, 0, 8, 64, 8, 0, 2, 2, 0, 0]",up,128
131,1274,"[8, 128, 2, 4, 2, 64, 0, 2, 8, 64, 8, 0, 4, 0, 0, 0]",left,128
132,1274,"[8, 128, 2, 4, 2, 64, 2, 2, 8, 64, 8, 0, 4, 0, 0, 0]",left,128
133,1406,"[8, 128, 4, 4, 2, 128, 8, 2, 8, 0, 0, 0, 4, 0, 2, 0]",up,128
134,1662,"[8, 256, 4, 4, 2, 0, 8, 2, 8, 0, 2, 0, 4, 0, 0, 2]",up,256
135,1666,"[8, 256, 4, 4, 2, 0, 8, 4, 8, 0, 2, 0, 4, 2, 0, 0]",up,256
136,1674,"[8, 256, 4, 8, 2, 2, 8, 0, 8, 2, 2, 0, 4, 0, 0, 0]",up,256
137,1682,"[8, 256, 4, 8, 0, 0, 4, 8, 0, 0, 8, 4, 0, 2, 0, 4]",right,256
138,1714,"[8, 256, 8, 16, 0, 2, 8, 8, 2, 0, 0, 0, 0, 0, 0, 0]",up,256
139,1730,"[8, 256, 16, 16, 2, 2, 0, 8, 0, 2, 0, 0, 0, 0, 0, 0]",up,256
140,1734,"[8, 256, 16, 16, 2, 4, 0, 8, 0, 0, 0, 0, 0, 0, 0, 2]",up,256
141,1734,"[8, 256, 16, 16, 2, 4, 0, 8, 0, 0, 0, 2, 2, 0, 0, 0]",up,256
142,1738,"[8, 256, 16, 16, 4, 4, 0, 8, 0, 0, 0, 2, 2, 0, 0, 0]",up,256
143,1738,"[8, 256, 16, 16, 4, 4, 0, 8, 2, 0, 2, 2, 0, 0, 0, 0]",up,256
144,1738,"[8, 256, 16, 16, 4, 4, 2, 8, 2, 2, 0, 2, 0, 0, 0, 0]",up,256
145,1782,"[8, 256, 32, 0, 8, 2, 8, 0, 4, 2, 0, 4, 0, 0, 0, 0]",left,256
146,1802,"[16, 256, 32, 4, 4, 4, 8, 0, 0, 0, 0, 0, 0, 0, 2, 0]",up,256
147,1802,"[16, 256, 32, 4, 4, 4, 8, 0, 2, 0, 2, 0, 0, 0, 0, 0]",up,256
148,1814,"[16, 256, 32, 4, 8, 8, 2, 0, 4, 0, 0, 0, 0, 0, 0, 0]",left,256
149,1830,"[16, 256, 32, 4, 16, 2, 0, 2, 4, 0, 0, 0, 0, 0, 0, 0]",left,256
150,1862,"[32, 256, 32, 4, 4, 2, 0, 2, 0, 2, 0, 0, 0, 0, 0, 0]",up,256
151,1866,"[32, 256, 32, 4, 4, 4, 0, 2, 0, 0, 0, 0, 2, 0, 0, 0]",up,256
152,1874,"[32, 256, 32, 4, 0, 0, 8, 2, 0, 0, 0, 0, 2, 0, 0, 2]",right,256
153,1878,"[32, 256, 32, 4, 2, 0, 8, 4, 0, 0, 0, 0, 0, 0, 0, 2]",up,256
154,1886,"[32, 256, 32, 8, 2, 0, 8, 2, 2, 0, 0, 0, 0, 0, 0, 0]",up,256
155,1890,"[32, 256, 32, 8, 4, 0, 8, 2, 0, 0, 0, 0, 2, 0, 0, 0]",up,256
156,1890,"[32, 256, 32, 8, 4, 0, 8, 2, 2, 2, 0, 0, 0, 0, 0, 0]",up,256
157,1890,"[0, 0, 2, 0, 32, 0, 0, 0, 4, 256, 32, 8, 2, 2, 8, 2]",down,256
158,1890,"[2, 0, 0, 0, 32, 0, 2, 0, 4, 256, 32, 8, 2, 2, 8, 2]",down,256
159,1894,"[2, 4, 0, 0, 32, 2, 0, 0, 4, 256, 32, 8, 4, 8, 2, 0]",left,256
160,1902,"[2, 4, 32, 8, 32, 2, 2, 0, 8, 256, 0, 0, 0, 8, 0, 2]",up,256
161,1902,"[2, 4, 0, 0, 2, 2, 0, 0, 32, 256, 32, 8, 8, 8, 2, 2]",down,256
162,1926,"[2, 0, 2, 4, 0, 0, 0, 4, 32, 256, 32, 8, 0, 0, 16, 4]",right,256
163,1934,"[2, 256, 2, 8, 32, 0, 32, 8, 2, 0, 16, 4, 0, 0, 0, 0]",up,256
164,1950,"[2, 256, 2, 16, 32, 0, 32, 4, 2, 0, 16, 0, 0, 0, 0, 4]",up,256
165,1958,"[2, 256, 2, 16, 32, 0, 32, 8, 2, 0, 16, 0, 2, 0, 0, 0]",up,256
166,1962,"[2, 256, 2, 16, 32, 2, 32, 8, 4, 0, 16, 0, 0, 0, 0, 0]",up,256
167,1962,"[0, 2, 0, 0, 2, 0, 2, 0, 32, 256, 32, 16, 4, 2, 16, 8]",down,256
168,1966,"[2, 0, 2, 0, 4, 0, 0, 0, 32, 256, 32, 16, 4, 2, 16, 8]",left,256
169,1970,"[4, 0, 0, 0, 4, 2, 0, 0, 32, 256, 32, 16, 4, 2, 16, 8]",left,256
170,1970,"[0, 0, 0, 4, 0, 2, 4, 2, 32, 256, 32, 16, 4, 2, 16, 8]",right,256
171,1970,"[32, 2, 4, 4, 4, 256, 32, 2, 0, 2, 16, 16, 0, 2, 0, 8]",up,256
172,1974,"[32, 2, 4, 4, 4, 256, 32, 2, 0, 4, 16, 16, 0, 2, 0, 8]",up,256
173,2014,"[32, 2, 8, 0, 4, 256, 32, 2, 4, 32, 2, 0, 2, 8, 0, 0]",left,256
174,2022,"[32, 2, 8, 2, 8, 256, 32, 2, 2, 32, 2, 0, 0, 8, 0, 0]",up,256
175,2026,"[32, 2, 8, 4, 8, 256, 32, 2, 2, 32, 2, 0, 0, 8, 0, 0]",up,256
176,2026,"[0, 2, 0, 2, 32, 256, 8, 0, 8, 32, 32, 4, 2, 8, 2, 2]",down,256
177,2098,"[4, 0, 0, 0, 32, 256, 8, 2, 8, 64, 4, 0, 2, 8, 4, 0]",left,256
178,2106,"[4, 256, 8, 2, 32, 64, 8, 0, 8, 8, 0, 0, 2, 2, 0, 0]",up,256
179,2114,"[4, 256, 2, 0, 32, 64, 0, 0, 8, 8, 0, 0, 2, 2, 16, 2]",down,256
180,2114,"[4, 256, 0, 0, 32, 64, 0, 0, 8, 8, 2, 2, 2, 2, 16, 2]",down,256
181,2116,"[4, 256, 2, 0, 32, 64, 0, 0, 8, 8, 2, 0, 2, 2, 16, 4]",down,256
182,2118,"[4, 256, 0, 4, 32, 64, 0, 0, 8, 8, 4, 0, 2, 2, 16, 4]",down,256
183,2122,"[4, 256, 0, 0, 32, 64, 0, 0, 8, 8, 4, 2, 2, 2, 16, 8]",down,256
184,2142,"[4, 256, 0, 0, 32, 64, 0, 0, 16, 4, 2, 0, 4, 16, 8, 2]",left,256
185,2142,"[0, 0, 4, 256, 2, 0, 32, 64, 0, 16, 4, 2, 4, 16, 8, 2]",right,256
186,2178,"[2, 32, 4, 256, 4, 0, 32, 64, 0, 0, 4, 4, 0, 2, 8, 0]",up,256
187,2186,"[2, 32, 4, 256, 4, 32, 64, 0, 8, 0, 2, 0, 2, 8, 0, 0]",left,256
188,2218,"[2, 0, 2, 0, 4, 0, 4, 0, 8, 64, 64, 0, 2, 8, 2, 256]",down,256
189,2358,"[4, 0, 2, 0, 8, 0, 0, 0, 8, 128, 0, 0, 2, 8, 2, 256]",left,256
190,2378,"[4, 128, 4, 256, 16, 8, 0, 2, 2, 0, 0, 0, 0, 0, 0, 0]",up,256
191,2378,"[4, 128, 4, 256, 0, 16, 8, 2, 4, 0, 0, 2, 0, 0, 0, 0]",right,256
192,2390,"[8, 128, 4, 256, 0, 16, 8, 4, 0, 0, 0, 0, 2, 0, 0, 0]",up,256
193,2390,"[8, 128, 4, 256, 16, 8, 4, 0, 0, 0, 0, 0, 2, 0, 2, 0]",left,256
194,2398,"[8, 128, 8, 256, 16, 8, 2, 2, 2, 0, 0, 0, 0, 0, 0, 0]",up,256
195,2398,"[0, 2, 0, 0, 8, 0, 0, 0, 16, 128, 8, 256, 2, 8, 2, 2]",down,256
196,2402,"[2, 0, 0, 0, 8, 0, 0, 0, 16, 128, 8, 256, 2, 8, 4, 4]",left,256
197,2402,"[2, 128, 8, 256, 8, 8, 4, 4, 16, 0, 0, 2, 2, 0, 0, 0]",up,256
198,2402,"[2, 0, 0, 2, 8, 0, 0, 256, 16, 128, 8, 4, 2, 8, 4, 2]",down,256
199,2402,"[2, 128, 8, 2, 8, 8, 4, 256, 16, 2, 0, 4, 2, 0, 0, 2]",up,256
200,2402,"[2, 2, 0, 2, 8, 128, 0, 256, 16, 8, 8, 4, 2, 2, 4, 2]",down,256
201,2426,"[4, 2, 0, 2, 8, 128, 256, 0, 16, 16, 4, 0, 4, 4, 2, 0]",left,256
202,2426,"[4, 2, 256, 2, 8, 128, 4, 2, 16, 16, 2, 0, 4, 4, 0, 0]",up,256
203,2430,"[4, 2, 256, 4, 8, 128, 4, 2, 16, 16, 2, 0, 4, 4, 0, 0]",up,256
204,2430,"[4, 2, 2, 0, 8, 128, 256, 0, 16, 16, 4, 4, 4, 4, 2, 2]",down,256
205,2486,"[4, 4, 0, 0, 8, 128, 256, 2, 32, 8, 0, 0, 8, 4, 0, 0]",left,256
206,2486,"[4, 4, 256, 2, 8, 128, 0, 0, 32, 8, 0, 2, 8, 4, 0, 0]",up,256
207,2494,"[8, 256, 2, 0, 8, 128, 2, 0, 32, 8, 2, 0, 8, 4, 0, 0]",left,256
208,2504,"[0, 256, 0, 0, 16, 128, 0, 2, 32, 8, 2, 0, 8, 4, 4, 0]",down,256
209,2504,"[2, 256, 0, 0, 16, 128, 0, 0, 32, 8, 2, 0, 8, 4, 4, 2]",down,256
210,2512,"[0, 0, 2, 256, 0, 0, 16, 128, 0, 32, 8, 2, 2, 8, 8, 2]",right,256
211,2532,"[2, 32, 2, 256, 0, 8, 16, 128, 2, 0, 16, 4, 0, 0, 0, 0]",up,256
212,2568,"[4, 32, 2, 256, 0, 8, 32, 128, 0, 2, 0, 4, 0, 0, 0, 0]",up,256
213,2568,"[0, 0, 2, 0, 0, 32, 0, 256, 0, 8, 2, 128, 4, 2, 32, 4]",down,256
214,2568,"[2, 0, 0, 0, 32, 256, 0, 0, 8, 2, 128, 2, 4, 2, 32, 4]",left,256
215,2572,"[2, 256, 128, 2, 32, 4, 32, 4, 8, 0, 0, 0, 4, 0, 2, 0]",up,256
216,2572,"[2, 256, 128, 2, 32, 4, 32, 4, 8, 0, 2, 2, 4, 0, 0, 0]",up,256
217,2572,"[2, 0, 2, 0, 32, 0, 128, 2, 8, 256, 32, 4, 4, 4, 2, 2]",down,256
218,2572,"[2, 256, 2, 2, 32, 4, 128, 4, 8, 0, 32, 2, 4, 0, 2, 2]",up,256
219,2576,"[2, 256, 2, 2, 32, 4, 128, 4, 8, 0, 32, 4, 4, 4, 2, 0]",up,256
220,2588,"[2, 256, 4, 0, 32, 4, 128, 4, 8, 32, 4, 2, 8, 2, 0, 0]",left,256
221,2604,"[2, 256, 4, 4, 32, 4, 128, 2, 16, 32, 4, 0, 0, 2, 2, 0]",up,256
222,2604,"[0, 256, 4, 0, 2, 4, 128, 2, 32, 32, 4, 4, 16, 2, 2, 2]",down,256
223,2680,"[256, 4, 2, 0, 2, 4, 128, 2, 64, 8, 0, 0, 16, 4, 2, 0]",left,256
224,2688,"[256, 8, 2, 2, 2, 8, 128, 0, 64, 4, 2, 0, 16, 2, 0, 0]",up,256
225,2704,"[256, 16, 2, 2, 2, 4, 128, 0, 64, 2, 2, 0, 16, 0, 2, 0]",up,256
226,2708,"[256, 16, 2, 2, 2, 4, 128, 0, 64, 2, 4, 0, 16, 0, 0, 2]",up,256
227,2712,"[256, 16, 4, 0, 2, 4, 128, 0, 64, 2, 4, 0, 16, 2, 0, 2]",left,256
228,2716,"[256, 16, 4, 2, 2, 4, 128, 0, 64, 4, 4, 0, 16, 0, 0, 2]",up,256
229,2728,"[256, 16, 4, 4, 2, 8, 128, 2, 64, 0, 4, 0, 16, 0, 0, 0]",up,256
230,2736,"[256, 16, 8, 0, 2, 8, 128, 2, 64, 4, 0, 2, 16, 0, 0, 0]",left,256
231,2738,"[256, 0, 0, 2, 2, 16, 0, 0, 64, 8, 8, 0, 16, 4, 128, 4]",down,256
232,2738,"[256, 2, 0, 0, 2, 16, 0, 0, 64, 8, 8, 2, 16, 4, 128, 4]",down,256
233,2754,"[256, 2, 0, 0, 2, 16, 0, 0, 64, 16, 2, 2, 16, 4, 128, 4]",left,256
234,2786,"[256, 2, 2, 2, 2, 32, 128, 4, 64, 4, 2, 0, 16, 0, 0, 0]",up,256
235,2786,"[256, 0, 4, 0, 2, 2, 2, 0, 64, 32, 128, 2, 16, 4, 2, 4]",down,256
236,2790,"[256, 4, 0, 2, 4, 2, 0, 0, 64, 32, 128, 2, 16, 4, 2, 4]",left,256
237,2794,"[256, 4, 128, 4, 4, 2, 2, 4, 64, 32, 0, 0, 16, 4, 2, 0]",up,256
238,2806,"[256, 4, 128, 8, 4, 2, 4, 0, 64, 32, 0, 0, 16, 4, 4, 0]",up,256
239,2814,"[256, 4, 128, 8, 4, 2, 8, 0, 64, 32, 0, 0, 16, 4, 2, 0]",up,256
240,2814,"[256, 4, 128, 8, 4, 2, 8, 2, 64, 32, 2, 0, 16, 4, 0, 0]",up,256
241,2814,"[256, 4, 128, 8, 4, 2, 8, 2, 0, 64, 32, 2, 2, 0, 16, 4]",right,256
242,2816,"[2, 0, 128, 0, 256, 4, 8, 8, 4, 2, 32, 4, 2, 64, 16, 4]",down,256
243,2824,"[2, 4, 128, 8, 256, 2, 8, 8, 4, 64, 32, 0, 2, 2, 16, 0]",up,256
244,2832,"[2, 4, 128, 0, 256, 2, 8, 0, 4, 64, 32, 2, 2, 2, 16, 16]",down,256
245,2868,"[2, 4, 128, 0, 256, 2, 8, 2, 4, 64, 32, 2, 4, 32, 0, 0]",left,256
246,2874,"[0, 4, 0, 2, 2, 2, 128, 0, 256, 64, 8, 0, 8, 32, 32, 4]",down,256
247,2942,"[4, 2, 0, 0, 4, 128, 0, 0, 256, 64, 8, 0, 8, 64, 4, 2]",left,256
248,3078,"[8, 2, 8, 2, 256, 128, 4, 0, 8, 128, 2, 0, 0, 0, 0, 0]",up,256
249,3334,"[8, 2, 8, 2, 256, 256, 4, 0, 8, 0, 2, 2, 0, 0, 0, 0]",up,256
250,3336,"[0, 0, 0, 0, 8, 2, 8, 0, 256, 2, 4, 0, 8, 256, 2, 4]",down,256
251,3336,"[0, 0, 0, 0, 0, 8, 2, 8, 2, 256, 2, 4, 8, 256, 2, 4]",right,256
252,3336,"[2, 0, 0, 0, 8, 2, 8, 0, 2, 256, 2, 4, 8, 256, 2, 4]",left,256
253,3598,"[2, 0, 0, 0, 8, 0, 0, 0, 2, 2, 8, 2, 8, 512, 4, 8]",down,512
254,3602,"[2, 0, 0, 0, 8, 0, 0, 2, 4, 8, 2, 0, 8, 512, 4, 8]",left,512
255,3602,"[2, 8, 2, 2, 8, 512, 4, 8, 4, 0, 2, 0, 8, 0, 0, 0]",up,512
256,3606,"[2, 8, 4, 0, 8, 512, 4, 8, 4, 2, 2, 0, 8, 0, 0, 0]",left,512
257,3610,"[2, 8, 4, 0, 8, 512, 4, 8, 4, 4, 0, 2, 8, 0, 0, 0]",left,512
258,3614,"[2, 0, 0, 0, 8, 8, 0, 2, 4, 512, 0, 8, 8, 4, 8, 2]",down,512
259,3630,"[2, 0, 2, 0, 16, 2, 0, 0, 4, 512, 8, 0, 8, 4, 8, 2]",left,512
260,3646,"[2, 2, 2, 2, 16, 512, 16, 0, 4, 4, 0, 0, 8, 0, 2, 0]",up,512
261,3646,"[2, 2, 2, 2, 16, 512, 16, 4, 4, 4, 2, 0, 8, 0, 0, 0]",up,512
262,3662,"[4, 4, 0, 0, 16, 512, 16, 4, 8, 2, 0, 0, 8, 4, 0, 0]",left,512
263,3670,"[0, 0, 0, 8, 16, 512, 16, 4, 2, 0, 8, 2, 0, 0, 8, 4]",right,512
264,3686,"[16, 512, 16, 8, 2, 0, 16, 4, 2, 0, 0, 2, 0, 0, 0, 4]",up,512
265,3722,"[16, 512, 32, 8, 4, 0, 0, 4, 0, 0, 0, 2, 0, 2, 0, 4]",up,512
266,3730,"[16, 512, 32, 8, 8, 2, 0, 0, 2, 0, 0, 0, 2, 4, 0, 0]",left,512
267,3732,"[0, 0, 0, 0, 16, 512, 0, 0, 8, 2, 2, 0, 4, 4, 32, 8]",down,512
268,3744,"[0, 0, 0, 0, 16, 512, 0, 0, 8, 4, 2, 0, 8, 32, 8, 0]",left,512
269,3760,"[16, 512, 2, 0, 16, 4, 8, 0, 2, 32, 0, 0, 0, 0, 0, 0]",up,512
270,3792,"[32, 512, 2, 2, 2, 4, 8, 0, 0, 32, 0, 0, 0, 0, 0, 0]",up,512
271,3792,"[0, 2, 0, 0, 0, 512, 0, 0, 32, 4, 2, 0, 2, 32, 8, 2]",down,512
272,3792,"[32, 2, 2, 2, 2, 512, 8, 0, 0, 4, 0, 0, 0, 32, 2, 0]",up,512
273,3792,"[0, 2, 0, 2, 0, 512, 2, 0, 32, 4, 8, 0, 2, 32, 2, 2]",down,512
274,3800,"[4, 0, 4, 0, 512, 2, 0, 0, 32, 4, 8, 0, 2, 32, 4, 0]",left,512
275,3800,"[4, 2, 4, 0, 512, 4, 8, 0, 32, 32, 4, 0, 2, 0, 0, 2]",up,512
276,3868,"[4, 2, 4, 0, 512, 4, 8, 0, 64, 4, 0, 2, 4, 0, 0, 0]",left,512
277,3868,"[0, 4, 2, 4, 0, 512, 4, 8, 0, 64, 4, 2, 2, 0, 0, 4]",right,512
278,3872,"[0, 0, 0, 4, 2, 4, 0, 8, 0, 512, 2, 2, 2, 64, 8, 4]",down,512
279,3874,"[0, 0, 2, 4, 0, 4, 0, 8, 0, 512, 2, 2, 4, 64, 8, 4]",down,512
280,3878,"[4, 4, 4, 4, 0, 512, 8, 8, 4, 64, 0, 2, 0, 0, 0, 4]",up,512
281,3910,"[8, 8, 0, 0, 512, 16, 0, 0, 4, 64, 2, 0, 4, 0, 0, 2]",left,512
282,3918,"[8, 8, 2, 2, 512, 16, 0, 2, 8, 64, 0, 0, 0, 0, 0, 0]",up,512
283,3922,"[8, 8, 2, 4, 512, 16, 0, 0, 8, 64, 0, 0, 0, 0, 2, 0]",up,512
284,3926,"[8, 8, 4, 4, 512, 16, 0, 0, 8, 64, 0, 0, 2, 0, 0, 0]",up,512
285,3926,"[8, 0, 2, 0, 512, 8, 0, 0, 8, 16, 0, 0, 2, 64, 4, 4]",down,512
286,3926,"[8, 8, 2, 4, 512, 16, 4, 0, 8, 64, 0, 0, 2, 0, 0, 2]",up,512
287,3926,"[8, 8, 2, 4, 512, 16, 4, 2, 8, 64, 2, 0, 2, 0, 0, 0]",up,512
288,3942,"[0, 16, 2, 4, 512, 16, 4, 2, 0, 8, 64, 2, 0, 0, 2, 2]",right,512
289,3960,"[0, 0, 2, 0, 0, 2, 4, 4, 0, 32, 64, 2, 512, 8, 2, 4]",down,512
290,3968,"[2, 4, 0, 0, 2, 8, 0, 0, 32, 64, 2, 0, 512, 8, 2, 4]",left,512
291,3976,"[4, 4, 4, 4, 32, 8, 0, 2, 512, 64, 0, 0, 0, 8, 0, 0]",up,512
292,3976,"[0, 4, 2, 0, 4, 8, 0, 0, 32, 64, 0, 4, 512, 8, 4, 2]",down,512
293,3976,"[4, 2, 0, 0, 4, 8, 2, 0, 32, 64, 4, 0, 512, 8, 4, 2]",left,512
294,3984,"[0, 2, 0, 0, 8, 8, 0, 2, 32, 64, 2, 0, 512, 8, 8, 2]",down,512
295,3988,"[8, 2, 2, 4, 32, 8, 8, 0, 512, 64, 0, 2, 0, 8, 0, 0]",up,512
296,3988,"[0, 2, 0, 0, 8, 8, 0, 2, 32, 64, 2, 4, 512, 8, 8, 2]",down,512
297,4020,"[2, 0, 0, 0, 16, 2, 0, 0, 32, 64, 2, 4, 512, 16, 2, 2]",left,512
298,4024,"[2, 2, 4, 4, 16, 64, 0, 2, 32, 16, 2, 0, 512, 0, 0, 0]",up,512
299,4024,"[2, 2, 4, 4, 16, 64, 2, 2, 32, 16, 0, 0, 512, 2, 0, 0]",up,512
300,4024,"[2, 2, 0, 0, 16, 64, 0, 2, 32, 16, 4, 4, 512, 2, 2, 2]",down,512
301,4040,"[4, 0, 4, 0, 16, 64, 2, 0, 32, 16, 8, 0, 512, 4, 2, 0]",left,512
302,4048,"[8, 0, 0, 0, 16, 64, 2, 2, 32, 16, 8, 0, 512, 4, 2, 0]",left,512
303,4048,"[8, 0, 0, 2, 16, 64, 2, 0, 32, 16, 8, 0, 512, 4, 2, 2]",down,512
304,4052,"[8, 64, 2, 4, 16, 16, 8, 2, 32, 4, 2, 0, 512, 0, 0, 0]",up,512
305,4084,"[8, 64, 2, 4, 32, 8, 2, 0, 32, 4, 2, 0, 512, 0, 0, 2]",left,512
306,4152,"[8, 64, 4, 4, 64, 8, 2, 2, 512, 4, 0, 0, 0, 0, 2, 0]",up,512
307,4154,"[0, 0, 0, 0, 8, 64, 0, 2, 64, 8, 4, 4, 512, 4, 4, 2]",down,512
308,4170,"[2, 0, 0, 0, 8, 64, 2, 0, 64, 8, 8, 0, 512, 8, 2, 0]",left,512
309,4178,"[2, 0, 0, 4, 8, 0, 2, 0, 64, 64, 8, 0, 512, 16, 2, 0]",down,512
310,4178,"[2, 0, 0, 2, 8, 0, 2, 0, 64, 64, 8, 0, 512, 16, 2, 4]",down,512
311,4178,"[2, 0, 0, 0, 8, 0, 2, 2, 64, 64, 8, 2, 512, 16, 2, 4]",down,512
312,4180,"[2, 0, 0, 0, 8, 0, 2, 2, 64, 64, 8, 4, 512, 16, 2, 4]",down,512
313,4184,"[2, 2, 0, 0, 8, 0, 2, 0, 64, 64, 8, 2, 512, 16, 2, 8]",down,512
314,4316,"[0, 0, 0, 4, 2, 0, 8, 2, 0, 128, 8, 2, 512, 16, 2, 8]",right,512
315,4316,"[0, 0, 2, 4, 0, 2, 8, 2, 0, 128, 8, 2, 512, 16, 2, 8]",right,512
316,4336,"[512, 2, 2, 4, 0, 128, 16, 4, 0, 16, 2, 8, 0, 0, 2, 0]",up,512
317,4340,"[512, 4, 4, 0, 128, 16, 4, 0, 16, 2, 8, 4, 2, 0, 0, 0]",left,512
318,4348,"[512, 4, 8, 4, 128, 16, 8, 0, 16, 2, 0, 0, 2, 2, 0, 0]",up,512
319,4368,"[512, 4, 16, 4, 128, 16, 0, 0, 16, 4, 0, 0, 2, 0, 2, 0]",up,512
320,4372,"[512, 4, 16, 4, 128, 16, 0, 0, 16, 4, 0, 2, 4, 0, 0, 0]",left,512
321,4372,"[512, 4, 16, 4, 128, 16, 0, 2, 16, 4, 0, 0, 4, 0, 2, 0]",up,512
322,4372,"[512, 4, 16, 4, 128, 16, 2, 2, 16, 4, 0, 0, 4, 4, 0, 0]",up,512
323,4380,"[512, 4, 16, 4, 128, 16, 2, 2, 16, 8, 0, 0, 4, 0, 0, 2]",up,512
324,4384,"[512, 4, 16, 4, 128, 16, 4, 0, 16, 8, 0, 0, 4, 2, 4, 0]",left,512
325,4384,"[512, 4, 16, 4, 0, 128, 16, 4, 0, 0, 16, 8, 2, 4, 2, 4]",right,512
326,4404,"[0, 2, 0, 0, 0, 4, 16, 8, 512, 128, 32, 8, 2, 4, 2, 4]",down,512
327,4420,"[512, 2, 16, 16, 2, 4, 32, 4, 0, 128, 2, 0, 0, 4, 0, 2]",up,512
328,4420,"[512, 2, 16, 16, 2, 4, 32, 4, 0, 128, 2, 2, 2, 4, 0, 0]",up,512
329,4424,"[512, 2, 16, 16, 4, 4, 32, 4, 2, 128, 2, 2, 0, 4, 0, 0]",up,512
330,4424,"[0, 2, 0, 2, 512, 4, 16, 16, 4, 128, 32, 4, 2, 4, 2, 2]",down,512
331,4464,"[4, 0, 0, 0, 512, 4, 32, 2, 4, 128, 32, 4, 2, 4, 4, 0]",left,512
332,4472,"[0, 0, 0, 4, 512, 4, 32, 2, 4, 128, 32, 4, 0, 4, 2, 8]",right,512
333,4536,"[512, 4, 64, 4, 4, 128, 2, 2, 2, 4, 0, 4, 0, 0, 0, 8]",up,512
334,4548,"[512, 4, 64, 4, 4, 128, 4, 0, 2, 8, 0, 0, 8, 0, 0, 2]",left,512
335,4548,"[512, 4, 64, 4, 4, 128, 4, 0, 2, 8, 0, 2, 8, 2, 0, 0]",left,512
336,4548,"[512, 4, 64, 4, 4, 128, 4, 0, 2, 8, 2, 0, 8, 2, 0, 2]",left,512
337,4548,"[512, 4, 0, 0, 4, 128, 64, 2, 2, 8, 4, 4, 8, 2, 2, 2]",down,512
338,4560,"[512, 4, 0, 0, 4, 128, 64, 2, 2, 8, 8, 2, 8, 4, 2, 0]",left,512
339,4564,"[512, 4, 64, 4, 4, 128, 8, 4, 2, 8, 2, 0, 8, 4, 0, 0]",up,512
340,4572,"[512, 4, 64, 8, 4, 128, 8, 2, 2, 8, 2, 0, 8, 4, 0, 0]",up,512
341,4572,"[512, 4, 0, 2, 4, 128, 64, 0, 2, 8, 8, 8, 8, 4, 2, 2]",down,512
342,4572,"[512, 4, 64, 2, 4, 128, 8, 8, 2, 8, 2, 2, 8, 4, 0, 2]",up,512
343,4576,"[512, 4, 64, 2, 4, 128, 8, 8, 2, 8, 2, 4, 8, 4, 0, 2]",up,512
344,4592,"[512, 4, 64, 2, 4, 128, 16, 0, 2, 8, 2, 4, 8, 4, 2, 2]",left,512
345,4596,"[512, 4, 64, 2, 0, 4, 128, 16, 2, 8, 2, 4, 2, 8, 4, 4]",right,512
346,4614,"[2, 0, 64, 0, 0, 0, 128, 2, 512, 8, 2, 16, 4, 16, 4, 8]",down,512
347,4614,"[4, 0, 64, 0, 2, 0, 128, 2, 512, 8, 2, 16, 4, 16, 4, 8]",down,512
348,4614,"[4, 64, 0, 2, 2, 128, 2, 0, 512, 8, 2, 16, 4, 16, 4, 8]",left,512
349,4618,"[4, 64, 4, 2, 2, 128, 4, 16, 512, 8, 0, 8, 4, 16, 2, 0]",up,512
350,4626,"[4, 64, 8, 2, 2, 128, 2, 16, 512, 8, 0, 8, 4, 16, 0, 2]",up,512
351,4626,"[4, 64, 2, 2, 2, 128, 0, 16, 512, 8, 8, 8, 4, 16, 2, 2]",down,512
352,4626,"[4, 64, 2, 2, 2, 128, 2, 16, 512, 8, 8, 8, 4, 16, 2, 2]",down,512
353,4628,"[4, 64, 2, 2, 2, 128, 4, 16, 512, 8, 8, 8, 4, 16, 2, 2]",down,512
354,4652,"[0, 4, 64, 4, 2, 128, 4, 16, 0, 512, 8, 16, 2, 4, 16, 4]",right,512
355,4688,"[4, 4, 64, 4, 0, 128, 4, 32, 2, 512, 8, 4, 0, 4, 16, 0]",up,512
356,4688,"[4, 4, 64, 4, 2, 128, 4, 32, 2, 512, 8, 4, 0, 4, 16, 0]",up,512
357,4696,"[8, 64, 4, 0, 2, 128, 4, 32, 2, 512, 8, 4, 4, 16, 2, 0]",left,512
358,4702,"[2, 64, 0, 0, 8, 128, 8, 0, 4, 512, 8, 32, 4, 16, 2, 4]",down,512
359,4726,"[2, 64, 16, 32, 8, 128, 2, 4, 8, 512, 0, 0, 0, 16, 0, 2]",up,512
360,4742,"[2, 64, 16, 32, 16, 128, 2, 4, 0, 512, 0, 2, 0, 16, 2, 0]",up,512
361,4746,"[2, 64, 16, 32, 16, 128, 4, 4, 0, 512, 0, 2, 0, 16, 0, 2]",up,512
362,4750,"[2, 64, 16, 32, 16, 128, 4, 4, 0, 512, 2, 4, 0, 16, 0, 0]",up,512
363,4758,"[2, 64, 16, 32, 16, 128, 4, 8, 0, 512, 2, 0, 0, 16, 0, 2]",up,512
364,4758,"[2, 64, 16, 32, 16, 128, 4, 8, 512, 2, 0, 0, 16, 2, 4, 0]",left,512
365,4770,"[2, 64, 16, 32, 16, 128, 8, 8, 512, 4, 0, 2, 16, 0, 0, 0]",up,512
366,4786,"[2, 64, 16, 32, 16, 128, 16, 0, 512, 4, 2, 0, 16, 0, 0, 2]",left,512
367,4802,"[2, 0, 2, 0, 16, 64, 0, 0, 512, 128, 32, 32, 16, 4, 2, 2]",down,512
368,4874,"[4, 0, 0, 0, 16, 64, 0, 0, 512, 128, 64, 0, 16, 4, 4, 2]",left,512
369,4874,"[4, 64, 64, 2, 16, 128, 4, 0, 512, 4, 0, 0, 16, 0, 2, 0]",up,512
370,4874,"[4, 0, 2, 0, 16, 64, 64, 0, 512, 128, 4, 0, 16, 4, 2, 2]",down,512
371,5006,"[4, 2, 0, 0, 16, 128, 0, 0, 512, 128, 4, 2, 16, 4, 4, 0]",left,512
372,5270,"[4, 2, 8, 2, 16, 256, 0, 0, 512, 4, 0, 0, 16, 0, 0, 2]",up,512
373,5274,"[4, 2, 8, 4, 16, 256, 0, 0, 512, 4, 0, 0, 16, 0, 0, 4]",up,512
374,5282,"[4, 2, 8, 8, 16, 256, 0, 0, 512, 4, 0, 2, 16, 0, 0, 0]",up,512
375,5282,"[4, 2, 8, 8, 16, 256, 0, 2, 512, 4, 0, 0, 16, 2, 0, 0]",up,512
376,5298,"[4, 2, 16, 0, 16, 256, 2, 0, 512, 4, 2, 0, 16, 2, 0, 0]",left,512
377,5302,"[4, 2, 16, 2, 16, 256, 4, 0, 512, 4, 0, 0, 16, 2, 0, 0]",up,512
378,5302,"[4, 2, 0, 0, 16, 256, 0, 0, 512, 4, 16, 2, 16, 2, 4, 2]",down,512
379,5302,"[0, 4, 4, 2, 0, 0, 16, 256, 512, 4, 16, 2, 16, 2, 4, 2]",right,512
380,5346,"[512, 8, 4, 2, 16, 2, 32, 256, 0, 0, 4, 4, 2, 0, 0, 0]",up,512
381,5346,"[0, 0, 0, 0, 512, 2, 4, 2, 16, 8, 32, 256, 2, 2, 4, 4]",down,512
382,5346,"[512, 2, 4, 2, 16, 8, 32, 256, 2, 2, 4, 4, 0, 2, 0, 0]",up,512
383,5358,"[512, 2, 4, 2, 16, 8, 32, 256, 4, 8, 0, 0, 2, 0, 2, 0]",left,512
384,5374,"[512, 2, 4, 2, 16, 16, 32, 256, 4, 0, 2, 0, 2, 2, 0, 0]",up,512
385,5410,"[512, 2, 4, 2, 32, 32, 256, 0, 4, 2, 2, 0, 4, 0, 0, 0]",left,512
386,5478,"[512, 2, 4, 2, 64, 256, 0, 0, 4, 4, 0, 0, 4, 0, 2, 0]",left,512
387,5486,"[512, 2, 4, 2, 64, 256, 2, 0, 8, 4, 0, 0, 0, 0, 2, 0]",up,512
388,5490,"[512, 2, 4, 2, 64, 256, 4, 2, 8, 4, 0, 0, 0, 0, 0, 0]",up,512
389,5490,"[512, 2, 4, 2, 64, 256, 4, 2, 0, 2, 8, 4, 0, 0, 0, 0]",right,512
390,5502,"[512, 2, 8, 4, 64, 256, 8, 4, 0, 2, 0, 2, 0, 0, 0, 0]",up,512
391,5526,"[512, 2, 16, 8, 64, 256, 0, 2, 2, 2, 0, 0, 0, 0, 0, 0]",up,512
392,5530,"[512, 2, 16, 8, 64, 256, 2, 2, 4, 0, 0, 0, 0, 0, 0, 0]",left,512
393,5534,"[512, 2, 16, 8, 64, 256, 4, 2, 4, 0, 0, 0, 0, 0, 0, 0]",left,512
394,5534,"[0, 0, 0, 0, 512, 0, 2, 0, 64, 2, 16, 8, 4, 256, 4, 2]",down,512
395,5534,"[512, 2, 2, 8, 64, 256, 16, 2, 4, 0, 4, 0, 0, 2, 0, 0]",up,512
396,5534,"[0, 0, 0, 0, 512, 2, 2, 2, 64, 256, 16, 8, 4, 2, 4, 2]",down,512
397,5534,"[512, 2, 2, 2, 64, 256, 16, 8, 4, 2, 4, 2, 0, 0, 2, 0]",up,512
398,5538,"[4, 512, 2, 4, 64, 256, 16, 8, 4, 2, 4, 2, 0, 0, 0, 2]",right,512
399,5538,"[4, 512, 2, 4, 64, 256, 16, 8, 4, 2, 4, 2, 2, 0, 0, 2]",left,512
400,5540,"[4, 2, 0, 0, 64, 512, 2, 4, 4, 256, 16, 8, 2, 2, 4, 4]",down,512
401,5540,"[4, 2, 2, 4, 64, 512, 16, 8, 4, 256, 4, 4, 2, 2, 0, 2]",up,512
402,5556,"[0, 4, 4, 4, 64, 512, 16, 8, 0, 4, 256, 8, 0, 2, 2, 4]",right,512
403,5572,"[64, 4, 4, 4, 0, 512, 16, 16, 0, 4, 256, 4, 0, 2, 2, 2]",up,512
404,5572,"[2, 4, 4, 4, 0, 512, 16, 16, 0, 4, 256, 4, 64, 2, 2, 2]",down,512
405,5572,"[0, 4, 4, 4, 2, 512, 16, 16, 2, 4, 256, 4, 64, 2, 2, 2]",down,512
406,5576,"[4, 4, 4, 4, 64, 512, 16, 16, 0, 4, 256, 4, 2, 2, 2, 2]",up,512
407,5632,"[8, 8, 0, 0, 64, 512, 32, 0, 4, 256, 4, 2, 4, 4, 0, 0]",left,512
408,5640,"[8, 8, 32, 2, 64, 512, 4, 0, 8, 256, 0, 2, 0, 4, 0, 0]",up,512
409,5644,"[8, 8, 32, 4, 64, 512, 4, 0, 8, 256, 0, 0, 0, 4, 2, 0]",up,512
410,5660,"[0, 16, 32, 4, 2, 64, 512, 4, 0, 0, 8, 256, 0, 0, 4, 2]",right,512
411,5668,"[2, 16, 32, 8, 2, 64, 512, 256, 0, 0, 8, 2, 0, 0, 4, 0]",up,512
412,5672,"[4, 16, 32, 8, 2, 64, 512, 256, 0, 0, 8, 2, 0, 0, 4, 0]",up,512
413,5672,"[0, 0, 32, 2, 0, 0, 512, 8, 4, 16, 8, 256, 2, 64, 4, 2]",down,512
414,5672,"[32, 2, 0, 0, 512, 8, 2, 0, 4, 16, 8, 256, 2, 64, 4, 2]",left,512
415,5672,"[0, 2, 32, 2, 0, 512, 8, 2, 4, 16, 8, 256, 2, 64, 4, 2]",right,512
416,5682,"[0, 2, 2, 0, 0, 512, 32, 4, 4, 16, 16, 256, 2, 64, 4, 2]",down,512
417,5718,"[4, 2, 0, 0, 512, 32, 4, 0, 4, 32, 256, 0, 2, 64, 4, 2]",left,512
418,5782,"[4, 2, 4, 2, 512, 64, 256, 0, 4, 64, 4, 2, 2, 0, 0, 0]",up,512
419,5848,"[4, 4, 0, 0, 512, 0, 4, 0, 4, 2, 256, 0, 2, 128, 4, 4]",down,512
420,5864,"[0, 0, 0, 8, 2, 0, 512, 4, 0, 4, 2, 256, 0, 2, 128, 8]",right,512
421,5864,"[2, 4, 512, 8, 0, 2, 2, 4, 2, 0, 128, 256, 0, 0, 0, 8]",up,512
422,5868,"[4, 4, 512, 8, 0, 2, 2, 4, 0, 0, 128, 256, 2, 0, 0, 8]",up,512
423,5880,"[8, 512, 8, 2, 4, 4, 0, 0, 128, 256, 0, 0, 2, 8, 0, 0]",left,512
424,5880,"[8, 512, 0, 0, 4, 4, 0, 0, 128, 256, 2, 0, 2, 8, 8, 2]",down,512
425,5880,"[8, 512, 2, 2, 4, 4, 8, 0, 128, 256, 0, 0, 2, 8, 0, 2]",up,512
426,5884,"[8, 512, 2, 4, 4, 4, 8, 2, 128, 256, 0, 0, 2, 8, 0, 0]",up,512
427,5884,"[8, 512, 2, 0, 4, 4, 0, 0, 128, 256, 2, 4, 2, 8, 8, 2]",down,512
428,5888,"[8, 512, 4, 4, 4, 4, 8, 2, 128, 256, 2, 0, 2, 8, 0, 0]",up,512
429,5888,"[8, 512, 2, 0, 4, 4, 4, 0, 128, 256, 8, 4, 2, 8, 2, 2]",down,512
430,5900,"[0, 8, 512, 2, 2, 0, 4, 8, 128, 256, 8, 4, 0, 2, 8, 4]",right,512
431,5924,"[2, 8, 512, 2, 128, 256, 4, 8, 0, 2, 16, 8, 2, 0, 0, 0]",up,512
432,5932,"[0, 0, 0, 2, 2, 8, 512, 0, 128, 256, 4, 2, 2, 2, 16, 16]",down,512
433,5968,"[2, 0, 0, 0, 2, 8, 512, 0, 128, 256, 4, 2, 4, 32, 0, 2]",left,512
434,5976,"[4, 8, 512, 4, 128, 256, 4, 0, 4, 32, 0, 2, 0, 0, 0, 0]",up,512
435,5976,"[4, 8, 512, 4, 128, 256, 4, 2, 4, 32, 0, 2, 0, 0, 0, 0]",up,512
436,5976,"[4, 8, 512, 4, 128, 256, 4, 2, 0, 4, 32, 2, 0, 0, 0, 4]",right,512
437,5978,"[0, 2, 0, 0, 0, 8, 512, 4, 4, 256, 4, 4, 128, 4, 32, 4]",down,512
438,5986,"[2, 0, 0, 0, 8, 512, 4, 4, 4, 256, 8, 0, 128, 4, 32, 4]",left,512
439,5994,"[0, 0, 0, 2, 0, 8, 512, 8, 2, 4, 256, 8, 128, 4, 32, 4]",right,512
440,6018,"[2, 8, 512, 2, 128, 8, 256, 16, 2, 0, 32, 4, 0, 0, 0, 0]",up,512
441,6034,"[2, 16, 512, 2, 128, 0, 256, 16, 2, 0, 32, 4, 0, 0, 2, 0]",up,512
442,6034,"[0, 0, 512, 0, 2, 0, 256, 2, 128, 2, 32, 16, 2, 16, 2, 4]",down,512
443,6034,"[0, 0, 0, 512, 2, 2, 256, 2, 128, 2, 32, 16, 2, 16, 2, 4]",right,512
444,6038,"[2, 4, 256, 512, 128, 16, 32, 2, 2, 0, 2, 16, 0, 4, 0, 4]",up,512
445,6050,"[2, 4, 256, 512, 128, 16, 32, 2, 4, 16, 2, 0, 8, 0, 0, 0]",left,512
446,6082,"[2, 4, 256, 512, 128, 32, 32, 2, 4, 0, 2, 2, 8, 0, 0, 0]",up,512
447,6086,"[2, 4, 256, 512, 128, 32, 32, 4, 4, 0, 2, 2, 8, 0, 0, 0]",up,512
448,6086,"[2, 0, 2, 0, 128, 0, 256, 512, 4, 4, 32, 4, 8, 32, 2, 2]",down,512
449,6086,"[2, 4, 2, 512, 128, 32, 256, 4, 4, 2, 32, 2, 8, 0, 2, 0]",up,512
450,6086,"[2, 2, 2, 0, 128, 4, 256, 512, 4, 32, 32, 4, 8, 2, 2, 2]",down,512
451,6086,"[2, 2, 2, 512, 128, 4, 256, 4, 4, 32, 32, 2, 8, 2, 2, 2]",up,512
452,6158,"[4, 2, 512, 0, 128, 4, 256, 4, 4, 64, 2, 2, 8, 4, 2, 0]",left,512
453,6162,"[4, 2, 512, 0, 128, 4, 256, 4, 4, 64, 4, 2, 8, 4, 2, 0]",left,512
454,6162,"[4, 2, 512, 2, 128, 4, 256, 0, 4, 64, 4, 4, 8, 4, 2, 2]",down,512
455,6162,"[4, 2, 512, 2, 128, 4, 256, 4, 4, 64, 4, 2, 8, 4, 2, 2]",up,512
456,6164,"[4, 2, 512, 2, 128, 4, 256, 2, 4, 64, 4, 4, 8, 4, 2, 4]",down,512
457,6176,"[4, 2, 512, 4, 128, 4, 256, 8, 4, 64, 4, 0, 8, 4, 2, 2]",up,512
458,6176,"[4, 2, 512, 2, 128, 4, 256, 4, 4, 64, 4, 8, 8, 4, 2, 2]",down,512
459,6180,"[4, 2, 512, 2, 128, 4, 256, 4, 4, 64, 4, 8, 2, 8, 4, 4]",right,512
460,6184,"[4, 2, 2, 2, 128, 4, 512, 4, 4, 64, 256, 8, 2, 8, 8, 4]",down,512
461,6204,"[2, 4, 2, 4, 128, 4, 512, 4, 4, 64, 256, 8, 0, 2, 16, 4]",right,512
462,6220,"[2, 8, 2, 8, 128, 64, 512, 8, 4, 2, 256, 4, 2, 0, 16, 0]",up,512
463,6228,"[2, 0, 2, 2, 128, 8, 512, 0, 4, 64, 256, 16, 2, 2, 16, 4]",down,512
464,6228,"[2, 0, 2, 2, 128, 8, 512, 2, 4, 64, 256, 16, 2, 2, 16, 4]",down,512
465,6232,"[2, 8, 2, 4, 128, 64, 512, 16, 4, 2, 256, 4, 2, 2, 16, 0]",up,512
466,6236,"[2, 8, 2, 4, 128, 64, 512, 16, 4, 4, 256, 4, 2, 2, 16, 0]",up,512
467,6236,"[2, 8, 2, 2, 128, 64, 512, 4, 4, 4, 256, 16, 2, 2, 16, 4]",down,512
468,6252,"[2, 8, 4, 0, 128, 64, 512, 4, 8, 256, 16, 0, 4, 16, 4, 2]",left,512
469,6252,"[2, 8, 4, 4, 128, 64, 512, 2, 8, 256, 16, 0, 4, 16, 4, 2]",up,512
470,6256,"[2, 8, 4, 4, 128, 64, 512, 4, 8, 256, 16, 0, 4, 16, 4, 4]",up,512
471,6264,"[2, 8, 4, 8, 128, 64, 512, 4, 8, 256, 16, 0, 4, 16, 4, 2]",up,512
472,6264,"[2, 8, 4, 8, 128, 64, 512, 4, 8, 256, 16, 2, 4, 16, 4, 2]",up,512
473,6268,"[2, 8, 4, 8, 128, 64, 512, 4, 8, 256, 16, 4, 4, 16, 4, 2]",up,512
474,6276,"[2, 8, 4, 8, 128, 64, 512, 8, 8, 256, 16, 2, 4, 16, 4, 2]",up,512
475,6296,"[2, 8, 4, 16, 128, 64, 512, 4, 8, 256, 16, 0, 4, 16, 4, 2]",up,512
476,6296,"[2, 8, 4, 16, 128, 64, 512, 4, 8, 256, 16, 2, 4, 16, 4, 2]",up,512
477,6300,"[2, 8, 4, 16, 128, 64, 512, 4, 8, 256, 16, 4, 4, 16, 4, 2]",up,512
478,6308,"[2, 8, 4, 16, 128, 64, 512, 8, 8, 256, 16, 2, 4, 16, 4, 4]",up,512
479,6316,"[2, 8, 4, 16, 128, 64, 512, 8, 8, 256, 16, 2, 4, 16, 8, 2]",left,512
480,6320,"[2, 8, 4, 16, 128, 64, 512, 8, 8, 256, 16, 4, 4, 16, 8, 2]",up,512
1,0,"[4, 0, 0, 0, 0, 0, 0, 0, 0, 0, 0, 0, 0, 0, 2, 0]",up,4
2,0,"[4, 0, 2, 0, 0, 0, 2, 0, 0, 0, 0, 0, 0, 0, 0, 0]",up,4
3,4,"[4, 0, 4, 0, 0, 0, 0, 0, 0, 2, 0, 0, 0, 0, 0, 0]",up,4
4,12,"[8, 0, 0, 0, 0, 0, 0, 0, 2, 2, 0, 0, 0, 0, 0, 0]",left,8
5,12,"[8, 2, 0, 0, 2, 0, 0, 0, 0, 0, 0, 0, 0, 0, 0, 2]",up,8
6,12,"[8, 2, 0, 2, 2, 2, 0, 0, 0, 0, 0, 0, 0, 0, 0, 0]",up,8
7,20,"[8, 4, 2, 0, 4, 0, 0, 0, 0, 0, 0, 0, 0, 0, 0, 0]",left,8
8,20,"[0, 0, 0, 0, 0, 0, 4, 0, 8, 0, 0, 0, 4, 4, 2, 0]",down,8
9,20,"[8, 4, 4, 2, 4, 0, 2, 0, 0, 0, 0, 0, 0, 0, 0, 0]",up,8
10,20,"[0, 0, 0, 0, 2, 0, 0, 0, 8, 0, 4, 0, 4, 4, 2, 2]",down,8
11,20,"[2, 4, 4, 2, 8, 0, 2, 2, 4, 0, 0, 0, 0, 0, 0, 0]",up,8
12,32,"[2, 2, 8, 2, 0, 0, 8, 4, 0, 0, 0, 4, 0, 0, 0, 0]",right,8
13,56,"[2, 2, 16, 2, 2, 0, 0, 8, 0, 0, 0, 0, 0, 0, 0, 0]",up,16
14,58,"[2, 0, 0, 0, 0, 0, 0, 0, 0, 0, 0, 2, 4, 2, 16, 8]",down,16
15,58,"[2, 2, 16, 2, 4, 0, 0, 8, 0, 2, 0, 0, 0, 0, 0, 0]",up,16
16,62,"[2, 4, 16, 2, 4, 2, 0, 8, 0, 0, 0, 0, 0, 0, 0, 0]",up,16
17,62,"[2, 4, 16, 2, 0, 4, 2, 8, 0, 0, 2, 0, 0, 0, 0, 0]",right,16
18,74,"[2, 8, 16, 2, 0, 0, 4, 8, 0, 0, 0, 0, 0, 2, 0, 0]",up,16
19,74,"[0, 0, 0, 2, 0, 0, 0, 0, 0, 8, 16, 2, 2, 2, 4, 8]",down,16
20,76,"[0, 0, 0, 2, 0, 0, 0, 0, 0, 8, 16, 4, 2, 2, 4, 8]",down,16
21,76,"[2, 8, 16, 2, 0, 2, 4, 4, 0, 0, 0, 8, 0, 0, 0, 2]",up,16
22,84,"[2, 8, 16, 2, 2, 8, 2, 0, 8, 0, 0, 0, 2, 0, 0, 0]",left,16
23,104,"[4, 16, 16, 2, 8, 0, 2, 0, 2, 0, 0, 0, 0, 0, 0, 2]",up,16
24,136,"[0, 4, 32, 2, 0, 2, 8, 2, 0, 0, 0, 2, 0, 0, 0, 2]",right,32
25,144,"[0, 4, 32, 4, 2, 2, 8, 4, 0, 0, 0, 0, 0, 0, 0, 0]",up,32
26,152,"[2, 4, 32, 8, 0, 2, 8, 0, 0, 0, 0, 0, 0, 0, 2, 0]",up,32
27,152,"[2, 4, 32, 8, 0, 2, 8, 0, 0, 0, 2, 0, 0, 0, 0, 2]",up,32
28,152,"[2, 4, 32, 8, 0, 2, 8, 2, 0, 0, 2, 0, 2, 0, 0, 0]",up,32
29,156,"[4, 4, 32, 8, 0, 2, 8, 2, 0, 0, 2, 0, 0, 0, 0, 2]",up,32
30,158,"[0, 0, 0, 0, 0, 0, 32, 4, 0, 4, 8, 8, 4, 2, 2, 4]",down,32
31,178,"[2, 0, 0, 0, 32, 4, 0, 0, 4, 16, 0, 0, 4, 4, 4, 0]",left,32
32,182,"[0, 0, 0, 2, 2, 4, 0, 0, 32, 16, 0, 0, 8, 4, 4, 0]",down,32
33,190,"[2, 0, 0, 0, 2, 4, 0, 0, 32, 16, 0, 2, 8, 8, 0, 0]",left,32
34,194,"[4, 4, 0, 2, 32, 16, 0, 0, 8, 8, 0, 0, 2, 0, 0, 0]",up,32
35,218,"[8, 2, 0, 0, 32, 16, 0, 0, 16, 0, 2, 0, 2, 0, 0, 0]",left,32
36,218,"[8, 2, 2, 0, 32, 16, 0, 0, 16, 0, 0, 0, 2, 0, 2, 0]",up,32
37,226,"[8, 4, 0, 2, 32, 16, 0, 0, 16, 0, 0, 0, 4, 0, 0, 0]",left,32
38,226,"[8, 4, 2, 0, 32, 16, 0, 0, 16, 0, 0, 0, 4, 0, 0, 2]",left,32
39,226,"[8, 4, 2, 2, 32, 16, 0, 0, 16, 0, 0, 0, 4, 2, 0, 0]",up,32
40,226,"[8, 0, 0, 0, 32, 4, 0, 0, 16, 16, 2, 0, 4, 2, 2, 2]",down,32
41,262,"[8, 0, 0, 0, 32, 4, 0, 0, 32, 2, 0, 0, 4, 4, 2, 2]",left,32
42,326,"[8, 4, 2, 2, 64, 2, 0, 0, 4, 4, 0, 0, 4, 0, 0, 0]",up,64
43,334,"[8, 4, 2, 2, 64, 2, 0, 0, 8, 4, 0, 0, 0, 0, 2, 0]",up,64
44,338,"[8, 4, 4, 2, 64, 2, 0, 0, 8, 4, 2, 0, 0, 0, 0, 0]",up,64
45,346,"[8, 8, 2, 0, 64, 2, 0, 0, 8, 4, 2, 2, 0, 0, 0, 0]",left,64
46,350,"[8, 8, 4, 2, 64, 2, 0, 0, 8, 4, 0, 2, 0, 0, 0, 0]",up,64
47,354,"[8, 8, 4, 4, 64, 2, 0, 0, 8, 4, 0, 2, 0, 0, 0, 0]",up,64
48,354,"[8, 8, 4, 4, 64, 2, 0, 2, 8, 4, 0, 0, 0, 2, 0, 0]",up,64
49,382,"[16, 8, 0, 0, 64, 4, 0, 0, 8, 4, 0, 2, 2, 0, 0, 0]",left,64
50,390,"[16, 8, 0, 2, 64, 8, 0, 0, 8, 0, 2, 0, 2, 0, 0, 0]",up,64
51,406,"[16, 16, 2, 2, 64, 2, 0, 0, 8, 0, 0, 0, 2, 0, 0, 0]",up,64
52,406,"[16, 0, 0, 2, 64, 0, 0, 0, 8, 16, 0, 0, 2, 2, 2, 2]",down,64
53,414,"[16, 2, 0, 0, 64, 0, 0, 0, 8, 16, 0, 0, 4, 4, 0, 2]",left,64
54,414,"[16, 2, 0, 2, 64, 16, 0, 0, 8, 4, 0, 0, 4, 0, 2, 0]",up,64
55,414,"[16, 2, 2, 2, 64, 16, 0, 0, 8, 4, 0, 2, 4, 0, 0, 0]",up,64
56,418,"[16, 2, 2, 4, 64, 16, 0, 0, 8, 4, 0, 0, 4, 2, 0, 0]",up,64
57,418,"[16, 2, 0, 2, 64, 16, 0, 0, 8, 4, 0, 0, 4, 2, 2, 4]",down,64
58,426,"[16, 4, 0, 0, 64, 16, 0, 2, 8, 4, 0, 0, 4, 4, 4, 0]",left,64
59,434,"[16, 4, 4, 2, 64, 16, 0, 0, 8, 8, 0, 0, 4, 0, 0, 2]",up,64
60,458,"[16, 8, 2, 0, 64, 16, 0, 0, 16, 0, 0, 0, 4, 2, 2, 0]",left,64
61,462,"[16, 8, 2, 2, 64, 16, 0, 0, 16, 0, 0, 0, 4, 4, 0, 0]",left,64
62,462,"[16, 0, 0, 0, 64, 8, 0, 4, 16, 16, 0, 0, 4, 4, 2, 2]",down,64
63,462,"[16, 0, 0, 0, 64, 8, 0, 2, 16, 16, 0, 4, 4, 4, 2, 2]",down,64
64,506,"[16, 0, 0, 0, 64, 8, 2, 0, 32, 4, 0, 0, 8, 4, 0, 4]",left,64
65,514,"[16, 8, 2, 4, 64, 8, 2, 0, 32, 0, 0, 0, 8, 0, 0, 0]",up,64
66,534,"[16, 16, 4, 4, 64, 0, 0, 2, 32, 0, 0, 0, 8, 0, 0, 0]",up,64
67,574,"[0, 0, 32, 8, 0, 0, 64, 2, 0, 0, 0, 32, 0, 0, 2, 8]",right,64
68,574,"[0, 2, 32, 8, 0, 0, 64, 2, 0, 0, 2, 32, 0, 0, 0, 8]",up,64
69,574,"[0, 0, 0, 8, 0, 2, 32, 2, 0, 0, 64, 32, 0, 2, 2, 8]",down,64
70,578,"[8, 0, 2, 0, 2, 32, 2, 0, 64, 32, 0, 0, 4, 8, 0, 0]",left,64
71,612,"[8, 2, 0, 0, 2, 0, 0, 0, 64, 64, 0, 0, 4, 8, 4, 0]",down,64
72,612,"[8, 2, 4, 2, 2, 64, 0, 0, 64, 8, 0, 0, 4, 0, 0, 0]",up,64
73,612,"[8, 0, 2, 0, 2, 2, 0, 0, 64, 64, 0, 0, 4, 8, 4, 2]",down,64
74,612,"[8, 2, 2, 2, 2, 64, 4, 4, 64, 8, 0, 0, 4, 0, 0, 0]",up,64
75,612,"[8, 0, 2, 0, 2, 2, 0, 0, 64, 64, 2, 2, 4, 8, 4, 4]",down,64
76,756,"[0, 0, 8, 2, 0, 0, 2, 4, 0, 0, 128, 4, 0, 4, 8, 8]",right,128
77,764,"[0, 4, 8, 2, 0, 2, 2, 8, 0, 0, 128, 8, 0, 0, 8, 0]",up,128
78,780,"[0, 4, 8, 2, 0, 2, 2, 16, 0, 0, 128, 2, 0, 0, 8, 0]",up,128
79,784,"[4, 8, 2, 0, 4, 16, 0, 2, 128, 2, 0, 0, 8, 0, 0, 0]",left,128
80,792,"[8, 8, 2, 2, 128, 16, 0, 0, 8, 2, 0, 0, 2, 0, 0, 0]",up,128
81,792,"[8, 0, 0, 0, 128, 8, 0, 0, 8, 16, 2, 0, 2, 2, 2, 2]",down,128
82,794,"[8, 0, 0, 0, 128, 8, 2, 0, 8, 16, 0, 0, 2, 2, 4, 2]",down,128
83,794,"[8, 8, 2, 2, 128, 16, 4, 2, 8, 2, 0, 0, 2, 0, 0, 0]",up,128
84,814,"[0, 0, 16, 4, 128, 16, 4, 2, 2, 0, 8, 2, 0, 0, 0, 2]",right,128
85,814,"[16, 4, 0, 0, 128, 16, 4, 2, 2, 8, 2, 2, 2, 0, 0, 0]",left,128
86,818,"[16, 4, 0, 2, 128, 16, 4, 2, 2, 8, 4, 0, 2, 0, 0, 0]",left,128
87,826,"[0, 2, 0, 0, 16, 4, 0, 0, 128, 16, 0, 0, 4, 8, 8, 4]",down,128
88,842,"[2, 0, 0, 0, 16, 4, 4, 0, 128, 16, 0, 0, 4, 16, 4, 0]",left,128
89,882,"[2, 4, 8, 0, 16, 32, 0, 0, 128, 0, 0, 0, 4, 2, 0, 0]",up,128
90,882,"[2, 4, 8, 0, 16, 32, 0, 0, 128, 2, 2, 0, 4, 0, 0, 0]",up,128
91,882,"[2, 4, 8, 0, 16, 32, 2, 0, 128, 2, 0, 2, 4, 0, 0, 0]",up,128
92,882,"[2, 4, 8, 2, 16, 32, 2, 2, 128, 2, 0, 0, 4, 0, 0, 0]",up,128
93,884,"[2, 0, 0, 0, 16, 4, 2, 0, 128, 32, 8, 0, 4, 2, 2, 4]",down,128
94,888,"[2, 0, 0, 0, 16, 4, 2, 0, 128, 32, 8, 0, 4, 4, 4, 2]",left,128
95,888,"[2, 4, 2, 2, 16, 32, 8, 0, 128, 4, 4, 0, 4, 0, 0, 2]",up,128
96,890,"[2, 0, 0, 0, 16, 4, 2, 0, 128, 32, 8, 2, 4, 4, 4, 4]",down,128
97,906,"[0, 2, 0, 2, 0, 16, 4, 2, 128, 32, 8, 2, 0, 0, 8, 8]",right,128
98,926,"[128, 2, 4, 4, 0, 16, 16, 2, 0, 32, 0, 8, 0, 0, 2, 0]",up,128
99,926,"[128, 2, 4, 4, 0, 16, 16, 2, 0, 32, 2, 8, 0, 4, 0, 0]",up,128
100,926,"[0, 2, 0, 2, 0, 16, 4, 4, 0, 32, 16, 2, 128, 4, 2, 8]",down,128
101,926,"[128, 2, 4, 2, 2, 16, 16, 4, 0, 32, 2, 2, 0, 4, 0, 8]",up,128
102,962,"[128, 2, 4, 2, 2, 32, 4, 0, 32, 4, 2, 0, 4, 8, 0, 0]",left,128
103,970,"[128, 2, 8, 2, 2, 32, 2, 2, 32, 4, 0, 0, 4, 8, 0, 0]",up,128
104,974,"[128, 2, 8, 2, 2, 32, 4, 2, 32, 4, 0, 0, 4, 8, 0, 0]",left,128
105,978,"[128, 2, 8, 4, 2, 32, 4, 0, 32, 4, 0, 2, 4, 8, 0, 0]",up,128
106,978,"[128, 2, 8, 4, 2, 32, 4, 0, 32, 4, 2, 2, 4, 8, 0, 0]",left,128
107,982,"[128, 2, 8, 4, 0, 2, 32, 4, 0, 32, 4, 4, 2, 0, 4, 8]",right,128
108,1002,"[128, 4, 8, 8, 2, 32, 32, 4, 2, 0, 8, 8, 0, 0, 0, 0]",up,128
109,1006,"[128, 4, 8, 8, 4, 32, 32, 4, 4, 0, 8, 8, 0, 0, 0, 0]",up,128
110,1014,"[128, 4, 8, 8, 8, 32, 32, 4, 0, 4, 8, 8, 0, 0, 0, 0]",up,128
111,1014,"[0, 0, 0, 2, 0, 4, 8, 8, 128, 32, 32, 4, 8, 4, 8, 8]",down,128
112,1110,"[0, 0, 0, 2, 0, 0, 4, 16, 0, 128, 64, 4, 4, 8, 4, 16]",right,128
113,1110,"[4, 128, 4, 2, 0, 8, 64, 16, 0, 0, 4, 4, 0, 2, 0, 16]",up,128
114,1118,"[4, 128, 4, 2, 8, 64, 16, 0, 8, 0, 0, 2, 2, 16, 0, 0]",left,128
115,1138,"[4, 128, 4, 4, 16, 64, 16, 0, 2, 16, 0, 2, 0, 0, 0, 0]",up,128
116,1138,"[4, 128, 4, 4, 16, 64, 16, 2, 2, 16, 0, 4, 0, 0, 0, 0]",up,128
117,1138,"[0, 0, 0, 4, 4, 128, 0, 4, 16, 64, 4, 2, 2, 16, 16, 4]",down,128
118,1142,"[0, 2, 0, 0, 4, 128, 0, 8, 16, 64, 4, 2, 2, 16, 16, 4]",down,128
119,1174,"[2, 2, 0, 0, 4, 128, 8, 0, 16, 64, 4, 2, 2, 32, 4, 0]",left,128
120,1182,"[2, 2, 8, 2, 4, 128, 8, 0, 16, 64, 0, 2, 2, 32, 0, 0]",up,128
121,1192,"[2, 2, 0, 0, 4, 128, 0, 2, 16, 64, 0, 0, 2, 32, 16, 4]",down,128
122,1196,"[0, 0, 4, 4, 0, 4, 128, 2, 0, 0, 16, 64, 2, 32, 16, 4]",right,128
123,1212,"[0, 0, 0, 4, 2, 0, 4, 2, 0, 4, 128, 64, 2, 32, 32, 4]",down,128
124,1216,"[4, 4, 4, 4, 2, 32, 128, 2, 0, 0, 32, 64, 0, 0, 0, 4]",up,128
125,1232,"[0, 2, 8, 8, 2, 32, 128, 2, 0, 0, 32, 64, 0, 0, 0, 4]",right,128
126,1232,"[0, 0, 0, 8, 0, 2, 8, 2, 0, 2, 128, 64, 2, 32, 32, 4]",down,128
127,1234,"[0, 0, 2, 8, 0, 0, 8, 2, 0, 4, 128, 64, 2, 32, 32, 4]",down,128
128,1234,"[2, 4, 2, 8, 0, 32, 8, 2, 2, 0, 128, 64, 0, 0, 32, 4]",up,128
129,1236,"[2, 0, 2, 8, 0, 0, 8, 2, 0, 4, 128, 64, 4, 32, 32, 4]",down,128
130,1304,"[4, 8, 0, 0, 8, 2, 0, 0, 4, 128, 64, 2, 4, 64, 4, 0]",left,128
131,1304,"[0, 0, 4, 8, 0, 0, 8, 2, 4, 128, 64, 2, 2, 4, 64, 4]",right,128
132,1436,"[4, 128, 4, 8, 2, 4, 8, 4, 0, 0, 128, 4, 0, 0, 2, 0]",up,128
133,1444,"[4, 128, 4, 8, 2, 4, 8, 8, 2, 0, 128, 0, 0, 0, 2, 0]",up,128
134,1464,"[4, 128, 4, 16, 4, 4, 8, 2, 0, 0, 128, 0, 0, 0, 2, 0]",up,128
135,1468,"[0, 2, 4, 0, 0, 0, 8, 0, 0, 128, 128, 16, 8, 4, 2, 2]",down,128
136,1728,"[2, 4, 0, 0, 8, 0, 2, 0, 256, 16, 0, 0, 8, 4, 4, 0]",left,256
137,1736,"[2, 4, 0, 0, 8, 2, 0, 0, 256, 16, 0, 4, 8, 8, 0, 0]",left,256
138,1752,"[0, 0, 2, 4, 0, 0, 8, 2, 2, 256, 16, 4, 0, 0, 0, 16]",right,256
139,1752,"[2, 256, 2, 4, 0, 0, 8, 2, 2, 0, 16, 4, 0, 0, 0, 16]",up,256
140,1756,"[4, 256, 2, 4, 2, 0, 8, 2, 0, 0, 16, 4, 0, 0, 0, 16]",up,256
141,1756,"[0, 4, 0, 4, 0, 0, 2, 2, 4, 0, 8, 4, 2, 256, 16, 16]",down,256
142,1756,"[4, 4, 2, 4, 2, 256, 8, 2, 0, 0, 16, 4, 0, 2, 0, 16]",up,256
143,1756,"[2, 0, 0, 4, 0, 4, 2, 2, 4, 256, 8, 4, 2, 2, 16, 16]",down,256
144,1756,"[2, 0, 0, 4, 2, 4, 2, 2, 4, 256, 8, 4, 2, 2, 16, 16]",down,256
145,1796,"[2, 4, 2, 0, 2, 4, 4, 0, 4, 256, 8, 4, 4, 32, 0, 0]",left,256
146,1816,"[4, 8, 2, 4, 8, 256, 4, 0, 0, 32, 8, 0, 0, 0, 0, 2]",up,256
147,1816,"[4, 8, 2, 4, 0, 8, 256, 4, 2, 0, 32, 8, 0, 0, 0, 2]",right,256
148,1840,"[4, 16, 2, 8, 2, 4, 256, 8, 0, 0, 32, 2, 0, 0, 0, 0]",up,256
149,1840,"[4, 16, 2, 8, 2, 4, 256, 8, 32, 2, 0, 0, 0, 0, 2, 0]",left,256
150,1856,"[4, 16, 2, 16, 2, 4, 256, 4, 32, 2, 2, 0, 0, 0, 0, 0]",up,256
151,1856,"[0, 0, 0, 0, 4, 16, 2, 2, 2, 4, 256, 16, 32, 2, 2, 4]",down,256
152,1864,"[0, 0, 0, 0, 2, 4, 16, 4, 2, 4, 256, 16, 0, 32, 4, 4]",right,256
153,1872,"[0, 0, 2, 0, 2, 4, 16, 4, 2, 4, 256, 16, 32, 8, 0, 0]",left,256
154,1878,"[0, 0, 4, 0, 0, 0, 2, 0, 4, 8, 16, 4, 32, 8, 256, 16]",down,256
155,1886,"[0, 0, 4, 0, 0, 2, 2, 0, 4, 0, 16, 4, 32, 16, 256, 16]",down,256
156,1890,"[4, 0, 0, 0, 4, 2, 0, 0, 4, 16, 4, 0, 32, 16, 256, 16]",left,256
157,1930,"[8, 2, 4, 16, 4, 32, 256, 0, 32, 2, 0, 0, 0, 0, 0, 0]",up,256
158,1930,"[8, 2, 4, 16, 0, 4, 32, 256, 0, 0, 32, 2, 0, 0, 0, 2]",right,256
159,1998,"[8, 2, 4, 16, 4, 4, 64, 256, 0, 0, 0, 4, 0, 0, 0, 0]",up,256
160,1998,"[0, 0, 0, 0, 0, 2, 0, 16, 8, 2, 4, 256, 4, 4, 64, 4]",down,256
161,2002,"[8, 4, 4, 16, 4, 4, 64, 256, 2, 0, 0, 4, 0, 0, 0, 0]",up,256
162,2006,"[2, 0, 0, 0, 8, 0, 0, 16, 4, 0, 4, 256, 2, 8, 64, 4]",down,256
163,2014,"[0, 2, 0, 2, 0, 0, 8, 16, 0, 0, 8, 256, 2, 8, 64, 4]",right,256
164,2022,"[0, 0, 0, 2, 0, 0, 0, 16, 4, 2, 16, 256, 2, 8, 64, 4]",down,256
165,2022,"[2, 0, 0, 0, 16, 2, 0, 0, 4, 2, 16, 256, 2, 8, 64, 4]",left,256
166,2024,"[2, 2, 0, 0, 16, 0, 0, 0, 4, 4, 16, 256, 2, 8, 64, 4]",down,256
167,2024,"[2, 2, 16, 256, 16, 4, 64, 4, 4, 8, 0, 2, 2, 0, 0, 0]",up,256
168,2028,"[0, 4, 16, 256, 16, 4, 64, 4, 2, 4, 8, 2, 0, 0, 0, 2]",right,256
169,2040,"[16, 8, 16, 256, 2, 4, 64, 4, 0, 0, 8, 4, 0, 2, 0, 0]",up,256
170,2044,"[0, 0, 0, 0, 2, 8, 16, 0, 16, 4, 64, 256, 2, 2, 8, 8]",down,256
171,2044,"[2, 8, 16, 256, 16, 4, 64, 8, 2, 2, 8, 0, 0, 0, 0, 2]",up,256
172,2048,"[2, 8, 16, 256, 16, 4, 64, 8, 4, 8, 0, 0, 2, 0, 2, 0]",left,256
173,2052,"[2, 8, 16, 256, 16, 4, 64, 8, 4, 8, 2, 0, 4, 0, 0, 0]",left,256
174,2052,"[2, 8, 16, 256, 16, 4, 64, 8, 0, 4, 8, 2, 0, 2, 0, 4]",right,256
175,2060,"[2, 8, 16, 256, 16, 8, 64, 8, 2, 2, 8, 2, 0, 0, 0, 4]",up,256
176,2064,"[2, 8, 16, 256, 16, 8, 64, 8, 4, 8, 2, 0, 4, 0, 4, 0]",left,256
177,2076,"[0, 0, 16, 2, 2, 0, 64, 0, 16, 8, 2, 256, 8, 16, 4, 8]",down,256
178,2076,"[0, 0, 16, 2, 0, 2, 2, 64, 16, 8, 2, 256, 8, 16, 4, 8]",right,256
179,2078,"[0, 0, 0, 2, 2, 2, 16, 64, 16, 8, 4, 256, 8, 16, 4, 8]",down,256
180,2086,"[2, 2, 16, 2, 16, 8, 8, 64, 8, 16, 2, 256, 0, 0, 0, 8]",up,256
181,2106,"[4, 16, 2, 0, 16, 16, 64, 0, 8, 16, 2, 256, 8, 0, 0, 2]",left,256
182,2154,"[4, 32, 2, 256, 16, 16, 64, 2, 16, 2, 2, 0, 0, 0, 0, 0]",up,256
183,2190,"[4, 32, 2, 256, 32, 64, 2, 0, 16, 4, 4, 0, 0, 0, 0, 0]",left,256
184,2194,"[4, 32, 4, 256, 32, 64, 4, 0, 16, 4, 0, 0, 0, 0, 0, 2]",up,256
185,2194,"[4, 32, 4, 256, 32, 64, 4, 0, 16, 4, 0, 0, 2, 0, 0, 2]",left,256
186,2198,"[4, 32, 4, 256, 32, 64, 4, 0, 16, 4, 0, 0, 4, 0, 0, 2]",left,256
187,2202,"[4, 0, 0, 2, 32, 32, 0, 0, 16, 64, 0, 256, 4, 4, 8, 2]",down,256
188,2274,"[4, 2, 0, 0, 64, 0, 0, 2, 16, 64, 256, 0, 8, 8, 2, 0]",left,256
189,2290,"[4, 2, 0, 0, 64, 2, 2, 0, 16, 64, 256, 0, 16, 2, 0, 0]",left,256
190,2326,"[4, 4, 2, 0, 64, 64, 256, 0, 32, 2, 0, 2, 0, 0, 0, 0]",up,256
191,2326,"[4, 4, 2, 2, 64, 64, 256, 2, 32, 2, 0, 0, 0, 0, 0, 0]",up,256
192,2466,"[0, 2, 8, 4, 0, 128, 256, 2, 0, 0, 32, 2, 0, 0, 0, 0]",right,256
193,2470,"[0, 2, 8, 4, 4, 128, 256, 4, 0, 0, 32, 0, 0, 0, 0, 0]",up,256
194,2478,"[4, 2, 8, 8, 0, 128, 256, 0, 0, 0, 32, 0, 2, 0, 0, 0]",up,256
195,2478,"[4, 2, 8, 8, 2, 128, 256, 0, 0, 0, 32, 0, 0, 0, 2, 0]",up,256
196,2478,"[2, 0, 8, 0, 0, 0, 256, 0, 4, 2, 32, 0, 2, 128, 2, 8]",down,256
197,2478,"[2, 2, 8, 8, 4, 128, 256, 0, 2, 2, 32, 0, 0, 0, 2, 0]",up,256
198,2478,"[0, 0, 8, 0, 2, 2, 256, 0, 4, 128, 32, 2, 2, 2, 2, 8]",down,256
199,2478,"[2, 2, 8, 2, 4, 128, 256, 8, 2, 2, 32, 0, 2, 0, 2, 0]",up,256
200,2480,"[2, 0, 8, 0, 2, 2, 256, 0, 4, 128, 32, 2, 4, 2, 2, 8]",down,256
201,2486,"[0, 0, 8, 0, 0, 2, 256, 4, 4, 128, 32, 2, 8, 2, 2, 8]",down,256
202,2490,"[8, 0, 0, 0, 2, 256, 4, 0, 4, 128, 32, 2, 8, 4, 8, 2]",left,256
203,2494,"[8, 256, 4, 4, 2, 128, 32, 0, 4, 4, 8, 2, 8, 0, 0, 0]",up,256
204,2510,"[2, 8, 256, 8, 0, 2, 128, 32, 0, 8, 8, 2, 0, 0, 0, 8]",right,256
205,2510,"[0, 0, 0, 8, 2, 8, 256, 32, 0, 2, 128, 2, 2, 8, 8, 8]",down,256
206,2514,"[4, 8, 256, 8, 0, 2, 128, 32, 0, 8, 8, 2, 2, 0, 0, 8]",up,256
207,2514,"[4, 8, 256, 8, 2, 2, 128, 32, 2, 8, 8, 2, 0, 0, 0, 8]",up,256
208,2518,"[4, 8, 256, 8, 4, 2, 128, 32, 2, 8, 8, 2, 0, 0, 0, 8]",up,256
209,2526,"[8, 8, 256, 8, 2, 2, 128, 32, 0, 8, 8, 2, 0, 2, 0, 8]",up,256
210,2526,"[0, 8, 2, 8, 0, 2, 256, 32, 8, 8, 128, 2, 2, 2, 8, 8]",down,256
211,2526,"[8, 8, 2, 8, 2, 2, 256, 32, 2, 8, 128, 2, 0, 2, 8, 8]",up,256
212,2530,"[8, 8, 2, 8, 4, 2, 256, 32, 0, 8, 128, 2, 2, 2, 8, 8]",up,256
213,2530,"[2, 8, 2, 8, 8, 2, 256, 32, 4, 8, 128, 2, 2, 2, 8, 8]",down,256
214,2550,"[2, 8, 2, 8, 8, 2, 256, 32, 4, 8, 128, 2, 4, 16, 2, 0]",left,256
215,2558,"[2, 8, 2, 8, 8, 2, 256, 32, 8, 8, 128, 2, 0, 16, 2, 2]",up,256
216,2578,"[2, 8, 2, 8, 16, 2, 256, 32, 2, 8, 128, 4, 0, 16, 2, 0]",up,256
217,2578,"[2, 8, 2, 8, 16, 2, 256, 32, 2, 8, 128, 4, 16, 2, 0, 2]",left,256
218,2582,"[2, 8, 2, 8, 16, 2, 256, 32, 2, 8, 128, 4, 16, 4, 2, 0]",left,256
219,2582,"[2, 8, 2, 2, 16, 2, 256, 8, 2, 8, 128, 32, 16, 4, 2, 4]",down,256
220,2586,"[2, 2, 8, 4, 16, 2, 256, 8, 2, 8, 128, 32, 16, 4, 2, 4]",right,256
221,2590,"[2, 4, 8, 4, 16, 2, 256, 8, 2, 8, 128, 32, 16, 4, 2, 4]",right,256
1,0,"[4, 0, 0, 0, 0, 0, 0, 0, 0, 0, 0, 0, 0, 0, 2, 0]",up,4
2,0,"[4, 0, 2, 0, 0, 0, 2, 0, 0, 0, 0, 0, 0, 0, 0, 0]",up,4
3,4,"[4, 0, 4, 0, 0, 0, 0, 0, 0, 2, 0, 0, 0, 0, 0, 0]",up,4
4,12,"[8, 0, 0, 0, 0, 0, 0, 0, 2, 2, 0, 0, 0, 0, 0, 0]",left,8
5,12,"[8, 2, 0, 0, 2, 0, 0, 0, 0, 0, 0, 0, 0, 0, 0, 2]",up,8
6,12,"[8, 2, 0, 2, 2, 2, 0, 0, 0, 0, 0, 0, 0, 0, 0, 0]",up,8
7,20,"[8, 4, 2, 0, 4, 0, 0, 0, 0, 0, 0, 0, 0, 0, 0, 0]",left,8
8,20,"[0, 0, 0, 0, 0, 0, 4, 0, 8, 0, 0, 0, 4, 4, 2, 0]",down,8
9,20,"[8, 4, 4, 2, 4, 0, 2, 0, 0, 0, 0, 0, 0, 0, 0, 0]",up,8
10,20,"[0, 0, 0, 0, 2, 0, 0, 0, 8, 0, 4, 0, 4, 4, 2, 2]",down,8
11,20,"[2, 4, 4, 2, 8, 0, 2, 2, 4, 0, 0, 0, 0, 0, 0, 0]",up,8
12,32,"[2, 2, 8, 2, 0, 0, 8, 4, 0, 0, 0, 4, 0, 0, 0, 0]",right,8
13,56,"[2, 2, 16, 2, 2, 0, 0, 8, 0, 0, 0, 0, 0, 0, 0, 0]",up,16
14,58,"[2, 0, 0, 0, 0, 0, 0, 0, 0, 0, 0, 2, 4, 2, 16, 8]",down,16
15,58,"[2, 0, 0, 0, 2, 0, 0, 0, 2, 0, 0, 0, 4, 2, 16, 8]",left,16
16,62,"[4, 2, 16, 8, 2, 2, 0, 0, 4, 0, 0, 0, 0, 0, 0, 0]",up,16
17,66,"[4, 2, 16, 8, 0, 0, 0, 4, 2, 0, 0, 4, 0, 0, 0, 0]",right,16
18,74,"[4, 2, 16, 8, 2, 0, 0, 8, 0, 0, 0, 0, 0, 2, 0, 0]",up,16
19,94,"[4, 4, 16, 16, 2, 0, 0, 0, 2, 0, 0, 0, 0, 0, 0, 0]",up,16
20,98,"[4, 4, 16, 16, 4, 0, 0, 0, 2, 0, 0, 0, 0, 0, 0, 0]",up,16
21,138,"[8, 32, 0, 0, 4, 0, 0, 0, 2, 0, 0, 2, 0, 0, 0, 0]",left,32
22,142,"[8, 32, 2, 0, 4, 0, 0, 0, 4, 0, 0, 0, 0, 0, 0, 0]",left,32
23,150,"[8, 32, 2, 0, 8, 0, 0, 0, 0, 0, 0, 0, 2, 0, 0, 0]",up,32
24,166,"[16, 32, 2, 0, 2, 0, 2, 0, 0, 0, 0, 0, 0, 0, 0, 0]",up,32
25,170,"[16, 32, 4, 0, 2, 2, 0, 0, 0, 0, 0, 0, 0, 0, 0, 0]",up,32
26,170,"[0, 0, 0, 0, 0, 0, 0, 0, 16, 32, 2, 0, 2, 2, 4, 0]",down,32
27,170,"[16, 32, 2, 0, 2, 2, 4, 0, 0, 0, 0, 0, 0, 0, 2, 0]",up,32
28,170,"[16, 32, 2, 0, 2, 2, 4, 0, 0, 0, 2, 2, 0, 0, 0, 0]",up,32
29,170,"[16, 32, 2, 2, 2, 2, 4, 0, 0, 0, 2, 0, 0, 0, 0, 2]",up,32
30,178,"[0, 16, 32, 4, 0, 0, 4, 4, 0, 0, 0, 2, 4, 0, 0, 2]",right,32
31,184,"[2, 0, 0, 0, 0, 0, 0, 0, 0, 0, 32, 8, 4, 16, 4, 4]",down,32
32,184,"[0, 0, 0, 2, 0, 0, 0, 0, 2, 0, 32, 8, 4, 16, 4, 4]",down,32
33,192,"[2, 0, 0, 0, 0, 0, 0, 2, 2, 32, 8, 0, 4, 16, 8, 0]",left,32
34,202,"[0, 0, 0, 0, 0, 2, 0, 0, 4, 32, 0, 0, 4, 16, 16, 2]",down,32
35,234,"[0, 0, 0, 0, 2, 0, 2, 0, 4, 32, 0, 0, 4, 32, 2, 0]",left,32
36,310,"[2, 64, 4, 0, 8, 0, 0, 0, 0, 0, 0, 2, 0, 0, 0, 0]",up,64
37,310,"[0, 2, 0, 0, 0, 0, 0, 0, 2, 0, 0, 0, 8, 64, 4, 2]",down,64
38,310,"[2, 2, 4, 2, 8, 64, 0, 0, 0, 0, 0, 0, 0, 0, 2, 0]",up,64
39,310,"[0, 0, 0, 0, 0, 2, 0, 0, 2, 2, 4, 0, 8, 64, 2, 2]",down,64
40,318,"[2, 0, 0, 0, 2, 0, 0, 0, 4, 4, 0, 0, 8, 64, 4, 0]",left,64
41,320,"[2, 0, 0, 0, 4, 0, 0, 0, 4, 4, 0, 0, 8, 64, 4, 0]",down,64
42,324,"[0, 0, 0, 0, 2, 0, 0, 0, 8, 4, 0, 0, 8, 64, 4, 4]",down,64
43,340,"[2, 4, 4, 4, 16, 64, 0, 0, 0, 0, 0, 0, 0, 0, 0, 2]",up,64
44,340,"[2, 4, 4, 4, 16, 64, 0, 2, 0, 2, 0, 0, 0, 0, 0, 0]",up,64
45,340,"[0, 0, 0, 2, 0, 4, 0, 0, 2, 64, 0, 4, 16, 2, 4, 2]",down,64
46,340,"[0, 0, 0, 2, 0, 0, 0, 4, 2, 2, 64, 4, 16, 2, 4, 2]",right,64
47,344,"[2, 0, 0, 0, 4, 0, 2, 0, 4, 64, 4, 0, 16, 2, 4, 2]",left,64
48,344,"[2, 0, 2, 0, 4, 2, 0, 0, 4, 64, 4, 0, 16, 2, 4, 2]",left,64
49,360,"[2, 2, 2, 2, 8, 64, 8, 0, 16, 2, 0, 0, 0, 2, 0, 0]",up,64
50,368,"[4, 4, 0, 0, 8, 64, 8, 0, 16, 2, 0, 0, 2, 2, 0, 0]",left,64
51,380,"[8, 0, 0, 0, 8, 64, 8, 0, 16, 2, 2, 0, 4, 0, 0, 0]",left,64
52,388,"[2, 0, 0, 0, 16, 0, 0, 0, 16, 64, 8, 0, 4, 2, 2, 0]",down,64
53,420,"[2, 64, 8, 0, 32, 2, 2, 0, 4, 0, 0, 0, 0, 0, 0, 2]",up,64
54,424,"[2, 64, 8, 0, 32, 4, 0, 0, 4, 0, 0, 0, 2, 0, 0, 2]",left,64
55,428,"[2, 64, 8, 0, 32, 4, 0, 0, 4, 2, 0, 0, 4, 0, 0, 0]",left,64
56,436,"[2, 64, 8, 2, 32, 4, 0, 0, 8, 2, 0, 0, 0, 0, 0, 0]",up,64
57,436,"[0, 0, 0, 0, 2, 64, 0, 4, 32, 4, 0, 0, 8, 2, 8, 2]",down,64
58,436,"[0, 0, 0, 0, 2, 64, 4, 2, 32, 4, 0, 0, 8, 2, 8, 2]",left,64
59,436,"[0, 0, 0, 0, 2, 64, 4, 2, 2, 0, 32, 4, 8, 2, 8, 2]",right,64
60,436,"[0, 0, 0, 2, 2, 64, 4, 2, 2, 32, 4, 0, 8, 2, 8, 2]",left,64
61,444,"[0, 0, 0, 2, 0, 64, 0, 0, 4, 32, 8, 2, 8, 2, 8, 4]",down,64
62,454,"[2, 0, 0, 0, 0, 64, 0, 0, 4, 32, 0, 4, 8, 2, 16, 4]",down,64
63,458,"[0, 0, 0, 0, 2, 64, 0, 2, 4, 32, 0, 0, 8, 2, 16, 8]",down,64
64,458,"[0, 0, 0, 0, 2, 64, 2, 2, 4, 32, 0, 0, 8, 2, 16, 8]",left,64
65,462,"[0, 0, 0, 0, 2, 64, 4, 0, 4, 32, 0, 2, 8, 2, 16, 8]",left,64
66,462,"[2, 64, 4, 2, 4, 32, 16, 8, 8, 2, 0, 0, 0, 0, 0, 2]",up,64
67,462,"[2, 64, 4, 2, 4, 32, 16, 8, 8, 2, 0, 0, 2, 0, 0, 4]",left,64
68,462,"[2, 0, 2, 0, 4, 64, 0, 2, 8, 32, 4, 8, 2, 2, 16, 4]",down,64
69,470,"[4, 0, 0, 0, 4, 64, 2, 0, 8, 32, 4, 8, 4, 16, 4, 2]",left,64
70,478,"[2, 0, 0, 0, 8, 64, 0, 0, 8, 32, 2, 8, 4, 16, 8, 2]",down,64
71,486,"[2, 0, 0, 0, 2, 64, 0, 0, 16, 32, 2, 8, 4, 16, 8, 2]",down,64
72,490,"[4, 64, 2, 8, 16, 32, 8, 2, 4, 16, 0, 0, 0, 2, 0, 0]",up,64
73,490,"[0, 64, 0, 2, 4, 32, 0, 0, 16, 16, 2, 8, 4, 2, 8, 2]",down,64
74,490,"[0, 64, 0, 2, 4, 32, 0, 2, 16, 16, 2, 8, 4, 2, 8, 2]",down,64
75,522,"[0, 2, 64, 2, 0, 4, 32, 2, 0, 32, 2, 8, 4, 2, 8, 2]",right,64
76,522,"[2, 64, 2, 0, 4, 32, 2, 2, 32, 2, 8, 0, 4, 2, 8, 2]",left,64
77,550,"[2, 64, 4, 4, 4, 32, 16, 0, 32, 4, 2, 0, 4, 0, 0, 0]",up,64
78,558,"[2, 64, 8, 0, 4, 32, 16, 0, 32, 4, 2, 2, 4, 0, 0, 0]",left,64
79,558,"[2, 0, 2, 0, 4, 64, 8, 0, 32, 32, 16, 0, 4, 4, 2, 2]",down,64
80,638,"[0, 0, 0, 4, 0, 4, 64, 8, 2, 0, 64, 16, 0, 0, 8, 4]",right,64
81,638,"[4, 0, 0, 0, 4, 64, 8, 0, 2, 64, 16, 0, 8, 4, 2, 0]",left,64
82,774,"[8, 128, 8, 0, 2, 4, 16, 0, 8, 0, 2, 0, 0, 0, 0, 2]",up,128
83,774,"[2, 0, 0, 0, 8, 0, 8, 0, 2, 128, 16, 0, 8, 4, 2, 2]",down,128
84,794,"[2, 0, 0, 0, 16, 0, 2, 0, 2, 128, 16, 0, 8, 4, 4, 0]",left,128
85,802,"[2, 0, 0, 0, 16, 2, 0, 0, 2, 128, 16, 2, 8, 8, 0, 0]",left,128
86,818,"[0, 0, 0, 2, 2, 0, 16, 2, 2, 128, 16, 2, 0, 0, 0, 16]",right,128
87,858,"[4, 128, 32, 4, 0, 2, 0, 2, 0, 0, 0, 16, 0, 0, 0, 0]",up,128
88,858,"[0, 0, 0, 0, 0, 0, 0, 4, 0, 128, 2, 2, 4, 2, 32, 16]",down,128
89,858,"[4, 128, 2, 4, 0, 2, 32, 2, 0, 0, 0, 16, 0, 0, 2, 0]",up,128
90,858,"[4, 128, 2, 4, 0, 2, 32, 2, 2, 0, 2, 16, 0, 0, 0, 0]",up,128
91,858,"[4, 128, 2, 4, 2, 2, 32, 2, 0, 0, 2, 16, 0, 2, 0, 0]",up,128
92,862,"[4, 128, 2, 4, 4, 32, 2, 2, 2, 16, 0, 0, 2, 0, 0, 0]",left,128
93,878,"[8, 128, 4, 4, 4, 32, 0, 2, 0, 16, 0, 0, 0, 0, 0, 2]",up,128
94,882,"[8, 128, 4, 4, 4, 32, 0, 4, 0, 16, 0, 0, 0, 0, 2, 0]",up,128
95,890,"[8, 128, 4, 8, 4, 32, 2, 0, 0, 16, 0, 2, 0, 0, 0, 0]",up,128
96,890,"[8, 128, 4, 8, 4, 32, 2, 2, 0, 16, 0, 0, 2, 0, 0, 0]",up,128
97,890,"[8, 128, 4, 8, 4, 32, 2, 2, 2, 16, 0, 0, 0, 0, 2, 0]",up,128
98,894,"[8, 128, 4, 8, 0, 4, 32, 4, 0, 0, 2, 16, 4, 0, 0, 2]",right,128
99,894,"[0, 0, 2, 8, 0, 0, 4, 4, 8, 128, 32, 16, 4, 4, 2, 2]",down,128
100,914,"[2, 8, 2, 0, 8, 0, 0, 0, 8, 128, 32, 16, 8, 4, 0, 0]",left,128
101,914,"[0, 2, 8, 2, 2, 0, 0, 8, 8, 128, 32, 16, 0, 0, 8, 4]",right,128
102,914,"[2, 8, 2, 2, 2, 8, 0, 0, 8, 128, 32, 16, 8, 4, 0, 0]",left,128
103,950,"[4, 16, 2, 2, 16, 128, 32, 16, 2, 4, 0, 0, 0, 0, 0, 0]",up,128
104,954,"[4, 16, 4, 0, 16, 128, 32, 16, 2, 4, 0, 2, 0, 0, 0, 0]",left,128
105,954,"[4, 16, 4, 16, 16, 128, 32, 2, 2, 4, 0, 0, 0, 0, 0, 2]",up,128
106,954,"[4, 16, 4, 16, 16, 128, 32, 2, 2, 4, 0, 0, 2, 0, 4, 0]",left,128
107,954,"[4, 16, 4, 16, 16, 128, 32, 2, 2, 4, 0, 0, 2, 4, 2, 0]",left,128
108,966,"[4, 16, 4, 16, 16, 128, 32, 2, 4, 8, 2, 2, 0, 0, 0, 0]",up,128
109,970,"[4, 16, 4, 16, 16, 128, 32, 4, 4, 8, 2, 4, 0, 0, 0, 0]",up,128
110,978,"[4, 16, 4, 16, 16, 128, 32, 8, 4, 8, 2, 0, 4, 0, 0, 0]",up,128
111,986,"[4, 16, 4, 16, 16, 128, 32, 8, 8, 8, 2, 0, 0, 0, 2, 0]",up,128
112,1002,"[4, 16, 4, 16, 16, 128, 32, 8, 16, 2, 0, 0, 2, 0, 0, 2]",left,128
113,1018,"[2, 0, 0, 0, 4, 16, 0, 16, 32, 128, 4, 8, 2, 2, 32, 2]",down,128
114,1054,"[2, 0, 2, 0, 4, 32, 0, 0, 32, 128, 4, 8, 4, 32, 2, 0]",left,128
115,1054,"[2, 32, 2, 8, 4, 128, 4, 2, 32, 32, 2, 0, 4, 0, 0, 0]",up,128
116,1118,"[2, 32, 2, 8, 4, 128, 4, 2, 0, 0, 64, 2, 0, 0, 2, 4]",right,128
117,1118,"[2, 32, 2, 8, 4, 128, 4, 2, 64, 2, 0, 2, 2, 4, 0, 0]",left,128
118,1122,"[2, 32, 2, 8, 4, 128, 4, 4, 64, 2, 2, 0, 2, 4, 0, 0]",up,128
119,1122,"[2, 32, 0, 2, 4, 128, 2, 0, 64, 2, 4, 8, 2, 4, 2, 4]",down,128
120,1122,"[2, 32, 2, 2, 4, 128, 4, 8, 64, 2, 2, 4, 2, 4, 0, 2]",up,128
121,1130,"[0, 2, 32, 4, 4, 128, 4, 8, 4, 64, 4, 4, 0, 2, 4, 2]",right,128
122,1146,"[8, 2, 32, 4, 0, 128, 8, 8, 0, 64, 4, 4, 0, 2, 2, 2]",up,128
123,1174,"[8, 2, 32, 4, 2, 0, 128, 16, 0, 0, 64, 8, 0, 0, 2, 4]",right,128
124,1174,"[0, 2, 32, 4, 0, 0, 128, 16, 8, 0, 64, 8, 2, 2, 2, 4]",down,128
125,1178,"[0, 2, 32, 4, 0, 0, 128, 16, 0, 8, 64, 8, 2, 2, 4, 4]",right,128
126,1178,"[2, 2, 32, 4, 0, 8, 128, 16, 0, 2, 64, 8, 2, 0, 4, 4]",up,128
127,1190,"[0, 4, 32, 4, 2, 8, 128, 16, 0, 2, 64, 8, 0, 0, 2, 8]",right,128
128,1206,"[2, 4, 32, 4, 2, 8, 128, 16, 0, 2, 64, 16, 0, 0, 2, 0]",up,128
129,1242,"[4, 4, 32, 4, 0, 8, 128, 32, 0, 2, 64, 0, 0, 2, 2, 0]",up,128
130,1254,"[0, 8, 32, 4, 0, 8, 128, 32, 0, 0, 2, 64, 0, 0, 2, 4]",right,128
131,1274,"[0, 16, 32, 4, 0, 0, 128, 32, 0, 0, 4, 64, 0, 0, 2, 4]",up,128
132,1274,"[16, 32, 4, 0, 128, 32, 2, 0, 4, 64, 0, 0, 2, 4, 0, 0]",left,128
133,1306,"[16, 0, 0, 0, 128, 64, 0, 0, 4, 64, 4, 2, 2, 4, 2, 0]",down,128
134,1434,"[16, 128, 4, 2, 128, 4, 2, 2, 4, 0, 0, 0, 2, 0, 0, 0]",up,128
135,1438,"[16, 128, 4, 2, 0, 128, 4, 4, 2, 0, 0, 4, 0, 0, 0, 2]",right,128
136,1710,"[16, 256, 8, 2, 2, 0, 0, 8, 0, 0, 0, 2, 0, 0, 0, 2]",up,256
137,1710,"[16, 256, 8, 2, 0, 0, 2, 8, 0, 0, 2, 2, 0, 0, 0, 2]",right,256
138,1718,"[16, 256, 8, 2, 0, 0, 4, 8, 0, 0, 0, 4, 0, 0, 0, 2]",up,256
139,1718,"[0, 0, 0, 2, 0, 0, 2, 8, 0, 0, 8, 4, 16, 256, 4, 2]",down,256
140,1718,"[16, 256, 2, 2, 0, 0, 8, 8, 2, 0, 4, 4, 0, 0, 0, 2]",up,256
141,1746,"[16, 256, 4, 0, 16, 0, 0, 0, 2, 8, 2, 0, 2, 0, 0, 0]",left,256
142,1782,"[32, 256, 4, 0, 4, 8, 2, 0, 0, 0, 0, 0, 0, 0, 0, 2]",up,256
143,1782,"[0, 0, 4, 0, 0, 0, 0, 0, 32, 256, 4, 0, 4, 8, 2, 2]",down,256
144,1790,"[32, 256, 8, 2, 4, 8, 2, 0, 0, 0, 0, 0, 0, 0, 0, 2]",up,256
145,1790,"[32, 256, 8, 2, 0, 4, 8, 2, 0, 0, 0, 0, 2, 0, 0, 2]",right,256
146,1794,"[32, 256, 8, 2, 4, 8, 2, 0, 0, 0, 0, 0, 4, 0, 2, 0]",left,256
147,1806,"[32, 256, 8, 2, 8, 8, 4, 0, 0, 0, 0, 0, 0, 2, 0, 0]",up,256
148,1806,"[32, 256, 8, 2, 8, 8, 4, 0, 0, 2, 2, 0, 0, 0, 0, 0]",up,256
149,1826,"[32, 256, 8, 2, 16, 4, 0, 4, 4, 0, 0, 0, 0, 0, 0, 0]",left,256
150,1826,"[0, 0, 0, 0, 32, 0, 0, 2, 16, 256, 0, 2, 4, 4, 8, 4]",down,256
151,1828,"[0, 0, 0, 4, 32, 0, 0, 0, 16, 256, 0, 4, 4, 4, 8, 4]",down,256
152,1836,"[4, 0, 2, 0, 32, 0, 0, 0, 16, 256, 4, 0, 8, 8, 4, 0]",left,256
153,1844,"[4, 256, 2, 0, 32, 8, 8, 0, 16, 0, 0, 0, 8, 2, 0, 0]",up,256
154,1860,"[4, 256, 2, 0, 32, 16, 2, 0, 16, 0, 0, 0, 8, 2, 0, 0]",left,256
155,1864,"[4, 256, 4, 0, 32, 16, 0, 0, 16, 2, 0, 2, 8, 0, 0, 0]",up,256
156,1868,"[4, 256, 4, 2, 32, 16, 0, 0, 16, 4, 0, 0, 8, 0, 0, 0]",left,256
157,1868,"[4, 4, 0, 0, 32, 256, 0, 0, 16, 16, 0, 0, 8, 4, 4, 2]",down,256
158,1916,"[2, 0, 0, 8, 0, 0, 32, 256, 0, 0, 0, 32, 0, 8, 8, 2]",right,256
159,1916,"[2, 8, 32, 8, 0, 0, 8, 256, 0, 0, 0, 32, 0, 2, 0, 2]",up,256
160,1916,"[2, 8, 32, 8, 0, 2, 8, 256, 0, 0, 0, 32, 0, 0, 2, 2]",up,256
161,1916,"[2, 8, 32, 8, 0, 2, 8, 256, 2, 0, 2, 32, 0, 0, 0, 2]",up,256
162,1920,"[2, 8, 32, 8, 2, 8, 256, 0, 4, 32, 0, 0, 2, 0, 2, 0]",left,256
163,1924,"[2, 8, 32, 8, 2, 8, 256, 0, 4, 32, 2, 0, 4, 0, 0, 0]",left,256
164,1952,"[4, 16, 32, 8, 8, 32, 256, 0, 0, 0, 2, 0, 0, 0, 0, 2]",up,256
165,1952,"[4, 16, 32, 8, 8, 32, 256, 0, 2, 0, 0, 0, 2, 0, 2, 0]",left,256
166,1956,"[4, 16, 32, 8, 8, 32, 256, 0, 4, 2, 2, 0, 0, 0, 0, 0]",up,256
167,1960,"[4, 16, 32, 8, 8, 32, 256, 0, 4, 4, 0, 0, 2, 0, 0, 0]",left,256
168,1968,"[4, 16, 32, 8, 8, 32, 256, 0, 8, 0, 0, 0, 2, 0, 0, 2]",left,256
169,1972,"[4, 16, 32, 8, 8, 32, 256, 0, 8, 0, 0, 0, 4, 0, 0, 2]",left,256
170,1972,"[4, 16, 32, 8, 8, 32, 256, 0, 8, 0, 0, 0, 4, 2, 2, 0]",left,256
171,1988,"[4, 16, 32, 8, 16, 32, 256, 0, 4, 2, 2, 0, 0, 0, 0, 2]",up,256
172,1992,"[4, 16, 32, 8, 16, 32, 256, 0, 4, 4, 0, 2, 2, 0, 0, 0]",left,256
173,2000,"[4, 16, 32, 8, 16, 32, 256, 0, 8, 2, 2, 0, 2, 0, 0, 0]",left,256
174,2000,"[4, 2, 0, 0, 16, 16, 32, 0, 8, 32, 256, 0, 2, 2, 2, 8]",down,256
175,2000,"[4, 2, 32, 8, 16, 16, 256, 2, 8, 32, 2, 0, 2, 2, 0, 0]",up,256
176,2000,"[4, 2, 0, 0, 16, 16, 32, 4, 8, 32, 256, 8, 2, 2, 2, 2]",down,256
177,2040,"[4, 2, 0, 0, 32, 32, 4, 2, 8, 32, 256, 8, 4, 4, 0, 0]",left,256
178,2112,"[4, 2, 0, 0, 64, 4, 2, 0, 8, 32, 256, 8, 8, 2, 0, 0]",left,256
179,2112,"[0, 0, 4, 2, 0, 64, 4, 2, 8, 32, 256, 8, 2, 0, 8, 2]",right,256
180,2112,"[4, 2, 2, 0, 64, 4, 2, 0, 8, 32, 256, 8, 2, 8, 2, 0]",left,256
181,2116,"[4, 2, 4, 8, 64, 4, 256, 0, 8, 32, 2, 0, 2, 8, 0, 2]",up,256
182,2116,"[4, 2, 4, 8, 64, 4, 256, 0, 8, 32, 2, 2, 2, 8, 2, 0]",left,256
183,2120,"[4, 2, 4, 8, 0, 64, 4, 256, 0, 8, 32, 4, 2, 2, 8, 2]",right,256
184,2128,"[4, 2, 8, 8, 2, 64, 32, 256, 0, 8, 8, 4, 0, 2, 2, 2]",up,256
185,2128,"[0, 2, 8, 8, 2, 64, 32, 256, 4, 8, 8, 4, 2, 2, 2, 2]",down,256
186,2168,"[2, 16, 0, 2, 2, 64, 32, 256, 4, 16, 4, 0, 4, 4, 0, 0]",left,256
187,2176,"[2, 16, 2, 0, 2, 64, 32, 256, 4, 16, 4, 2, 8, 0, 0, 0]",left,256
188,2178,"[0, 2, 0, 0, 4, 16, 2, 0, 4, 64, 32, 256, 8, 16, 4, 2]",down,256
189,2182,"[0, 2, 0, 2, 0, 16, 2, 0, 8, 64, 32, 256, 8, 16, 4, 2]",down,256
190,2190,"[0, 2, 0, 2, 0, 16, 2, 2, 0, 64, 32, 256, 16, 16, 4, 2]",down,256
191,2230,"[0, 0, 0, 4, 0, 0, 16, 4, 0, 64, 32, 256, 2, 32, 4, 2]",right,256
192,2230,"[4, 4, 0, 0, 16, 4, 0, 0, 64, 32, 256, 0, 2, 32, 4, 2]",left,256
193,2238,"[8, 0, 0, 0, 16, 4, 0, 0, 64, 32, 256, 2, 2, 32, 4, 2]",left,256
194,2238,"[0, 2, 0, 8, 0, 0, 16, 4, 64, 32, 256, 2, 2, 32, 4, 2]",right,256
195,2238,"[2, 8, 0, 0, 16, 4, 2, 0, 64, 32, 256, 2, 2, 32, 4, 2]",left,256
196,2306,"[2, 8, 2, 4, 16, 4, 256, 0, 64, 64, 4, 0, 2, 2, 0, 0]",up,256
197,2306,"[2, 8, 0, 0, 16, 4, 2, 4, 64, 64, 256, 0, 2, 2, 4, 4]",down,256
198,2446,"[0, 0, 2, 8, 16, 4, 2, 4, 2, 0, 128, 256, 0, 0, 4, 8]",right,256
199,2448,"[0, 0, 2, 8, 0, 0, 4, 4, 16, 0, 128, 256, 2, 4, 4, 8]",down,256
200,2464,"[2, 8, 0, 0, 8, 0, 0, 4, 16, 128, 256, 0, 2, 8, 8, 0]",left,256
201,2464,"[2, 8, 256, 4, 8, 128, 8, 0, 16, 8, 0, 0, 2, 0, 4, 0]",up,256
202,2464,"[2, 8, 256, 4, 8, 128, 8, 2, 16, 8, 4, 0, 2, 0, 0, 0]",up,256
203,2464,"[2, 0, 2, 0, 8, 8, 256, 0, 16, 128, 8, 4, 2, 8, 4, 2]",down,256
204,2484,"[0, 2, 0, 4, 0, 0, 16, 256, 16, 128, 8, 4, 2, 8, 4, 2]",right,256
205,2484,"[16, 2, 16, 4, 2, 128, 8, 256, 2, 8, 4, 4, 0, 0, 0, 2]",up,256
206,2492,"[16, 2, 16, 4, 2, 128, 8, 256, 2, 8, 8, 2, 2, 0, 0, 0]",left,256
207,2512,"[16, 2, 16, 4, 4, 128, 16, 256, 2, 8, 2, 2, 0, 0, 0, 0]",up,256
208,2544,"[16, 2, 32, 4, 4, 128, 2, 256, 2, 8, 0, 2, 0, 2, 0, 0]",up,256
209,2544,"[16, 2, 32, 4, 4, 128, 2, 256, 2, 8, 2, 0, 2, 0, 0, 2]",left,256
210,2552,"[16, 2, 32, 4, 4, 128, 4, 256, 4, 8, 0, 2, 2, 0, 0, 0]",up,256
211,2552,"[16, 2, 32, 4, 4, 128, 4, 256, 0, 4, 8, 2, 0, 2, 0, 2]",right,256
212,2556,"[16, 2, 32, 4, 4, 128, 4, 256, 0, 4, 8, 4, 2, 2, 0, 0]",up,256
213,2556,"[16, 2, 32, 4, 4, 128, 4, 256, 2, 4, 8, 4, 2, 2, 0, 0]",up,256
214,2560,"[16, 2, 32, 4, 4, 128, 4, 256, 4, 4, 8, 4, 0, 2, 2, 0]",up,256
215,2564,"[2, 2, 32, 0, 0, 128, 4, 4, 16, 4, 8, 256, 8, 2, 2, 4]",down,256
216,2580,"[4, 32, 0, 0, 128, 8, 0, 0, 16, 4, 8, 256, 8, 4, 4, 2]",left,256
217,2584,"[4, 0, 2, 0, 128, 32, 0, 0, 16, 8, 8, 256, 8, 8, 4, 2]",down,256
218,2616,"[4, 2, 0, 2, 128, 32, 0, 0, 16, 16, 256, 0, 16, 4, 2, 0]",left,256
219,2652,"[4, 4, 0, 0, 128, 32, 0, 0, 32, 256, 0, 2, 16, 4, 2, 0]",left,256
220,2652,"[4, 4, 2, 2, 128, 32, 0, 0, 32, 256, 4, 0, 16, 4, 0, 0]",up,256
221,2652,"[4, 4, 2, 2, 128, 32, 4, 0, 32, 256, 0, 0, 16, 4, 0, 2]",up,256
222,2664,"[8, 4, 0, 2, 128, 32, 4, 0, 32, 256, 0, 0, 16, 4, 2, 0]",left,256
223,2664,"[8, 4, 4, 2, 128, 32, 2, 0, 32, 256, 0, 0, 16, 4, 2, 0]",up,256
224,2668,"[8, 4, 4, 2, 128, 32, 4, 0, 32, 256, 2, 0, 16, 4, 0, 0]",up,256
225,2676,"[8, 4, 8, 2, 128, 32, 2, 0, 32, 256, 2, 0, 16, 4, 0, 0]",up,256
226,2680,"[8, 4, 8, 2, 128, 32, 4, 2, 32, 256, 0, 0, 16, 4, 0, 0]",up,256
227,2684,"[8, 4, 8, 4, 128, 32, 4, 0, 32, 256, 0, 0, 16, 4, 2, 0]",up,256
228,2684,"[8, 4, 8, 4, 0, 128, 32, 4, 0, 2, 32, 256, 0, 16, 4, 2]",right,256
229,2756,"[8, 4, 8, 8, 0, 128, 64, 256, 0, 2, 4, 2, 0, 16, 2, 0]",up,256
230,2756,"[0, 4, 8, 0, 0, 128, 64, 8, 2, 2, 4, 256, 8, 16, 2, 2]",down,256
231,2764,"[4, 8, 0, 0, 128, 64, 8, 0, 4, 4, 256, 2, 8, 16, 4, 0]",left,256
232,2764,"[4, 8, 8, 2, 128, 64, 256, 0, 4, 4, 4, 2, 8, 16, 0, 0]",up,256
233,2768,"[4, 8, 8, 4, 128, 64, 256, 0, 4, 4, 4, 0, 8, 16, 0, 2]",up,256
234,2768,"[4, 8, 8, 4, 128, 64, 256, 2, 4, 4, 4, 0, 8, 16, 0, 2]",up,256
235,2772,"[4, 8, 8, 4, 128, 64, 256, 4, 4, 4, 4, 0, 8, 16, 0, 2]",up,256
236,2796,"[2, 4, 16, 4, 128, 64, 256, 4, 0, 0, 4, 8, 0, 8, 16, 2]",right,256
237,2800,"[0, 4, 16, 0, 0, 4, 256, 8, 2, 64, 4, 8, 128, 8, 16, 2]",down,256
238,2824,"[2, 8, 16, 16, 128, 64, 256, 2, 0, 8, 4, 2, 0, 0, 16, 0]",up,256
239,2828,"[2, 8, 16, 16, 128, 64, 256, 4, 0, 8, 4, 0, 2, 0, 16, 0]",up,256
240,2860,"[0, 2, 8, 32, 128, 64, 256, 4, 0, 0, 8, 4, 4, 0, 2, 16]",right,256
241,2864,"[0, 0, 8, 0, 2, 0, 256, 32, 128, 2, 8, 8, 4, 64, 2, 16]",down,256
242,2880,"[8, 0, 0, 0, 2, 256, 32, 0, 128, 2, 16, 2, 4, 64, 2, 16]",left,256
243,2880,"[8, 256, 32, 2, 2, 2, 16, 16, 128, 64, 2, 0, 4, 2, 0, 0]",up,256
244,2916,"[8, 256, 32, 2, 2, 0, 4, 32, 0, 128, 64, 2, 0, 0, 4, 2]",right,256
245,2916,"[8, 256, 32, 2, 2, 4, 32, 0, 128, 64, 2, 0, 4, 2, 2, 0]",left,256
246,2920,"[8, 256, 32, 2, 2, 4, 32, 0, 128, 64, 2, 0, 4, 4, 0, 2]",left,256
247,2954,"[8, 256, 0, 2, 2, 4, 0, 0, 128, 64, 64, 0, 4, 4, 2, 4]",down,256
248,3090,"[8, 256, 2, 0, 2, 4, 0, 0, 128, 128, 2, 0, 8, 2, 4, 0]",left,256
249,3092,"[8, 256, 0, 2, 2, 4, 0, 0, 128, 128, 4, 0, 8, 2, 4, 0]",down,256
250,3348,"[8, 256, 2, 0, 2, 4, 0, 2, 256, 4, 0, 0, 8, 2, 4, 0]",left,256
251,3348,"[8, 256, 2, 0, 2, 4, 2, 0, 256, 4, 0, 0, 8, 2, 4, 2]",left,256
252,3354,"[8, 0, 0, 0, 2, 256, 0, 0, 256, 8, 4, 2, 8, 2, 4, 2]",down,256
253,3366,"[8, 256, 8, 4, 2, 8, 2, 0, 256, 2, 0, 0, 8, 0, 0, 0]",up,256
254,3366,"[8, 256, 8, 4, 0, 2, 8, 2, 0, 0, 256, 2, 0, 2, 0, 8]",right,256
255,3390,"[8, 256, 16, 4, 0, 4, 256, 4, 0, 2, 0, 8, 0, 0, 0, 0]",up,256
256,3394,"[0, 0, 0, 2, 0, 256, 0, 0, 0, 4, 16, 8, 8, 2, 256, 8]",down,256
257,3410,"[8, 256, 16, 2, 0, 4, 256, 16, 0, 2, 0, 0, 2, 0, 0, 0]",up,256
258,3410,"[8, 256, 16, 2, 4, 256, 16, 0, 2, 0, 0, 0, 2, 0, 0, 2]",left,256
259,3962,"[8, 512, 32, 4, 4, 0, 0, 0, 4, 0, 0, 2, 0, 0, 0, 0]",up,512
260,3970,"[8, 512, 32, 4, 8, 0, 0, 2, 0, 0, 0, 0, 0, 4, 0, 0]",up,512
261,3986,"[16, 512, 32, 4, 0, 4, 2, 2, 0, 0, 0, 0, 0, 0, 0, 0]",up,512
262,3986,"[0, 0, 0, 0, 0, 0, 0, 0, 4, 512, 32, 4, 16, 4, 2, 2]",down,512
263,3986,"[4, 512, 32, 4, 16, 4, 2, 2, 0, 0, 0, 0, 0, 0, 2, 0]",up,512
264,3990,"[4, 512, 32, 4, 16, 4, 4, 2, 0, 0, 2, 0, 0, 0, 0, 0]",up,512
265,3990,"[0, 0, 0, 2, 0, 0, 32, 0, 4, 512, 4, 4, 16, 4, 2, 2]",down,512
266,4002,"[2, 2, 0, 0, 32, 0, 0, 0, 4, 512, 8, 0, 16, 4, 4, 0]",left,512
267,4014,"[0, 0, 0, 4, 0, 0, 0, 32, 2, 4, 512, 8, 0, 0, 16, 8]",right,512
268,4030,"[2, 4, 512, 4, 0, 0, 16, 32, 0, 0, 0, 16, 0, 2, 0, 0]",up,512
269,4030,"[0, 0, 2, 0, 0, 0, 0, 4, 0, 4, 512, 32, 2, 2, 16, 16]",down,512
270,4030,"[0, 0, 0, 0, 0, 2, 2, 4, 0, 4, 512, 32, 2, 2, 16, 16]",down,512
271,4070,"[0, 0, 0, 0, 4, 4, 0, 0, 4, 512, 32, 0, 4, 32, 0, 2]",left,512
272,4078,"[0, 0, 0, 0, 8, 2, 0, 0, 4, 512, 32, 0, 4, 32, 2, 0]",left,512
273,4086,"[8, 2, 32, 0, 8, 512, 2, 0, 0, 32, 0, 2, 0, 0, 0, 0]",up,512
274,4086,"[0, 8, 2, 32, 0, 8, 512, 2, 4, 0, 32, 2, 0, 0, 0, 0]",right,512
275,4096,"[0, 2, 0, 0, 0, 0, 2, 0, 0, 0, 512, 32, 4, 16, 32, 4]",down,512
276,4096,"[4, 2, 2, 32, 0, 16, 512, 4, 0, 0, 32, 2, 0, 0, 0, 0]",up,512
277,4096,"[0, 0, 0, 0, 0, 0, 2, 32, 2, 2, 512, 4, 4, 16, 32, 2]",down,512
278,4096,"[2, 2, 2, 32, 4, 16, 512, 4, 0, 0, 32, 2, 0, 2, 0, 0]",up,512
279,4100,"[0, 2, 4, 32, 4, 16, 512, 4, 0, 2, 32, 2, 0, 0, 0, 2]",right,512
280,4104,"[4, 2, 4, 32, 0, 16, 512, 4, 4, 2, 32, 4, 0, 0, 0, 0]",up,512
281,4120,"[8, 2, 4, 32, 0, 16, 512, 8, 0, 2, 32, 0, 2, 0, 0, 0]",up,512
282,4120,"[8, 2, 4, 32, 2, 16, 512, 8, 2, 2, 32, 0, 0, 0, 0, 0]",up,512
283,4124,"[8, 2, 4, 32, 4, 16, 512, 8, 0, 2, 32, 0, 0, 0, 2, 0]",up,512
284,4124,"[0, 0, 4, 0, 2, 2, 512, 0, 8, 16, 32, 32, 4, 2, 2, 8]",down,512
285,4196,"[4, 0, 0, 0, 4, 512, 0, 0, 8, 16, 64, 2, 4, 4, 8, 0]",left,512
286,4204,"[4, 0, 0, 2, 4, 512, 0, 0, 8, 16, 64, 2, 8, 8, 0, 0]",left,512
287,4218,"[0, 0, 0, 0, 0, 512, 0, 2, 8, 16, 0, 0, 16, 8, 64, 4]",down,512
288,4218,"[2, 0, 0, 0, 0, 512, 0, 0, 8, 16, 0, 2, 16, 8, 64, 4]",down,512
289,4218,"[0, 0, 0, 0, 2, 512, 2, 0, 8, 16, 0, 2, 16, 8, 64, 4]",down,512
290,4218,"[0, 0, 0, 0, 2, 512, 2, 2, 8, 16, 2, 0, 16, 8, 64, 4]",left,512
291,4222,"[4, 0, 0, 0, 0, 2, 512, 4, 0, 8, 16, 2, 16, 8, 64, 4]",right,512
292,4222,"[0, 2, 0, 4, 0, 2, 512, 4, 0, 8, 16, 2, 16, 8, 64, 4]",right,512
293,4222,"[2, 4, 0, 2, 2, 512, 4, 0, 8, 16, 2, 0, 16, 8, 64, 4]",left,512
294,4226,"[4, 4, 4, 2, 8, 512, 2, 4, 16, 16, 64, 0, 0, 8, 2, 0]",up,512
295,4266,"[8, 4, 2, 0, 8, 512, 2, 4, 32, 64, 0, 0, 8, 2, 0, 2]",left,512
296,4270,"[8, 4, 2, 0, 8, 512, 2, 4, 32, 64, 0, 2, 8, 4, 0, 0]",left,512
297,4290,"[16, 4, 4, 4, 32, 512, 0, 2, 8, 64, 0, 0, 0, 4, 2, 0]",up,512
298,4290,"[16, 4, 4, 4, 32, 512, 2, 2, 8, 64, 0, 0, 0, 4, 2, 0]",up,512
299,4302,"[16, 8, 4, 0, 32, 512, 4, 0, 8, 64, 0, 0, 4, 2, 2, 0]",left,512
300,4306,"[16, 8, 4, 0, 32, 512, 4, 0, 8, 64, 0, 2, 4, 4, 0, 0]",left,512
301,4314,"[16, 8, 8, 2, 32, 512, 2, 0, 8, 64, 0, 0, 4, 4, 0, 0]",up,512
302,4338,"[16, 16, 2, 0, 32, 512, 2, 0, 8, 64, 0, 0, 8, 2, 0, 0]",left,512
303,4348,"[0, 16, 0, 0, 16, 512, 2, 0, 32, 64, 0, 0, 16, 2, 4, 0]",down,512
304,4348,"[16, 0, 0, 0, 16, 512, 2, 0, 32, 64, 0, 0, 16, 2, 4, 2]",left,512
305,4380,"[32, 512, 2, 2, 32, 64, 4, 0, 16, 2, 0, 0, 0, 0, 0, 2]",up,512
306,4384,"[4, 32, 512, 4, 0, 32, 64, 4, 0, 0, 16, 2, 0, 0, 0, 2]",right,512
307,4460,"[4, 64, 512, 8, 2, 0, 64, 4, 0, 0, 16, 0, 0, 0, 0, 0]",up,512
308,4460,"[0, 0, 0, 0, 2, 0, 512, 0, 4, 0, 64, 8, 2, 64, 16, 4]",down,512
309,4460,"[2, 64, 512, 8, 4, 2, 64, 4, 2, 0, 16, 0, 0, 0, 0, 0]",up,512
310,4460,"[0, 0, 4, 0, 2, 0, 512, 0, 4, 64, 64, 8, 2, 2, 16, 4]",down,512
311,4460,"[2, 64, 4, 8, 4, 2, 512, 4, 2, 0, 64, 0, 2, 0, 16, 0]",up,512
312,4464,"[2, 64, 4, 8, 4, 2, 512, 4, 4, 0, 64, 0, 0, 0, 16, 2]",up,512
313,4472,"[2, 64, 4, 8, 8, 2, 512, 4, 0, 0, 64, 2, 0, 0, 16, 2]",up,512
314,4476,"[2, 64, 4, 8, 8, 2, 512, 4, 2, 0, 64, 4, 0, 0, 16, 0]",up,512
315,4484,"[2, 64, 4, 8, 8, 2, 512, 8, 2, 0, 64, 0, 0, 2, 16, 0]",up,512
316,4494,"[0, 0, 4, 2, 2, 0, 512, 0, 8, 64, 64, 0, 2, 4, 16, 16]",down,512
317,4654,"[4, 2, 0, 0, 2, 512, 0, 0, 8, 128, 2, 0, 2, 4, 32, 0]",left,512
318,4654,"[4, 2, 2, 0, 2, 512, 32, 0, 8, 128, 4, 0, 2, 4, 0, 0]",up,512
319,4658,"[4, 4, 0, 0, 2, 512, 32, 0, 8, 128, 4, 2, 2, 4, 0, 0]",left,512
320,4658,"[4, 4, 32, 2, 2, 512, 4, 0, 8, 128, 0, 0, 2, 4, 2, 0]",up,512
321,4666,"[8, 32, 2, 0, 2, 512, 4, 2, 8, 128, 0, 0, 2, 4, 2, 0]",left,512
322,4666,"[2, 8, 32, 2, 2, 512, 4, 2, 0, 0, 8, 128, 0, 2, 4, 2]",right,512
323,4666,"[2, 8, 32, 2, 2, 512, 4, 2, 8, 128, 0, 0, 2, 4, 2, 4]",left,512
324,4670,"[0, 8, 2, 0, 4, 512, 32, 0, 8, 128, 4, 4, 2, 4, 2, 4]",down,512
325,4678,"[4, 8, 2, 8, 8, 512, 32, 0, 2, 128, 4, 0, 0, 4, 2, 2]",up,512
326,4682,"[4, 8, 2, 8, 0, 8, 512, 32, 2, 2, 128, 4, 0, 0, 4, 4]",right,512
327,4694,"[0, 0, 2, 0, 0, 2, 512, 8, 4, 16, 128, 32, 2, 2, 4, 8]",down,512
328,4698,"[2, 0, 2, 0, 2, 512, 8, 0, 4, 16, 128, 32, 4, 4, 8, 0]",left,512
329,4704,"[0, 0, 2, 0, 0, 512, 8, 2, 4, 16, 128, 0, 8, 4, 8, 32]",down,512
330,4704,"[0, 0, 0, 2, 4, 512, 8, 2, 0, 4, 16, 128, 8, 4, 8, 32]",right,512
331,4710,"[0, 0, 0, 2, 0, 0, 8, 4, 4, 512, 16, 128, 8, 8, 8, 32]",down,512
332,4726,"[0, 0, 4, 2, 0, 0, 8, 4, 4, 512, 16, 128, 0, 8, 16, 32]",right,512
333,4758,"[4, 512, 4, 2, 0, 8, 8, 4, 0, 0, 32, 128, 0, 2, 0, 32]",up,512
334,4758,"[4, 512, 4, 2, 0, 8, 8, 4, 0, 2, 32, 128, 0, 2, 0, 32]",up,512
335,4762,"[4, 512, 4, 2, 0, 8, 8, 4, 0, 4, 32, 128, 2, 0, 0, 32]",up,512
336,4762,"[4, 512, 4, 2, 2, 8, 8, 4, 0, 4, 32, 128, 0, 0, 2, 32]",up,512
337,4762,"[0, 0, 4, 2, 2, 512, 8, 4, 4, 8, 32, 128, 2, 4, 2, 32]",down,512
338,4762,"[2, 512, 4, 2, 4, 8, 8, 4, 2, 4, 32, 128, 0, 2, 2, 32]",up,512
339,4762,"[4, 512, 4, 2, 2, 8, 8, 4, 4, 4, 32, 128, 2, 2, 2, 32]",down,512
340,4790,"[4, 512, 4, 2, 2, 16, 4, 2, 8, 32, 128, 0, 4, 2, 32, 0]",left,512
341,4802,"[4, 512, 8, 4, 2, 16, 128, 0, 8, 32, 32, 0, 4, 2, 2, 0]",up,512
342,4802,"[4, 512, 8, 0, 2, 16, 128, 0, 8, 32, 32, 2, 4, 2, 2, 4]",down,512
343,4802,"[4, 512, 8, 2, 2, 16, 128, 4, 8, 32, 32, 0, 4, 2, 2, 2]",up,512
344,4802,"[4, 512, 8, 2, 2, 16, 128, 2, 8, 32, 32, 4, 4, 2, 2, 2]",down,512
345,4804,"[4, 512, 8, 2, 2, 16, 128, 4, 8, 32, 32, 4, 4, 2, 2, 2]",down,512
346,4808,"[4, 512, 8, 2, 2, 16, 128, 2, 8, 32, 32, 8, 4, 2, 2, 2]",down,512
347,4876,"[4, 512, 8, 2, 2, 16, 128, 2, 8, 64, 8, 2, 4, 4, 2, 0]",left,512
348,4884,"[4, 512, 8, 2, 2, 16, 128, 2, 8, 64, 8, 2, 4, 0, 8, 2]",right,512
349,4908,"[4, 512, 8, 4, 2, 16, 128, 4, 8, 64, 16, 0, 4, 0, 0, 2]",up,512
350,4908,"[4, 512, 8, 4, 2, 16, 128, 4, 0, 8, 64, 16, 2, 0, 4, 2]",right,512
351,4920,"[4, 512, 8, 8, 4, 16, 128, 16, 0, 8, 64, 2, 0, 0, 4, 2]",up,512
352,4926,"[0, 2, 8, 0, 0, 512, 128, 8, 0, 16, 64, 16, 8, 8, 4, 4]",down,512
353,4950,"[2, 8, 0, 0, 512, 128, 8, 0, 16, 64, 16, 0, 16, 8, 0, 2]",left,512
354,4950,"[2, 8, 2, 0, 512, 128, 8, 0, 16, 64, 16, 0, 16, 8, 2, 0]",left,512
355,4982,"[2, 8, 2, 0, 512, 128, 8, 0, 32, 64, 16, 4, 0, 8, 2, 0]",up,512
356,4982,"[0, 2, 8, 2, 0, 512, 128, 8, 32, 64, 16, 4, 2, 0, 8, 2]",right,512
357,4982,"[0, 2, 8, 2, 0, 512, 128, 8, 32, 64, 16, 4, 2, 2, 8, 2]",right,512
358,4986,"[2, 2, 8, 2, 0, 512, 128, 8, 32, 64, 16, 4, 0, 4, 8, 2]",right,512
359,4990,"[0, 4, 8, 2, 2, 512, 128, 8, 32, 64, 16, 4, 0, 4, 8, 2]",right,512
360,4990,"[2, 4, 8, 2, 32, 512, 128, 8, 2, 64, 16, 4, 0, 4, 8, 2]",up,512
361,4990,"[2, 4, 8, 2, 2, 512, 128, 8, 32, 64, 16, 4, 2, 4, 8, 2]",down,512
362,4994,"[4, 4, 8, 2, 32, 512, 128, 8, 2, 64, 16, 4, 2, 4, 8, 2]",up,512
363,5002,"[2, 8, 8, 2, 32, 512, 128, 8, 2, 64, 16, 4, 2, 4, 8, 2]",right,512
364,5004,"[2, 8, 8, 2, 2, 512, 128, 8, 32, 64, 16, 4, 4, 4, 8, 2]",down,512
365,5028,"[2, 2, 16, 2, 2, 512, 128, 8, 32, 64, 16, 4, 0, 8, 8, 2]",right,512
366,5030,"[0, 2, 16, 2, 2, 512, 128, 8, 4, 64, 16, 4, 32, 8, 8, 2]",down,512
367,5046,"[0, 2, 16, 2, 2, 512, 128, 8, 4, 64, 16, 4, 2, 32, 16, 2]",right,512
368,5046,"[2, 16, 2, 2, 2, 512, 128, 8, 4, 64, 16, 4, 2, 32, 16, 2]",left,512
369,5064,"[0, 16, 4, 2, 4, 512, 2, 8, 4, 64, 128, 4, 2, 32, 32, 2]",down,512
370,5128,"[16, 4, 2, 2, 4, 512, 2, 8, 4, 64, 128, 4, 2, 64, 2, 0]",left,512
371,5268,"[16, 4, 4, 2, 8, 512, 128, 8, 2, 128, 2, 4, 0, 0, 0, 2]",up,512
372,5268,"[0, 2, 0, 2, 16, 4, 4, 8, 8, 512, 128, 4, 2, 128, 2, 2]",down,512
373,5284,"[4, 0, 0, 2, 16, 8, 8, 0, 8, 512, 128, 4, 2, 128, 4, 0]",left,512
374,5284,"[4, 2, 0, 0, 16, 8, 8, 0, 8, 512, 128, 2, 2, 128, 4, 4]",down,512
375,5308,"[4, 2, 0, 0, 16, 16, 0, 0, 8, 512, 128, 2, 2, 128, 8, 2]",left,512
376,5312,"[4, 2, 128, 4, 16, 16, 8, 0, 8, 512, 0, 0, 2, 128, 0, 2]",up,512
377,5344,"[4, 2, 128, 4, 0, 0, 32, 8, 0, 0, 8, 512, 2, 2, 128, 2]",right,512
378,5348,"[4, 2, 128, 4, 0, 0, 32, 8, 0, 2, 8, 512, 0, 4, 128, 2]",right,512
379,5350,"[0, 2, 128, 4, 0, 0, 32, 8, 0, 4, 8, 512, 4, 4, 128, 2]",down,512
380,5358,"[4, 2, 128, 4, 0, 8, 32, 8, 2, 0, 8, 512, 0, 0, 128, 2]",up,512
381,5358,"[4, 2, 128, 4, 0, 8, 32, 8, 0, 2, 8, 512, 2, 0, 128, 2]",right,512
382,5358,"[4, 2, 128, 4, 2, 8, 32, 8, 0, 2, 8, 512, 2, 0, 128, 2]",up,512
383,5358,"[4, 2, 128, 4, 2, 8, 32, 8, 2, 8, 512, 2, 2, 128, 2, 0]",left,512
384,5358,"[4, 2, 128, 4, 2, 8, 32, 8, 2, 8, 512, 2, 2, 2, 128, 2]",right,512
385,5382,"[4, 2, 128, 4, 4, 16, 32, 8, 2, 2, 512, 4, 2, 0, 128, 0]",up,512
386,5394,"[8, 2, 128, 4, 4, 16, 32, 8, 0, 2, 512, 4, 0, 0, 128, 2]",up,512
387,5394,"[0, 2, 128, 4, 0, 2, 32, 8, 8, 16, 512, 4, 4, 2, 128, 2]",down,512
388,5394,"[2, 128, 4, 2, 2, 32, 8, 0, 8, 16, 512, 4, 4, 2, 128, 2]",left,512
389,5398,"[4, 128, 4, 2, 8, 32, 8, 4, 4, 16, 512, 2, 4, 2, 128, 0]",up,512
390,5406,"[4, 128, 4, 2, 8, 32, 8, 4, 8, 16, 512, 2, 2, 2, 128, 0]",up,512
391,5414,"[2, 128, 4, 0, 4, 32, 8, 2, 16, 16, 512, 4, 2, 2, 128, 2]",down,512
392,5450,"[2, 128, 4, 0, 4, 32, 8, 2, 32, 512, 4, 0, 4, 128, 2, 2]",left,512
393,5454,"[2, 128, 4, 0, 4, 32, 8, 2, 32, 512, 4, 0, 4, 128, 4, 4]",left,512
394,5462,"[2, 128, 4, 2, 4, 32, 8, 4, 32, 512, 8, 0, 4, 128, 2, 0]",up,512
395,5462,"[2, 128, 4, 2, 4, 32, 8, 4, 0, 32, 512, 8, 2, 4, 128, 2]",right,512
396,5526,"[2, 128, 4, 2, 4, 64, 8, 4, 2, 4, 512, 8, 2, 0, 128, 2]",up,512
397,5526,"[2, 128, 4, 2, 4, 64, 8, 4, 2, 4, 512, 8, 2, 2, 128, 2]",right,512
398,5530,"[2, 128, 4, 2, 4, 64, 8, 4, 4, 4, 512, 8, 2, 2, 128, 2]",up,512
399,5542,"[2, 128, 4, 2, 4, 64, 8, 4, 0, 8, 512, 8, 2, 4, 128, 2]",right,512
400,5542,"[2, 128, 4, 2, 2, 64, 8, 4, 4, 8, 512, 8, 2, 4, 128, 2]",down,512
401,5544,"[2, 128, 4, 2, 4, 64, 8, 4, 4, 8, 512, 8, 2, 4, 128, 2]",down,512
402,5548,"[2, 128, 4, 2, 2, 64, 8, 4, 8, 8, 512, 8, 2, 4, 128, 2]",down,512
403,5564,"[2, 128, 4, 2, 2, 64, 8, 4, 16, 512, 8, 2, 2, 4, 128, 2]",left,512
404,5588,"[4, 128, 4, 2, 16, 64, 16, 4, 2, 512, 128, 4, 0, 4, 2, 0]",up,512
405,5588,"[4, 128, 4, 2, 16, 64, 16, 4, 2, 512, 128, 4, 0, 2, 4, 2]",right,512
406,5588,"[4, 128, 4, 2, 16, 64, 16, 4, 2, 512, 128, 4, 2, 4, 2, 2]",left,512
407,5600,"[4, 128, 4, 2, 16, 64, 16, 8, 4, 512, 128, 2, 2, 4, 2, 0]",up,512
408,5600,"[4, 128, 4, 2, 16, 64, 16, 2, 4, 512, 128, 8, 2, 4, 2, 2]",down,512
409,5604,"[4, 128, 4, 2, 16, 64, 16, 2, 4, 512, 128, 8, 2, 4, 4, 2]",left,512
410,5608,"[4, 128, 4, 4, 16, 64, 16, 8, 4, 512, 128, 2, 2, 4, 4, 4]",up,512
411,5624,"[4, 128, 8, 0, 16, 64, 16, 8, 4, 512, 128, 2, 2, 8, 4, 2]",left,512
412,5626,"[4, 128, 8, 0, 16, 64, 16, 2, 4, 512, 128, 8, 2, 8, 4, 4]",down,512
413,5634,"[2, 4, 128, 8, 16, 64, 16, 2, 4, 512, 128, 8, 0, 2, 8, 8]",right,512
414,5650,"[2, 4, 128, 8, 16, 64, 16, 2, 4, 512, 128, 16, 2, 2, 8, 0]",up,512
415,5654,"[2, 4, 128, 8, 16, 64, 16, 2, 4, 512, 128, 16, 4, 8, 2, 0]",left,512
416,5662,"[2, 4, 128, 8, 16, 64, 16, 2, 8, 512, 128, 16, 4, 8, 2, 0]",up,512
417,5662,"[2, 4, 128, 2, 16, 64, 16, 8, 8, 512, 128, 2, 4, 8, 2, 16]",down,512
1,0,"[4, 0, 0, 0, 0, 0, 0, 0, 0, 0, 0, 0, 0, 0, 2, 0]",up,4
2,0,"[4, 0, 2, 0, 0, 0, 2, 0, 0, 0, 0, 0, 0, 0, 0, 0]",up,4
3,4,"[4, 0, 4, 0, 0, 0, 0, 0, 0, 2, 0, 0, 0, 0, 0, 0]",up,4
4,12,"[8, 0, 0, 0, 0, 0, 0, 0, 2, 2, 0, 0, 0, 0, 0, 0]",left,8
5,12,"[8, 2, 0, 0, 2, 0, 0, 0, 0, 0, 0, 0, 0, 0, 0, 2]",up,8
6,12,"[8, 2, 0, 2, 2, 2, 0, 0, 0, 0, 0, 0, 0, 0, 0, 0]",up,8
7,20,"[8, 4, 2, 0, 4, 0, 0, 0, 0, 0, 0, 0, 0, 0, 0, 0]",left,8
8,20,"[0, 0, 0, 0, 0, 0, 4, 0, 8, 0, 0, 0, 4, 4, 2, 0]",down,8
9,20,"[8, 4, 4, 2, 4, 0, 2, 0, 0, 0, 0, 0, 0, 0, 0, 0]",up,8
10,20,"[0, 0, 0, 0, 2, 0, 0, 0, 8, 0, 4, 0, 4, 4, 2, 2]",down,8
11,20,"[2, 4, 4, 2, 8, 0, 2, 2, 4, 0, 0, 0, 0, 0, 0, 0]",up,8
12,32,"[2, 2, 8, 2, 0, 0, 8, 4, 0, 0, 0, 4, 0, 0, 0, 0]",right,8
13,56,"[2, 2, 16, 2, 2, 0, 0, 8, 0, 0, 0, 0, 0, 0, 0, 0]",up,16
14,58,"[2, 0, 0, 0, 0, 0, 0, 0, 0, 0, 0, 2, 4, 2, 16, 8]",down,16
15,58,"[2, 0, 0, 0, 2, 0, 0, 0, 2, 0, 0, 0, 4, 2, 16, 8]",left,16
16,62,"[4, 2, 16, 8, 2, 2, 0, 0, 4, 0, 0, 0, 0, 0, 0, 0]",up,16
17,66,"[4, 2, 16, 8, 0, 0, 0, 4, 2, 0, 0, 4, 0, 0, 0, 0]",right,16
18,74,"[4, 2, 16, 8, 2, 0, 0, 8, 0, 0, 0, 0, 0, 2, 0, 0]",up,16
19,94,"[4, 4, 16, 16, 2, 0, 0, 0, 2, 0, 0, 0, 0, 0, 0, 0]",up,16
20,98,"[4, 4, 16, 16, 4, 0, 0, 0, 2, 0, 0, 0, 0, 0, 0, 0]",up,16
21,138,"[8, 32, 0, 0, 4, 0, 0, 0, 2, 0, 0, 2, 0, 0, 0, 0]",left,32
22,142,"[8, 32, 2, 0, 4, 0, 0, 0, 4, 0, 0, 0, 0, 0, 0, 0]",left,32
23,150,"[8, 32, 2, 0, 8, 0, 0, 0, 0, 0, 0, 0, 2, 0, 0, 0]",up,32
24,166,"[16, 32, 2, 0, 2, 0, 2, 0, 0, 0, 0, 0, 0, 0, 0, 0]",up,32
25,170,"[16, 32, 4, 0, 2, 2, 0, 0, 0, 0, 0, 0, 0, 0, 0, 0]",up,32
26,170,"[0, 0, 0, 0, 0, 0, 0, 0, 16, 32, 2, 0, 2, 2, 4, 0]",down,32
27,170,"[16, 32, 2, 0, 2, 2, 4, 0, 0, 0, 0, 0, 0, 0, 2, 0]",up,32
28,170,"[16, 32, 2, 0, 2, 2, 4, 0, 0, 0, 2, 2, 0, 0, 0, 0]",up,32
29,170,"[16, 32, 2, 2, 2, 2, 4, 0, 0, 0, 2, 0, 0, 0, 0, 2]",up,32
30,178,"[0, 16, 32, 4, 0, 0, 4, 4, 0, 0, 0, 2, 4, 0, 0, 2]",right,32
31,184,"[2, 0, 0, 0, 0, 0, 0, 0, 0, 0, 32, 8, 4, 16, 4, 4]",down,32
32,184,"[0, 0, 0, 2, 0, 0, 0, 0, 2, 0, 32, 8, 4, 16, 4, 4]",down,32
33,192,"[2, 0, 0, 0, 0, 0, 0, 2, 2, 32, 8, 0, 4, 16, 8, 0]",left,32
34,202,"[0, 0, 0, 0, 0, 2, 0, 0, 4, 32, 0, 0, 4, 16, 16, 2]",down,32
35,234,"[0, 0, 0, 0, 2, 0, 2, 0, 4, 32, 0, 0, 4, 32, 2, 0]",left,32
36,310,"[2, 64, 4, 0, 8, 0, 0, 0, 0, 0, 0, 2, 0, 0, 0, 0]",up,64
37,310,"[0, 2, 0, 0, 0, 0, 0, 0, 2, 0, 0, 0, 8, 64, 4, 2]",down,64
38,310,"[2, 2, 4, 2, 8, 64, 0, 0, 0, 0, 0, 0, 0, 0, 2, 0]",up,64
39,310,"[0, 0, 0, 0, 0, 2, 0, 0, 2, 2, 4, 0, 8, 64, 2, 2]",down,64
40,318,"[2, 0, 0, 0, 2, 0, 0, 0, 4, 4, 0, 0, 8, 64, 4, 0]",left,64
41,320,"[2, 0, 0, 0, 4, 0, 0, 0, 4, 4, 0, 0, 8, 64, 4, 0]",down,64
42,324,"[0, 0, 0, 0, 2, 0, 0, 0, 8, 4, 0, 0, 8, 64, 4, 4]",down,64
43,340,"[2, 4, 4, 4, 16, 64, 0, 0, 0, 0, 0, 0, 0, 0, 0, 2]",up,64
44,340,"[2, 4, 4, 4, 16, 64, 0, 2, 0, 2, 0, 0, 0, 0, 0, 0]",up,64
45,340,"[0, 0, 0, 2, 0, 4, 0, 0, 2, 64, 0, 4, 16, 2, 4, 2]",down,64
46,340,"[0, 0, 0, 2, 0, 0, 0, 4, 2, 2, 64, 4, 16, 2, 4, 2]",right,64
47,344,"[2, 0, 0, 0, 4, 0, 2, 0, 4, 64, 4, 0, 16, 2, 4, 2]",left,64
48,344,"[2, 0, 2, 0, 4, 2, 0, 0, 4, 64, 4, 0, 16, 2, 4, 2]",left,64
49,360,"[2, 2, 2, 2, 8, 64, 8, 0, 16, 2, 0, 0, 0, 2, 0, 0]",up,64
50,368,"[4, 4, 0, 0, 8, 64, 8, 0, 16, 2, 0, 0, 2, 2, 0, 0]",left,64
51,380,"[8, 0, 0, 0, 8, 64, 8, 0, 16, 2, 2, 0, 4, 0, 0, 0]",left,64
52,388,"[2, 0, 0, 0, 16, 0, 0, 0, 16, 64, 8, 0, 4, 2, 2, 0]",down,64
53,420,"[2, 64, 8, 0, 32, 2, 2, 0, 4, 0, 0, 0, 0, 0, 0, 2]",up,64
54,424,"[2, 64, 8, 0, 32, 4, 0, 0, 4, 0, 0, 0, 2, 0, 0, 2]",left,64
55,428,"[2, 64, 8, 0, 32, 4, 0, 0, 4, 2, 0, 0, 4, 0, 0, 0]",left,64
56,436,"[2, 64, 8, 2, 32, 4, 0, 0, 8, 2, 0, 0, 0, 0, 0, 0]",up,64
57,436,"[0, 0, 0, 0, 2, 64, 0, 4, 32, 4, 0, 0, 8, 2, 8, 2]",down,64
58,436,"[0, 0, 0, 0, 2, 64, 4, 2, 32, 4, 0, 0, 8, 2, 8, 2]",left,64
59,436,"[0, 0, 0, 0, 2, 64, 4, 2, 2, 0, 32, 4, 8, 2, 8, 2]",right,64
60,436,"[0, 0, 0, 2, 2, 64, 4, 2, 2, 32, 4, 0, 8, 2, 8, 2]",left,64
61,444,"[0, 0, 0, 2, 0, 64, 0, 0, 4, 32, 8, 2, 8, 2, 8, 4]",down,64
62,454,"[2, 0, 0, 0, 0, 64, 0, 0, 4, 32, 0, 4, 8, 2, 16, 4]",down,64
63,458,"[0, 0, 0, 0, 2, 64, 0, 2, 4, 32, 0, 0, 8, 2, 16, 8]",down,64
64,458,"[0, 0, 0, 0, 2, 64, 2, 2, 4, 32, 0, 0, 8, 2, 16, 8]",left,64
65,462,"[0, 0, 0, 0, 2, 64, 4, 0, 4, 32, 0, 2, 8, 2, 16, 8]",left,64
66,462,"[2, 64, 4, 2, 4, 32, 16, 8, 8, 2, 0, 0, 0, 0, 0, 2]",up,64
67,462,"[2, 64, 4, 2, 4, 32, 16, 8, 8, 2, 0, 0, 2, 0, 0, 4]",left,64
68,462,"[2, 0, 2, 0, 4, 64, 0, 2, 8, 32, 4, 8, 2, 2, 16, 4]",down,64
69,470,"[4, 0, 0, 0, 4, 64, 2, 0, 8, 32, 4, 8, 4, 16, 4, 2]",left,64
70,478,"[2, 0, 0, 0, 8, 64, 0, 0, 8, 32, 2, 8, 4, 16, 8, 2]",down,64
71,486,"[2, 0, 0, 0, 2, 64, 0, 0, 16, 32, 2, 8, 4, 16, 8, 2]",down,64
72,490,"[4, 64, 2, 8, 16, 32, 8, 2, 4, 16, 0, 0, 0, 2, 0, 0]",up,64
73,490,"[0, 64, 0, 2, 4, 32, 0, 0, 16, 16, 2, 8, 4, 2, 8, 2]",down,64
74,490,"[0, 64, 0, 2, 4, 32, 0, 2, 16, 16, 2, 8, 4, 2, 8, 2]",down,64
75,522,"[0, 2, 64, 2, 0, 4, 32, 2, 0, 32, 2, 8, 4, 2, 8, 2]",right,64
76,522,"[2, 64, 2, 0, 4, 32, 2, 2, 32, 2, 8, 0, 4, 2, 8, 2]",left,64
77,550,"[2, 64, 4, 4, 4, 32, 16, 0, 32, 4, 2, 0, 4, 0, 0, 0]",up,64
78,558,"[2, 64, 8, 0, 4, 32, 16, 0, 32, 4, 2, 2, 4, 0, 0, 0]",left,64
79,558,"[2, 0, 2, 0, 4, 64, 8, 0, 32, 32, 16, 0, 4, 4, 2, 2]",down,64
80,638,"[0, 0, 0, 4, 0, 4, 64, 8, 2, 0, 64, 16, 0, 0, 8, 4]",right,64
81,638,"[4, 0, 0, 0, 4, 64, 8, 0, 2, 64, 16, 0, 8, 4, 2, 0]",left,64
82,774,"[8, 128, 8, 0, 2, 4, 16, 0, 8, 0, 2, 0, 0, 0, 0, 2]",up,128
83,774,"[2, 0, 0, 0, 8, 0, 8, 0, 2, 128, 16, 0, 8, 4, 2, 2]",down,128
84,794,"[2, 0, 0, 0, 16, 0, 2, 0, 2, 128, 16, 0, 8, 4, 4, 0]",left,128
85,802,"[2, 0, 0, 0, 16, 2, 0, 0, 2, 128, 16, 2, 8, 8, 0, 0]",left,128
86,818,"[0, 0, 0, 2, 2, 0, 16, 2, 2, 128, 16, 2, 0, 0, 0, 16]",right,128
87,858,"[4, 128, 32, 4, 0, 2, 0, 2, 0, 0, 0, 16, 0, 0, 0, 0]",up,128
88,858,"[0, 0, 0, 0, 0, 0, 0, 4, 0, 128, 2, 2, 4, 2, 32, 16]",down,128
89,858,"[4, 128, 2, 4, 0, 2, 32, 2, 0, 0, 0, 16, 0, 0, 2, 0]",up,128
90,858,"[4, 128, 2, 4, 0, 2, 32, 2, 2, 0, 2, 16, 0, 0, 0, 0]",up,128
91,858,"[4, 128, 2, 4, 2, 2, 32, 2, 0, 0, 2, 16, 0, 2, 0, 0]",up,128
92,862,"[4, 128, 2, 4, 4, 32, 2, 2, 2, 16, 0, 0, 2, 0, 0, 0]",left,128
93,878,"[8, 128, 4, 4, 4, 32, 0, 2, 0, 16, 0, 0, 0, 0, 0, 2]",up,128
94,882,"[8, 128, 4, 4, 4, 32, 0, 4, 0, 16, 0, 0, 0, 0, 2, 0]",up,128
95,890,"[8, 128, 4, 8, 4, 32, 2, 0, 0, 16, 0, 2, 0, 0, 0, 0]",up,128
96,890,"[8, 128, 4, 8, 4, 32, 2, 2, 0, 16, 0, 0, 2, 0, 0, 0]",up,128
97,890,"[8, 128, 4, 8, 4, 32, 2, 2, 2, 16, 0, 0, 0, 0, 2, 0]",up,128
98,894,"[8, 128, 4, 8, 0, 4, 32, 4, 0, 0, 2, 16, 4, 0, 0, 2]",right,128
99,894,"[0, 0, 2, 8, 0, 0, 4, 4, 8, 128, 32, 16, 4, 4, 2, 2]",down,128
100,914,"[2, 8, 2, 0, 8, 0, 0, 0, 8, 128, 32, 16, 8, 4, 0, 0]",left,128
101,914,"[0, 2, 8, 2, 2, 0, 0, 8, 8, 128, 32, 16, 0, 0, 8, 4]",right,128
102,914,"[2, 8, 2, 2, 2, 8, 0, 0, 8, 128, 32, 16, 8, 4, 0, 0]",left,128
103,950,"[4, 16, 2, 2, 16, 128, 32, 16, 2, 4, 0, 0, 0, 0, 0, 0]",up,128
104,954,"[4, 16, 4, 0, 16, 128, 32, 16, 2, 4, 0, 2, 0, 0, 0, 0]",left,128
105,954,"[4, 16, 4, 16, 16, 128, 32, 2, 2, 4, 0, 0, 0, 0, 0, 2]",up,128
106,954,"[4, 16, 4, 16, 16, 128, 32, 2, 2, 4, 0, 0, 2, 0, 4, 0]",left,128
107,954,"[4, 16, 4, 16, 16, 128, 32, 2, 2, 4, 0, 0, 2, 4, 2, 0]",left,128
108,966,"[4, 16, 4, 16, 16, 128, 32, 2, 4, 8, 2, 2, 0, 0, 0, 0]",up,128
109,970,"[4, 16, 4, 16, 16, 128, 32, 4, 4, 8, 2, 4, 0, 0, 0, 0]",up,128
110,978,"[4, 16, 4, 16, 16, 128, 32, 8, 4, 8, 2, 0, 4, 0, 0, 0]",up,128
111,986,"[4, 16, 4, 16, 16, 128, 32, 8, 8, 8, 2, 0, 0, 0, 2, 0]",up,128
112,1002,"[4, 16, 4, 16, 16, 128, 32, 8, 16, 2, 0, 0, 2, 0, 0, 2]",left,128
113,1018,"[2, 0, 0, 0, 4, 16, 0, 16, 32, 128, 4, 8, 2, 2, 32, 2]",down,128
114,1054,"[2, 0, 2, 0, 4, 32, 0, 0, 32, 128, 4, 8, 4, 32, 2, 0]",left,128
115,1054,"[2, 32, 2, 8, 4, 128, 4, 2, 32, 32, 2, 0, 4, 0, 0, 0]",up,128
116,1118,"[2, 32, 2, 8, 4, 128, 4, 2, 0, 0, 64, 2, 0, 0, 2, 4]",right,128
117,1118,"[2, 32, 2, 8, 4, 128, 4, 2, 64, 2, 0, 2, 2, 4, 0, 0]",left,128
118,1122,"[2, 32, 2, 8, 4, 128, 4, 4, 64, 2, 2, 0, 2, 4, 0, 0]",up,128
119,1122,"[2, 32, 0, 2, 4, 128, 2, 0, 64, 2, 4, 8, 2, 4, 2, 4]",down,128
120,1122,"[2, 32, 2, 2, 4, 128, 4, 8, 64, 2, 2, 4, 2, 4, 0, 2]",up,128
121,1130,"[0, 2, 32, 4, 4, 128, 4, 8, 4, 64, 4, 4, 0, 2, 4, 2]",right,128
122,1146,"[8, 2, 32, 4, 0, 128, 8, 8, 0, 64, 4, 4, 0, 2, 2, 2]",up,128
123,1174,"[8, 2, 32, 4, 2, 0, 128, 16, 0, 0, 64, 8, 0, 0, 2, 4]",right,128
124,1174,"[0, 2, 32, 4, 0, 0, 128, 16, 8, 0, 64, 8, 2, 2, 2, 4]",down,128
125,1178,"[0, 2, 32, 4, 0, 0, 128, 16, 0, 8, 64, 8, 2, 2, 4, 4]",right,128
126,1178,"[2, 2, 32, 4, 0, 8, 128, 16, 0, 2, 64, 8, 2, 0, 4, 4]",up,128
127,1190,"[0, 4, 32, 4, 2, 8, 128, 16, 0, 2, 64, 8, 0, 0, 2, 8]",right,128
128,1206,"[2, 4, 32, 4, 2, 8, 128, 16, 0, 2, 64, 16, 0, 0, 2, 0]",up,128
129,1242,"[4, 4, 32, 4, 0, 8, 128, 32, 0, 2, 64, 0, 0, 2, 2, 0]",up,128
130,1254,"[0, 8, 32, 4, 0, 8, 128, 32, 0, 0, 2, 64, 0, 0, 2, 4]",right,128
131,1274,"[0, 16, 32, 4, 0, 0, 128, 32, 0, 0, 4, 64, 0, 0, 2, 4]",up,128
132,1274,"[16, 32, 4, 0, 128, 32, 2, 0, 4, 64, 0, 0, 2, 4, 0, 0]",left,128
133,1306,"[16, 0, 0, 0, 128, 64, 0, 0, 4, 64, 4, 2, 2, 4, 2, 0]",down,128
134,1434,"[16, 128, 4, 2, 128, 4, 2, 2, 4, 0, 0, 0, 2, 0, 0, 0]",up,128
135,1438,"[16, 128, 4, 2, 0, 128, 4, 4, 2, 0, 0, 4, 0, 0, 0, 2]",right,128
136,1710,"[16, 256, 8, 2, 2, 0, 0, 8, 0, 0, 0, 2, 0, 0, 0, 2]",up,256
137,1710,"[16, 256, 8, 2, 0, 0, 2, 8, 0, 0, 2, 2, 0, 0, 0, 2]",right,256
138,1718,"[16, 256, 8, 2, 0, 0, 4, 8, 0, 0, 0, 4, 0, 0, 0, 2]",up,256
139,1718,"[0, 0, 0, 2, 0, 0, 2, 8, 0, 0, 8, 4, 16, 256, 4, 2]",down,256
140,1718,"[16, 256, 2, 2, 0, 0, 8, 8, 2, 0, 4, 4, 0, 0, 0, 2]",up,256
141,1746,"[16, 256, 4, 0, 16, 0, 0, 0, 2, 8, 2, 0, 2, 0, 0, 0]",left,256
142,1782,"[32, 256, 4, 0, 4, 8, 2, 0, 0, 0, 0, 0, 0, 0, 0, 2]",up,256
143,1782,"[0, 0, 4, 0, 0, 0, 0, 0, 32, 256, 4, 0, 4, 8, 2, 2]",down,256
144,1790,"[32, 256, 8, 2, 4, 8, 2, 0, 0, 0, 0, 0, 0, 0, 0, 2]",up,256
145,1790,"[32, 256, 8, 2, 0, 4, 8, 2, 0, 0, 0, 0, 2, 0, 0, 2]",right,256
146,1794,"[32, 256, 8, 2, 4, 8, 2, 0, 0, 0, 0, 0, 4, 0, 2, 0]",left,256
147,1806,"[32, 256, 8, 2, 8, 8, 4, 0, 0, 0, 0, 0, 0, 2, 0, 0]",up,256
148,1806,"[32, 256, 8, 2, 8, 8, 4, 0, 0, 2, 2, 0, 0, 0, 0, 0]",up,256
149,1826,"[32, 256, 8, 2, 16, 4, 0, 4, 4, 0, 0, 0, 0, 0, 0, 0]",left,256
150,1826,"[0, 0, 0, 0, 32, 0, 0, 2, 16, 256, 0, 2, 4, 4, 8, 4]",down,256
151,1828,"[0, 0, 0, 4, 32, 0, 0, 0, 16, 256, 0, 4, 4, 4, 8, 4]",down,256
152,1836,"[4, 0, 2, 0, 32, 0, 0, 0, 16, 256, 4, 0, 8, 8, 4, 0]",left,256
153,1844,"[4, 256, 2, 0, 32, 8, 8, 0, 16, 0, 0, 0, 8, 2, 0, 0]",up,256
154,1860,"[4, 256, 2, 0, 32, 16, 2, 0, 16, 0, 0, 0, 8, 2, 0, 0]",left,256
155,1864,"[4, 256, 4, 0, 32, 16, 0, 0, 16, 2, 0, 2, 8, 0, 0, 0]",up,256
156,1868,"[4, 256, 4, 2, 32, 16, 0, 0, 16, 4, 0, 0, 8, 0, 0, 0]",left,256
157,1868,"[4, 4, 0, 0, 32, 256, 0, 0, 16, 16, 0, 0, 8, 4, 4, 2]",down,256
158,1916,"[2, 0, 0, 8, 0, 0, 32, 256, 0, 0, 0, 32, 0, 8, 8, 2]",right,256
159,1916,"[2, 8, 32, 8, 0, 0, 8, 256, 0, 0, 0, 32, 0, 2, 0, 2]",up,256
160,1916,"[2, 8, 32, 8, 0, 2, 8, 256, 0, 0, 0, 32, 0, 0, 2, 2]",up,256
161,1916,"[2, 8, 32, 8, 0, 2, 8, 256, 2, 0, 2, 32, 0, 0, 0, 2]",up,256
162,1920,"[2, 8, 32, 8, 2, 8, 256, 0, 4, 32, 0, 0, 2, 0, 2, 0]",left,256
163,1924,"[2, 8, 32, 8, 2, 8, 256, 0, 4, 32, 2, 0, 4, 0, 0, 0]",left,256
164,1952,"[4, 16, 32, 8, 8, 32, 256, 0, 0, 0, 2, 0, 0, 0, 0, 2]",up,256
165,1952,"[4, 16, 32, 8, 8, 32, 256, 0, 2, 0, 0, 0, 2, 0, 2, 0]",left,256
166,1956,"[4, 16, 32, 8, 8, 32, 256, 0, 4, 2, 2, 0, 0, 0, 0, 0]",up,256
167,1960,"[4, 16, 32, 8, 8, 32, 256, 0, 4, 4, 0, 0, 2, 0, 0, 0]",left,256
168,1968,"[4, 16, 32, 8, 8, 32, 256, 0, 8, 0, 0, 0, 2, 0, 0, 2]",left,256
169,1972,"[4, 16, 32, 8, 8, 32, 256, 0, 8, 0, 0, 0, 4, 0, 0, 2]",left,256
170,1972,"[4, 16, 32, 8, 8, 32, 256, 0, 8, 0, 0, 0, 4, 2, 2, 0]",left,256
171,1988,"[4, 16, 32, 8, 16, 32, 256, 0, 4, 2, 2, 0, 0, 0, 0, 2]",up,256
172,1992,"[4, 16, 32, 8, 16, 32, 256, 0, 4, 4, 0, 2, 2, 0, 0, 0]",left,256
173,2000,"[4, 16, 32, 8, 16, 32, 256, 0, 8, 2, 2, 0, 2, 0, 0, 0]",left,256
174,2000,"[4, 2, 0, 0, 16, 16, 32, 0, 8, 32, 256, 0, 2, 2, 2, 8]",down,256
175,2000,"[4, 2, 32, 8, 16, 16, 256, 2, 8, 32, 2, 0, 2, 2, 0, 0]",up,256
176,2000,"[4, 2, 0, 0, 16, 16, 32, 4, 8, 32, 256, 8, 2, 2, 2, 2]",down,256
177,2040,"[4, 2, 0, 0, 32, 32, 4, 2, 8, 32, 256, 8, 4, 4, 0, 0]",left,256
178,2112,"[4, 2, 0, 0, 64, 4, 2, 0, 8, 32, 256, 8, 8, 2, 0, 0]",left,256
179,2112,"[0, 0, 4, 2, 0, 64, 4, 2, 8, 32, 256, 8, 2, 0, 8, 2]",right,256
180,2112,"[4, 2, 2, 0, 64, 4, 2, 0, 8, 32, 256, 8, 2, 8, 2, 0]",left,256
181,2116,"[4, 2, 4, 8, 64, 4, 256, 0, 8, 32, 2, 0, 2, 8, 0, 2]",up,256
182,2116,"[4, 2, 4, 8, 64, 4, 256, 0, 8, 32, 2, 2, 2, 8, 2, 0]",left,256
183,2120,"[4, 2, 4, 8, 0, 64, 4, 256, 0, 8, 32, 4, 2, 2, 8, 2]",right,256
184,2128,"[4, 2, 8, 8, 2, 64, 32, 256, 0, 8, 8, 4, 0, 2, 2, 2]",up,256
185,2128,"[0, 2, 8, 8, 2, 64, 32, 256, 4, 8, 8, 4, 2, 2, 2, 2]",down,256
186,2168,"[2, 16, 0, 2, 2, 64, 32, 256, 4, 16, 4, 0, 4, 4, 0, 0]",left,256
187,2176,"[2, 16, 2, 0, 2, 64, 32, 256, 4, 16, 4, 2, 8, 0, 0, 0]",left,256
188,2178,"[0, 2, 0, 0, 4, 16, 2, 0, 4, 64, 32, 256, 8, 16, 4, 2]",down,256
189,2182,"[0, 2, 0, 2, 0, 16, 2, 0, 8, 64, 32, 256, 8, 16, 4, 2]",down,256
190,2190,"[0, 2, 0, 2, 0, 16, 2, 2, 0, 64, 32, 256, 16, 16, 4, 2]",down,256
191,2230,"[0, 0, 0, 4, 0, 0, 16, 4, 0, 64, 32, 256, 2, 32, 4, 2]",right,256
192,2230,"[4, 4, 0, 0, 16, 4, 0, 0, 64, 32, 256, 0, 2, 32, 4, 2]",left,256
193,2238,"[8, 0, 0, 0, 16, 4, 0, 0, 64, 32, 256, 2, 2, 32, 4, 2]",left,256
194,2238,"[0, 2, 0, 8, 0, 0, 16, 4, 64, 32, 256, 2, 2, 32, 4, 2]",right,256
195,2238,"[2, 8, 0, 0, 16, 4, 2, 0, 64, 32, 256, 2, 2, 32, 4, 2]",left,256
196,2306,"[2, 8, 2, 4, 16, 4, 256, 0, 64, 64, 4, 0, 2, 2, 0, 0]",up,256
197,2306,"[2, 8, 0, 0, 16, 4, 2, 4, 64, 64, 256, 0, 2, 2, 4, 4]",down,256
198,2446,"[0, 0, 2, 8, 16, 4, 2, 4, 2, 0, 128, 256, 0, 0, 4, 8]",right,256
199,2448,"[0, 0, 2, 8, 0, 0, 4, 4, 16, 0, 128, 256, 2, 4, 4, 8]",down,256
200,2464,"[2, 8, 0, 0, 8, 0, 0, 4, 16, 128, 256, 0, 2, 8, 8, 0]",left,256
201,2464,"[2, 8, 256, 4, 8, 128, 8, 0, 16, 8, 0, 0, 2, 0, 4, 0]",up,256
202,2464,"[2, 8, 256, 4, 8, 128, 8, 2, 16, 8, 4, 0, 2, 0, 0, 0]",up,256
203,2464,"[2, 0, 2, 0, 8, 8, 256, 0, 16, 128, 8, 4, 2, 8, 4, 2]",down,256
204,2484,"[0, 2, 0, 4, 0, 0, 16, 256, 16, 128, 8, 4, 2, 8, 4, 2]",right,256
205,2484,"[16, 2, 16, 4, 2, 128, 8, 256, 2, 8, 4, 4, 0, 0, 0, 2]",up,256
206,2492,"[16, 2, 16, 4, 2, 128, 8, 256, 2, 8, 8, 2, 2, 0, 0, 0]",left,256
207,2512,"[16, 2, 16, 4, 4, 128, 16, 256, 2, 8, 2, 2, 0, 0, 0, 0]",up,256
208,2544,"[16, 2, 32, 4, 4, 128, 2, 256, 2, 8, 0, 2, 0, 2, 0, 0]",up,256
209,2544,"[16, 2, 32, 4, 4, 128, 2, 256, 2, 8, 2, 0, 2, 0, 0, 2]",left,256
210,2552,"[16, 2, 32, 4, 4, 128, 4, 256, 4, 8, 0, 2, 2, 0, 0, 0]",up,256
211,2552,"[16, 2, 32, 4, 4, 128, 4, 256, 0, 4, 8, 2, 0, 2, 0, 2]",right,256
212,2556,"[16, 2, 32, 4, 4, 128, 4, 256, 0, 4, 8, 4, 2, 2, 0, 0]",up,256
213,2556,"[16, 2, 32, 4, 4, 128, 4, 256, 2, 4, 8, 4, 2, 2, 0, 0]",up,256
214,2560,"[16, 2, 32, 4, 4, 128, 4, 256, 4, 4, 8, 4, 0, 2, 2, 0]",up,256
215,2564,"[2, 2, 32, 0, 0, 128, 4, 4, 16, 4, 8, 256, 8, 2, 2, 4]",down,256
216,2580,"[4, 32, 0, 0, 128, 8, 0, 0, 16, 4, 8, 256, 8, 4, 4, 2]",left,256
217,2584,"[4, 0, 2, 0, 128, 32, 0, 0, 16, 8, 8, 256, 8, 8, 4, 2]",down,256
218,2616,"[4, 2, 0, 2, 128, 32, 0, 0, 16, 16, 256, 0, 16, 4, 2, 0]",left,256
219,2652,"[4, 4, 0, 0, 128, 32, 0, 0, 32, 256, 0, 2, 16, 4, 2, 0]",left,256
220,2652,"[4, 4, 2, 2, 128, 32, 0, 0, 32, 256, 4, 0, 16, 4, 0, 0]",up,256
221,2652,"[4, 4, 2, 2, 128, 32, 4, 0, 32, 256, 0, 0, 16, 4, 0, 2]",up,256
222,2664,"[8, 4, 0, 2, 128, 32, 4, 0, 32, 256, 0, 0, 16, 4, 2, 0]",left,256
223,2664,"[8, 4, 4, 2, 128, 32, 2, 0, 32, 256, 0, 0, 16, 4, 2, 0]",up,256
224,2668,"[8, 4, 4, 2, 128, 32, 4, 0, 32, 256, 2, 0, 16, 4, 0, 0]",up,256
225,2676,"[8, 4, 8, 2, 128, 32, 2, 0, 32, 256, 2, 0, 16, 4, 0, 0]",up,256
226,2680,"[8, 4, 8, 2, 128, 32, 4, 2, 32, 256, 0, 0, 16, 4, 0, 0]",up,256
227,2684,"[8, 4, 8, 4, 128, 32, 4, 0, 32, 256, 0, 0, 16, 4, 2, 0]",up,256
228,2684,"[8, 4, 8, 4, 0, 128, 32, 4, 0, 2, 32, 256, 0, 16, 4, 2]",right,256
229,2756,"[8, 4, 8, 8, 0, 128, 64, 256, 0, 2, 4, 2, 0, 16, 2, 0]",up,256
230,2756,"[0, 4, 8, 0, 0, 128, 64, 8, 2, 2, 4, 256, 8, 16, 2, 2]",down,256
231,2764,"[4, 8, 0, 0, 128, 64, 8, 0, 4, 4, 256, 2, 8, 16, 4, 0]",left,256
232,2764,"[4, 8, 8, 2, 128, 64, 256, 0, 4, 4, 4, 2, 8, 16, 0, 0]",up,256
233,2768,"[4, 8, 8, 4, 128, 64, 256, 0, 4, 4, 4, 0, 8, 16, 0, 2]",up,256
234,2768,"[4, 8, 8, 4, 128, 64, 256, 2, 4, 4, 4, 0, 8, 16, 0, 2]",up,256
235,2772,"[4, 8, 8, 4, 128, 64, 256, 4, 4, 4, 4, 0, 8, 16, 0, 2]",up,256
236,2796,"[2, 4, 16, 4, 128, 64, 256, 4, 0, 0, 4, 8, 0, 8, 16, 2]",right,256
237,2800,"[0, 4, 16, 0, 0, 4, 256, 8, 2, 64, 4, 8, 128, 8, 16, 2]",down,256
238,2824,"[2, 8, 16, 16, 128, 64, 256, 2, 0, 8, 4, 2, 0, 0, 16, 0]",up,256
239,2828,"[2, 8, 16, 16, 128, 64, 256, 4, 0, 8, 4, 0, 2, 0, 16, 0]",up,256
240,2860,"[0, 2, 8, 32, 128, 64, 256, 4, 0, 0, 8, 4, 4, 0, 2, 16]",right,256
241,2864,"[0, 0, 8, 0, 2, 0, 256, 32, 128, 2, 8, 8, 4, 64, 2, 16]",down,256
242,2880,"[8, 0, 0, 0, 2, 256, 32, 0, 128, 2, 16, 2, 4, 64, 2, 16]",left,256
243,2880,"[8, 256, 32, 2, 2, 2, 16, 16, 128, 64, 2, 0, 4, 2, 0, 0]",up,256
244,2916,"[8, 256, 32, 2, 2, 0, 4, 32, 0, 128, 64, 2, 0, 0, 4, 2]",right,256
245,2916,"[8, 256, 32, 2, 2, 4, 32, 0, 128, 64, 2, 0, 4, 2, 2, 0]",left,256
246,2920,"[8, 256, 32, 2, 2, 4, 32, 0, 128, 64, 2, 0, 4, 4, 0, 2]",left,256
247,2954,"[8, 256, 0, 2, 2, 4, 0, 0, 128, 64, 64, 0, 4, 4, 2, 4]",down,256
248,3090,"[8, 256, 2, 0, 2, 4, 0, 0, 128, 128, 2, 0, 8, 2, 4, 0]",left,256
249,3092,"[8, 256, 0, 2, 2, 4, 0, 0, 128, 128, 4, 0, 8, 2, 4, 0]",down,256
250,3348,"[8, 256, 2, 0, 2, 4, 0, 2, 256, 4, 0, 0, 8, 2, 4, 0]",left,256
251,3348,"[8, 256, 2, 0, 2, 4, 2, 0, 256, 4, 0, 0, 8, 2, 4, 2]",left,256
252,3354,"[8, 0, 0, 0, 2, 256, 0, 0, 256, 8, 4, 2, 8, 2, 4, 2]",down,256
253,3366,"[8, 256, 8, 4, 2, 8, 2, 0, 256, 2, 0, 0, 8, 0, 0, 0]",up,256
254,3366,"[8, 256, 8, 4, 0, 2, 8, 2, 0, 0, 256, 2, 0, 2, 0, 8]",right,256
255,3390,"[8, 256, 16, 4, 0, 4, 256, 4, 0, 2, 0, 8, 0, 0, 0, 0]",up,256
256,3394,"[0, 0, 0, 2, 0, 256, 0, 0, 0, 4, 16, 8, 8, 2, 256, 8]",down,256
257,3410,"[8, 256, 16, 2, 0, 4, 256, 16, 0, 2, 0, 0, 2, 0, 0, 0]",up,256
258,3410,"[8, 256, 16, 2, 4, 256, 16, 0, 2, 0, 0, 0, 2, 0, 0, 2]",left,256
259,3962,"[8, 512, 32, 4, 4, 0, 0, 0, 4, 0, 0, 2, 0, 0, 0, 0]",up,512
260,3970,"[8, 512, 32, 4, 8, 0, 0, 2, 0, 0, 0, 0, 0, 4, 0, 0]",up,512
261,3986,"[16, 512, 32, 4, 0, 4, 2, 2, 0, 0, 0, 0, 0, 0, 0, 0]",up,512
262,3986,"[0, 0, 0, 0, 0, 0, 0, 0, 4, 512, 32, 4, 16, 4, 2, 2]",down,512
263,3986,"[4, 512, 32, 4, 16, 4, 2, 2, 0, 0, 0, 0, 0, 0, 2, 0]",up,512
264,3990,"[4, 512, 32, 4, 16, 4, 4, 2, 0, 0, 2, 0, 0, 0, 0, 0]",up,512
265,3990,"[0, 0, 0, 2, 0, 0, 32, 0, 4, 512, 4, 4, 16, 4, 2, 2]",down,512
266,4002,"[2, 2, 0, 0, 32, 0, 0, 0, 4, 512, 8, 0, 16, 4, 4, 0]",left,512
267,4014,"[0, 0, 0, 4, 0, 0, 0, 32, 2, 4, 512, 8, 0, 0, 16, 8]",right,512
268,4030,"[2, 4, 512, 4, 0, 0, 16, 32, 0, 0, 0, 16, 0, 2, 0, 0]",up,512
269,4030,"[0, 0, 2, 0, 0, 0, 0, 4, 0, 4, 512, 32, 2, 2, 16, 16]",down,512
270,4030,"[0, 0, 0, 0, 0, 2, 2, 4, 0, 4, 512, 32, 2, 2, 16, 16]",down,512
271,4070,"[0, 0, 0, 0, 4, 4, 0, 0, 4, 512, 32, 0, 4, 32, 0, 2]",left,512
272,4078,"[0, 0, 0, 0, 8, 2, 0, 0, 4, 512, 32, 0, 4, 32, 2, 0]",left,512
273,4086,"[8, 2, 32, 0, 8, 512, 2, 0, 0, 32, 0, 2, 0, 0, 0, 0]",up,512
274,4086,"[0, 8, 2, 32, 0, 8, 512, 2, 4, 0, 32, 2, 0, 0, 0, 0]",right,512
275,4096,"[0, 2, 0, 0, 0, 0, 2, 0, 0, 0, 512, 32, 4, 16, 32, 4]",down,512
276,4096,"[4, 2, 2, 32, 0, 16, 512, 4, 0, 0, 32, 2, 0, 0, 0, 0]",up,512
277,4096,"[0, 0, 0, 0, 0, 0, 2, 32, 2, 2, 512, 4, 4, 16, 32, 2]",down,512
278,4096,"[2, 2, 2, 32, 4, 16, 512, 4, 0, 0, 32, 2, 0, 2, 0, 0]",up,512
279,4100,"[0, 2, 4, 32, 4, 16, 512, 4, 0, 2, 32, 2, 0, 0, 0, 2]",right,512
280,4104,"[4, 2, 4, 32, 0, 16, 512, 4, 4, 2, 32, 4, 0, 0, 0, 0]",up,512
281,4120,"[8, 2, 4, 32, 0, 16, 512, 8, 0, 2, 32, 0, 2, 0, 0, 0]",up,512
282,4120,"[8, 2, 4, 32, 2, 16, 512, 8, 2, 2, 32, 0, 0, 0, 0, 0]",up,512
283,4124,"[8, 2, 4, 32, 4, 16, 512, 8, 0, 2, 32, 0, 0, 0, 2, 0]",up,512
284,4124,"[0, 0, 4, 0, 2, 2, 512, 0, 8, 16, 32, 32, 4, 2, 2, 8]",down,512
285,4196,"[4, 0, 0, 0, 4, 512, 0, 0, 8, 16, 64, 2, 4, 4, 8, 0]",left,512
286,4204,"[4, 0, 0, 2, 4, 512, 0, 0, 8, 16, 64, 2, 8, 8, 0, 0]",left,512
287,4218,"[0, 0, 0, 0, 0, 512, 0, 2, 8, 16, 0, 0, 16, 8, 64, 4]",down,512
288,4218,"[2, 0, 0, 0, 0, 512, 0, 0, 8, 16, 0, 2, 16, 8, 64, 4]",down,512
289,4218,"[0, 0, 0, 0, 2, 512, 2, 0, 8, 16, 0, 2, 16, 8, 64, 4]",down,512
290,4218,"[0, 0, 0, 0, 2, 512, 2, 2, 8, 16, 2, 0, 16, 8, 64, 4]",left,512
291,4222,"[4, 0, 0, 0, 0, 2, 512, 4, 0, 8, 16, 2, 16, 8, 64, 4]",right,512
292,4222,"[0, 2, 0, 4, 0, 2, 512, 4, 0, 8, 16, 2, 16, 8, 64, 4]",right,512
293,4222,"[2, 4, 0, 2, 2, 512, 4, 0, 8, 16, 2, 0, 16, 8, 64, 4]",left,512
294,4226,"[4, 4, 4, 2, 8, 512, 2, 4, 16, 16, 64, 0, 0, 8, 2, 0]",up,512
295,4266,"[8, 4, 2, 0, 8, 512, 2, 4, 32, 64, 0, 0, 8, 2, 0, 2]",left,512
296,4270,"[8, 4, 2, 0, 8, 512, 2, 4, 32, 64, 0, 2, 8, 4, 0, 0]",left,512
297,4290,"[16, 4, 4, 4, 32, 512, 0, 2, 8, 64, 0, 0, 0, 4, 2, 0]",up,512
298,4290,"[16, 4, 4, 4, 32, 512, 2, 2, 8, 64, 0, 0, 0, 4, 2, 0]",up,512
299,4302,"[16, 8, 4, 0, 32, 512, 4, 0, 8, 64, 0, 0, 4, 2, 2, 0]",left,512
300,4306,"[16, 8, 4, 0, 32, 512, 4, 0, 8, 64, 0, 2, 4, 4, 0, 0]",left,512
301,4314,"[16, 8, 8, 2, 32, 512, 2, 0, 8, 64, 0, 0, 4, 4, 0, 0]",up,512
302,4338,"[16, 16, 2, 0, 32, 512, 2, 0, 8, 64, 0, 0, 8, 2, 0, 0]",left,512
303,4348,"[0, 16, 0, 0, 16, 512, 2, 0, 32, 64, 0, 0, 16, 2, 4, 0]",down,512
304,4348,"[16, 0, 0, 0, 16, 512, 2, 0, 32, 64, 0, 0, 16, 2, 4, 2]",left,512
305,4380,"[32, 512, 2, 2, 32, 64, 4, 0, 16, 2, 0, 0, 0, 0, 0, 2]",up,512
306,4384,"[4, 32, 512, 4, 0, 32, 64, 4, 0, 0, 16, 2, 0, 0, 0, 2]",right,512
307,4460,"[4, 64, 512, 8, 2, 0, 64, 4, 0, 0, 16, 0, 0, 0, 0, 0]",up,512
308,4460,"[0, 0, 0, 0, 2, 0, 512, 0, 4, 0, 64, 8, 2, 64, 16, 4]",down,512
309,4460,"[2, 64, 512, 8, 4, 2, 64, 4, 2, 0, 16, 0, 0, 0, 0, 0]",up,512
310,4460,"[0, 0, 4, 0, 2, 0, 512, 0, 4, 64, 64, 8, 2, 2, 16, 4]",down,512
311,4460,"[2, 64, 4, 8, 4, 2, 512, 4, 2, 0, 64, 0, 2, 0, 16, 0]",up,512
312,4464,"[2, 64, 4, 8, 4, 2, 512, 4, 4, 0, 64, 0, 0, 0, 16, 2]",up,512
313,4472,"[2, 64, 4, 8, 8, 2, 512, 4, 0, 0, 64, 2, 0, 0, 16, 2]",up,512
314,4476,"[2, 64, 4, 8, 8, 2, 512, 4, 2, 0, 64, 4, 0, 0, 16, 0]",up,512
315,4484,"[2, 64, 4, 8, 8, 2, 512, 8, 2, 0, 64, 0, 0, 2, 16, 0]",up,512
316,4494,"[0, 0, 4, 2, 2, 0, 512, 0, 8, 64, 64, 0, 2, 4, 16, 16]",down,512
317,4654,"[4, 2, 0, 0, 2, 512, 0, 0, 8, 128, 2, 0, 2, 4, 32, 0]",left,512
318,4654,"[4, 2, 2, 0, 2, 512, 32, 0, 8, 128, 4, 0, 2, 4, 0, 0]",up,512
319,4658,"[4, 4, 0, 0, 2, 512, 32, 0, 8, 128, 4, 2, 2, 4, 0, 0]",left,512
320,4658,"[4, 4, 32, 2, 2, 512, 4, 0, 8, 128, 0, 0, 2, 4, 2, 0]",up,512
321,4666,"[8, 32, 2, 0, 2, 512, 4, 2, 8, 128, 0, 0, 2, 4, 2, 0]",left,512
322,4666,"[2, 8, 32, 2, 2, 512, 4, 2, 0, 0, 8, 128, 0, 2, 4, 2]",right,512
323,4666,"[2, 8, 32, 2, 2, 512, 4, 2, 8, 128, 0, 0, 2, 4, 2, 4]",left,512
324,4670,"[0, 8, 2, 0, 4, 512, 32, 0, 8, 128, 4, 4, 2, 4, 2, 4]",down,512
325,4678,"[4, 8, 2, 8, 8, 512, 32, 0, 2, 128, 4, 0, 0, 4, 2, 2]",up,512
326,4682,"[4, 8, 2, 8, 0, 8, 512, 32, 2, 2, 128, 4, 0, 0, 4, 4]",right,512
327,4694,"[0, 0, 2, 0, 0, 2, 512, 8, 4, 16, 128, 32, 2, 2, 4, 8]",down,512
328,4698,"[2, 0, 2, 0, 2, 512, 8, 0, 4, 16, 128, 32, 4, 4, 8, 0]",left,512
329,4704,"[0, 0, 2, 0, 0, 512, 8, 2, 4, 16, 128, 0, 8, 4, 8, 32]",down,512
330,4704,"[0, 0, 0, 2, 4, 512, 8, 2, 0, 4, 16, 128, 8, 4, 8, 32]",right,512
331,4710,"[0, 0, 0, 2, 0, 0, 8, 4, 4, 512, 16, 128, 8, 8, 8, 32]",down,512
332,4726,"[0, 0, 4, 2, 0, 0, 8, 4, 4, 512, 16, 128, 0, 8, 16, 32]",right,512
333,4758,"[4, 512, 4, 2, 0, 8, 8, 4, 0, 0, 32, 128, 0, 2, 0, 32]",up,512
334,4758,"[4, 512, 4, 2, 0, 8, 8, 4, 0, 2, 32, 128, 0, 2, 0, 32]",up,512
335,4762,"[4, 512, 4, 2, 0, 8, 8, 4, 0, 4, 32, 128, 2, 0, 0, 32]",up,512
336,4762,"[4, 512, 4, 2, 2, 8, 8, 4, 0, 4, 32, 128, 0, 0, 2, 32]",up,512
337,4762,"[0, 0, 4, 2, 2, 512, 8, 4, 4, 8, 32, 128, 2, 4, 2, 32]",down,512
338,4762,"[2, 512, 4, 2, 4, 8, 8, 4, 2, 4, 32, 128, 0, 2, 2, 32]",up,512
339,4762,"[4, 512, 4, 2, 2, 8, 8, 4, 4, 4, 32, 128, 2, 2, 2, 32]",down,512
340,4790,"[4, 512, 4, 2, 2, 16, 4, 2, 8, 32, 128, 0, 4, 2, 32, 0]",left,512
341,4802,"[4, 512, 8, 4, 2, 16, 128, 0, 8, 32, 32, 0, 4, 2, 2, 0]",up,512
342,4802,"[4, 512, 8, 0, 2, 16, 128, 0, 8, 32, 32, 2, 4, 2, 2, 4]",down,512
343,4802,"[4, 512, 8, 2, 2, 16, 128, 4, 8, 32, 32, 0, 4, 2, 2, 2]",up,512
344,4802,"[4, 512, 8, 2, 2, 16, 128, 2, 8, 32, 32, 4, 4, 2, 2, 2]",down,512
345,4804,"[4, 512, 8, 2, 2, 16, 128, 4, 8, 32, 32, 4, 4, 2, 2, 2]",down,512
346,4808,"[4, 512, 8, 2, 2, 16, 128, 2, 8, 32, 32, 8, 4, 2, 2, 2]",down,512
347,4876,"[4, 512, 8, 2, 2, 16, 128, 2, 8, 64, 8, 2, 4, 4, 2, 0]",left,512
348,4884,"[4, 512, 8, 2, 2, 16, 128, 2, 8, 64, 8, 2, 4, 0, 8, 2]",right,512
349,4908,"[4, 512, 8, 4, 2, 16, 128, 4, 8, 64, 16, 0, 4, 0, 0, 2]",up,512
350,4908,"[4, 512, 8, 4, 2, 16, 128, 4, 0, 8, 64, 16, 2, 0, 4, 2]",right,512
351,4920,"[4, 512, 8, 8, 4, 16, 128, 16, 0, 8, 64, 2, 0, 0, 4, 2]",up,512
352,4926,"[0, 2, 8, 0, 0, 512, 128, 8, 0, 16, 64, 16, 8, 8, 4, 4]",down,512
353,4950,"[2, 8, 0, 0, 512, 128, 8, 0, 16, 64, 16, 0, 16, 8, 0, 2]",left,512
354,4950,"[2, 8, 2, 0, 512, 128, 8, 0, 16, 64, 16, 0, 16, 8, 2, 0]",left,512
355,4982,"[2, 8, 2, 0, 512, 128, 8, 0, 32, 64, 16, 4, 0, 8, 2, 0]",up,512
356,4982,"[0, 2, 8, 2, 0, 512, 128, 8, 32, 64, 16, 4, 2, 0, 8, 2]",right,512
357,4982,"[0, 2, 8, 2, 0, 512, 128, 8, 32, 64, 16, 4, 2, 2, 8, 2]",right,512
358,4986,"[2, 2, 8, 2, 0, 512, 128, 8, 32, 64, 16, 4, 0, 4, 8, 2]",right,512
359,4990,"[0, 4, 8, 2, 2, 512, 128, 8, 32, 64, 16, 4, 0, 4, 8, 2]",right,512
360,4990,"[2, 4, 8, 2, 32, 512, 128, 8, 2, 64, 16, 4, 0, 4, 8, 2]",up,512
361,4990,"[2, 4, 8, 2, 2, 512, 128, 8, 32, 64, 16, 4, 2, 4, 8, 2]",down,512
362,4994,"[4, 4, 8, 2, 32, 512, 128, 8, 2, 64, 16, 4, 2, 4, 8, 2]",up,512
363,5002,"[2, 8, 8, 2, 32, 512, 128, 8, 2, 64, 16, 4, 2, 4, 8, 2]",right,512
364,5004,"[2, 8, 8, 2, 2, 512, 128, 8, 32, 64, 16, 4, 4, 4, 8, 2]",down,512
365,5028,"[2, 2, 16, 2, 2, 512, 128, 8, 32, 64, 16, 4, 0, 8, 8, 2]",right,512
366,5030,"[0, 2, 16, 2, 2, 512, 128, 8, 4, 64, 16, 4, 32, 8, 8, 2]",down,512
367,5046,"[0, 2, 16, 2, 2, 512, 128, 8, 4, 64, 16, 4, 2, 32, 16, 2]",right,512
368,5046,"[2, 16, 2, 2, 2, 512, 128, 8, 4, 64, 16, 4, 2, 32, 16, 2]",left,512
369,5064,"[0, 16, 4, 2, 4, 512, 2, 8, 4, 64, 128, 4, 2, 32, 32, 2]",down,512
370,5128,"[16, 4, 2, 2, 4, 512, 2, 8, 4, 64, 128, 4, 2, 64, 2, 0]",left,512
371,5268,"[16, 4, 4, 2, 8, 512, 128, 8, 2, 128, 2, 4, 0, 0, 0, 2]",up,512
372,5268,"[0, 2, 0, 2, 16, 4, 4, 8, 8, 512, 128, 4, 2, 128, 2, 2]",down,512
373,5284,"[4, 0, 0, 2, 16, 8, 8, 0, 8, 512, 128, 4, 2, 128, 4, 0]",left,512
374,5284,"[4, 2, 0, 0, 16, 8, 8, 0, 8, 512, 128, 2, 2, 128, 4, 4]",down,512
375,5308,"[4, 2, 0, 0, 16, 16, 0, 0, 8, 512, 128, 2, 2, 128, 8, 2]",left,512
376,5312,"[4, 2, 128, 4, 16, 16, 8, 0, 8, 512, 0, 0, 2, 128, 0, 2]",up,512
377,5344,"[4, 2, 128, 4, 0, 0, 32, 8, 0, 0, 8, 512, 2, 2, 128, 2]",right,512
378,5348,"[4, 2, 128, 4, 0, 0, 32, 8, 0, 2, 8, 512, 0, 4, 128, 2]",right,512
379,5350,"[0, 2, 128, 4, 0, 0, 32, 8, 0, 4, 8, 512, 4, 4, 128, 2]",down,512
380,5358,"[4, 2, 128, 4, 0, 8, 32, 8, 2, 0, 8, 512, 0, 0, 128, 2]",up,512
381,5358,"[4, 2, 128, 4, 0, 8, 32, 8, 0, 2, 8, 512, 2, 0, 128, 2]",right,512
382,5358,"[4, 2, 128, 4, 2, 8, 32, 8, 0, 2, 8, 512, 2, 0, 128, 2]",up,512
383,5358,"[4, 2, 128, 4, 2, 8, 32, 8, 2, 8, 512, 2, 2, 128, 2, 0]",left,512
384,5358,"[4, 2, 128, 4, 2, 8, 32, 8, 2, 8, 512, 2, 2, 2, 128, 2]",right,512
385,5382,"[4, 2, 128, 4, 4, 16, 32, 8, 2, 2, 512, 4, 2, 0, 128, 0]",up,512
386,5394,"[8, 2, 128, 4, 4, 16, 32, 8, 0, 2, 512, 4, 0, 0, 128, 2]",up,512
387,5394,"[0, 2, 128, 4, 0, 2, 32, 8, 8, 16, 512, 4, 4, 2, 128, 2]",down,512
388,5394,"[2, 128, 4, 2, 2, 32, 8, 0, 8, 16, 512, 4, 4, 2, 128, 2]",left,512
389,5398,"[4, 128, 4, 2, 8, 32, 8, 4, 4, 16, 512, 2, 4, 2, 128, 0]",up,512
390,5406,"[4, 128, 4, 2, 8, 32, 8, 4, 8, 16, 512, 2, 2, 2, 128, 0]",up,512
391,5414,"[2, 128, 4, 0, 4, 32, 8, 2, 16, 16, 512, 4, 2, 2, 128, 2]",down,512
392,5450,"[2, 128, 4, 0, 4, 32, 8, 2, 32, 512, 4, 0, 4, 128, 2, 2]",left,512
393,5454,"[2, 128, 4, 0, 4, 32, 8, 2, 32, 512, 4, 0, 4, 128, 4, 4]",left,512
394,5462,"[2, 128, 4, 2, 4, 32, 8, 4, 32, 512, 8, 0, 4, 128, 2, 0]",up,512
395,5462,"[2, 128, 4, 2, 4, 32, 8, 4, 0, 32, 512, 8, 2, 4, 128, 2]",right,512
396,5526,"[2, 128, 4, 2, 4, 64, 8, 4, 2, 4, 512, 8, 2, 0, 128, 2]",up,512
397,5526,"[2, 128, 4, 2, 4, 64, 8, 4, 2, 4, 512, 8, 2, 2, 128, 2]",right,512
398,5530,"[2, 128, 4, 2, 4, 64, 8, 4, 4, 4, 512, 8, 2, 2, 128, 2]",up,512
399,5542,"[2, 128, 4, 2, 4, 64, 8, 4, 0, 8, 512, 8, 2, 4, 128, 2]",right,512
400,5542,"[2, 128, 4, 2, 2, 64, 8, 4, 4, 8, 512, 8, 2, 4, 128, 2]",down,512
401,5544,"[2, 128, 4, 2, 4, 64, 8, 4, 4, 8, 512, 8, 2, 4, 128, 2]",down,512
402,5548,"[2, 128, 4, 2, 2, 64, 8, 4, 8, 8, 512, 8, 2, 4, 128, 2]",down,512
403,5564,"[2, 128, 4, 2, 2, 64, 8, 4, 16, 512, 8, 2, 2, 4, 128, 2]",left,512
404,5588,"[4, 128, 4, 2, 16, 64, 16, 4, 2, 512, 128, 4, 0, 4, 2, 0]",up,512
405,5588,"[4, 128, 4, 2, 16, 64, 16, 4, 2, 512, 128, 4, 0, 2, 4, 2]",right,512
406,5588,"[4, 128, 4, 2, 16, 64, 16, 4, 2, 512, 128, 4, 2, 4, 2, 2]",left,512
407,5600,"[4, 128, 4, 2, 16, 64, 16, 8, 4, 512, 128, 2, 2, 4, 2, 0]",up,512
408,5600,"[4, 128, 4, 2, 16, 64, 16, 2, 4, 512, 128, 8, 2, 4, 2, 2]",down,512
409,5604,"[4, 128, 4, 2, 16, 64, 16, 2, 4, 512, 128, 8, 2, 4, 4, 2]",left,512
410,5608,"[4, 128, 4, 4, 16, 64, 16, 8, 4, 512, 128, 2, 2, 4, 4, 4]",up,512
411,5624,"[4, 128, 8, 0, 16, 64, 16, 8, 4, 512, 128, 2, 2, 8, 4, 2]",left,512
412,5626,"[4, 128, 8, 0, 16, 64, 16, 2, 4, 512, 128, 8, 2, 8, 4, 4]",down,512
413,5634,"[2, 4, 128, 8, 16, 64, 16, 2, 4, 512, 128, 8, 0, 2, 8, 8]",right,512
414,5650,"[2, 4, 128, 8, 16, 64, 16, 2, 4, 512, 128, 16, 2, 2, 8, 0]",up,512
415,5654,"[2, 4, 128, 8, 16, 64, 16, 2, 4, 512, 128, 16, 4, 8, 2, 0]",left,512
416,5662,"[2, 4, 128, 8, 16, 64, 16, 2, 8, 512, 128, 16, 4, 8, 2, 0]",up,512
417,5662,"[2, 4, 128, 2, 16, 64, 16, 8, 8, 512, 128, 2, 4, 8, 2, 16]",down,512
1,0,"[4, 0, 0, 0, 0, 0, 0, 0, 0, 0, 0, 0, 0, 0, 2, 0]",up,4
2,0,"[4, 0, 2, 0, 0, 0, 2, 0, 0, 0, 0, 0, 0, 0, 0, 0]",up,4
3,4,"[4, 0, 4, 0, 0, 0, 0, 0, 0, 2, 0, 0, 0, 0, 0, 0]",up,4
4,12,"[8, 0, 0, 0, 0, 0, 0, 0, 2, 2, 0, 0, 0, 0, 0, 0]",left,8
5,12,"[8, 2, 0, 0, 2, 0, 0, 0, 0, 0, 0, 0, 0, 0, 0, 2]",up,8
6,12,"[8, 2, 0, 2, 2, 2, 0, 0, 0, 0, 0, 0, 0, 0, 0, 0]",up,8
7,20,"[8, 4, 2, 0, 4, 0, 0, 0, 0, 0, 0, 0, 0, 0, 0, 0]",left,8
8,20,"[0, 0, 0, 0, 0, 0, 4, 0, 8, 0, 0, 0, 4, 4, 2, 0]",down,8
9,20,"[8, 4, 4, 2, 4, 0, 2, 0, 0, 0, 0, 0, 0, 0, 0, 0]",up,8
10,20,"[0, 0, 0, 0, 2, 0, 0, 0, 8, 0, 4, 0, 4, 4, 2, 2]",down,8
11,20,"[2, 4, 4, 2, 8, 0, 2, 2, 4, 0, 0, 0, 0, 0, 0, 0]",up,8
12,32,"[2, 8, 2, 2, 8, 4, 0, 0, 4, 0, 0, 0, 0, 0, 0, 0]",left,8
13,32,"[2, 0, 0, 0, 2, 0, 0, 0, 8, 8, 0, 0, 4, 4, 2, 2]",down,8
14,36,"[4, 8, 2, 2, 8, 4, 2, 0, 4, 0, 0, 0, 0, 0, 0, 0]",up,8
15,40,"[0, 4, 8, 4, 0, 8, 4, 2, 0, 2, 0, 4, 0, 0, 0, 0]",right,8
16,40,"[2, 0, 0, 0, 0, 4, 0, 4, 0, 8, 8, 2, 0, 2, 4, 4]",down,8
17,40,"[2, 4, 8, 4, 0, 8, 4, 2, 2, 2, 0, 4, 0, 0, 0, 0]",up,8
18,42,"[0, 0, 0, 2, 0, 4, 0, 4, 0, 8, 8, 2, 4, 2, 4, 4]",down,8
19,42,"[4, 4, 8, 2, 0, 8, 4, 4, 2, 2, 0, 2, 0, 0, 0, 4]",up,8
20,42,"[4, 4, 8, 2, 2, 8, 4, 4, 0, 2, 2, 2, 0, 0, 0, 4]",up,8
21,62,"[8, 8, 2, 0, 2, 8, 8, 0, 4, 2, 0, 0, 4, 0, 0, 2]",left,8
22,74,"[0, 0, 0, 0, 8, 2, 0, 0, 2, 16, 2, 0, 8, 2, 8, 2]",down,16
23,74,"[0, 0, 0, 2, 0, 0, 8, 2, 0, 2, 16, 2, 8, 2, 8, 2]",right,16
24,86,"[8, 4, 8, 4, 0, 2, 16, 4, 0, 0, 8, 0, 0, 0, 0, 0]",up,16
25,86,"[8, 4, 8, 4, 2, 16, 4, 0, 8, 0, 0, 0, 2, 0, 0, 0]",left,16
26,86,"[8, 4, 8, 4, 0, 2, 16, 4, 0, 0, 0, 8, 0, 2, 0, 2]",right,16
27,92,"[0, 0, 0, 0, 0, 0, 2, 8, 0, 4, 8, 8, 8, 4, 16, 2]",down,16
28,116,"[8, 8, 2, 16, 0, 0, 8, 2, 0, 2, 16, 0, 0, 0, 0, 0]",up,16
29,116,"[8, 8, 2, 16, 0, 2, 8, 2, 0, 0, 16, 0, 4, 0, 0, 0]",up,16
30,116,"[0, 0, 0, 2, 0, 0, 2, 0, 8, 8, 8, 16, 4, 2, 16, 2]",down,16
31,116,"[0, 0, 0, 4, 0, 0, 2, 2, 8, 8, 8, 16, 4, 2, 16, 2]",down,16
32,136,"[4, 0, 0, 0, 4, 0, 0, 0, 16, 8, 16, 2, 4, 2, 16, 2]",left,16
33,180,"[8, 8, 32, 4, 16, 2, 0, 0, 4, 0, 0, 0, 0, 0, 2, 0]",up,32
34,180,"[8, 8, 32, 4, 16, 2, 2, 0, 4, 0, 0, 0, 0, 0, 2, 0]",up,32
35,200,"[16, 32, 4, 0, 16, 4, 0, 2, 4, 0, 0, 0, 2, 0, 0, 0]",left,32
36,200,"[16, 32, 4, 0, 16, 4, 2, 0, 4, 0, 0, 0, 2, 2, 0, 0]",left,32
37,216,"[0, 0, 0, 0, 32, 32, 0, 0, 4, 4, 4, 0, 2, 2, 2, 2]",down,32
38,216,"[32, 32, 4, 2, 4, 4, 2, 2, 2, 2, 0, 0, 0, 0, 0, 0]",up,32
39,220,"[32, 32, 4, 4, 4, 4, 2, 0, 2, 2, 0, 0, 0, 2, 0, 0]",up,32
40,304,"[64, 8, 0, 0, 8, 2, 0, 0, 4, 0, 2, 0, 2, 0, 0, 0]",left,64
41,304,"[64, 8, 2, 2, 8, 2, 0, 0, 4, 0, 0, 0, 2, 0, 0, 0]",up,64
42,304,"[64, 2, 0, 0, 8, 0, 0, 0, 4, 8, 0, 0, 2, 2, 2, 2]",down,64
43,304,"[64, 2, 2, 2, 8, 8, 0, 0, 4, 2, 0, 0, 2, 0, 4, 0]",up,64
44,304,"[64, 0, 0, 0, 8, 2, 0, 4, 4, 8, 2, 0, 2, 2, 4, 2]",down,64
45,304,"[64, 0, 0, 0, 8, 2, 2, 0, 4, 8, 2, 4, 2, 2, 4, 2]",down,64
46,312,"[64, 0, 2, 0, 8, 4, 0, 0, 4, 8, 2, 4, 4, 4, 2, 0]",left,64
47,324,"[64, 4, 4, 4, 8, 8, 2, 0, 8, 4, 2, 0, 0, 0, 0, 0]",up,64
48,344,"[64, 4, 4, 4, 16, 8, 4, 0, 0, 4, 0, 2, 0, 0, 0, 0]",up,64
49,352,"[64, 8, 4, 0, 16, 8, 4, 0, 4, 2, 0, 2, 0, 0, 0, 0]",left,64
50,356,"[64, 8, 4, 0, 16, 8, 4, 0, 4, 4, 0, 0, 0, 4, 0, 0]",left,64
51,388,"[64, 16, 8, 0, 16, 8, 0, 0, 4, 0, 0, 2, 0, 0, 0, 0]",up,64
52,388,"[64, 16, 8, 2, 16, 8, 0, 0, 4, 0, 0, 2, 0, 0, 0, 0]",up,64
53,392,"[64, 16, 8, 4, 16, 8, 2, 0, 4, 0, 0, 0, 0, 0, 0, 0]",up,64
54,392,"[0, 0, 2, 0, 64, 0, 0, 0, 16, 16, 8, 0, 4, 8, 2, 4]",down,64
55,392,"[64, 16, 2, 4, 16, 8, 8, 0, 4, 0, 2, 0, 0, 0, 0, 2]",up,64
56,392,"[64, 16, 2, 4, 16, 8, 8, 2, 4, 0, 2, 2, 0, 0, 0, 0]",up,64
57,412,"[64, 16, 2, 4, 16, 16, 2, 2, 4, 4, 0, 0, 0, 0, 0, 0]",left,64
58,456,"[64, 16, 2, 4, 32, 4, 0, 0, 8, 0, 0, 0, 4, 0, 0, 0]",left,64
59,456,"[64, 16, 2, 4, 0, 0, 32, 4, 0, 2, 0, 8, 0, 0, 0, 4]",right,64
60,460,"[0, 0, 0, 0, 0, 0, 2, 8, 0, 16, 2, 8, 64, 2, 32, 4]",down,64
61,480,"[64, 16, 4, 16, 0, 2, 32, 4, 0, 0, 0, 0, 2, 0, 0, 0]",up,64
62,480,"[64, 16, 4, 16, 2, 32, 4, 0, 0, 0, 0, 0, 2, 2, 0, 0]",left,64
63,492,"[64, 16, 8, 16, 4, 32, 0, 0, 0, 2, 0, 0, 0, 0, 0, 2]",up,64
64,492,"[0, 0, 0, 0, 0, 16, 2, 0, 64, 32, 0, 16, 4, 2, 8, 2]",down,64
65,492,"[64, 16, 2, 16, 4, 32, 8, 2, 0, 2, 0, 0, 0, 2, 0, 0]",up,64
66,496,"[64, 16, 2, 16, 4, 32, 8, 2, 0, 4, 0, 0, 0, 0, 0, 2]",up,64
67,500,"[64, 16, 2, 16, 4, 32, 8, 4, 0, 4, 0, 0, 0, 0, 2, 0]",up,64
68,500,"[64, 16, 2, 16, 4, 32, 8, 4, 0, 4, 2, 0, 0, 0, 4, 0]",up,64
69,500,"[0, 2, 2, 0, 0, 16, 8, 0, 64, 32, 2, 16, 4, 4, 4, 4]",down,64
70,500,"[64, 2, 2, 16, 4, 16, 8, 4, 0, 32, 2, 0, 2, 4, 4, 0]",up,64
71,500,"[64, 2, 2, 16, 4, 16, 8, 4, 2, 32, 2, 0, 0, 4, 4, 2]",up,64
72,512,"[64, 4, 16, 2, 4, 16, 8, 4, 2, 32, 2, 0, 8, 2, 0, 0]",left,64
73,512,"[64, 4, 0, 2, 4, 16, 16, 0, 2, 32, 8, 2, 8, 2, 2, 4]",down,64
74,514,"[64, 4, 0, 2, 4, 16, 16, 0, 2, 32, 8, 4, 8, 2, 2, 4]",down,64
75,522,"[64, 4, 16, 2, 4, 16, 8, 8, 2, 32, 2, 0, 8, 2, 2, 0]",up,64
76,542,"[64, 4, 16, 2, 4, 16, 16, 0, 2, 32, 2, 2, 8, 4, 0, 0]",left,64
77,578,"[64, 4, 16, 2, 4, 32, 0, 0, 2, 32, 4, 2, 8, 4, 0, 0]",left,64
78,578,"[64, 4, 16, 2, 0, 2, 4, 32, 2, 32, 4, 2, 0, 0, 8, 4]",right,64
79,578,"[64, 4, 16, 2, 2, 4, 32, 0, 2, 32, 4, 2, 8, 4, 2, 0]",left,64
80,586,"[0, 2, 16, 0, 64, 8, 32, 0, 4, 32, 4, 0, 8, 4, 2, 4]",down,64
81,586,"[2, 16, 0, 0, 64, 8, 32, 2, 4, 32, 4, 0, 8, 4, 2, 4]",left,64
82,586,"[0, 0, 2, 16, 64, 8, 32, 2, 2, 4, 32, 4, 8, 4, 2, 4]",right,64
83,666,"[64, 8, 2, 16, 2, 8, 64, 2, 8, 0, 2, 8, 0, 0, 2, 0]",up,64
84,676,"[2, 0, 0, 0, 64, 0, 2, 16, 2, 0, 64, 2, 8, 16, 4, 8]",down,64
85,676,"[2, 16, 2, 16, 64, 0, 64, 2, 2, 0, 4, 8, 8, 2, 0, 0]",up,64
86,804,"[2, 16, 2, 16, 128, 2, 0, 0, 2, 4, 8, 2, 8, 2, 0, 0]",left,128
87,804,"[2, 16, 2, 16, 0, 2, 128, 2, 2, 4, 8, 2, 0, 0, 8, 2]",right,128
88,828,"[4, 16, 2, 16, 2, 2, 128, 4, 0, 4, 16, 2, 0, 0, 0, 0]",up,128
89,828,"[0, 0, 0, 0, 2, 16, 2, 16, 4, 2, 128, 4, 2, 4, 16, 2]",down,128
90,828,"[2, 16, 2, 16, 4, 2, 128, 4, 2, 4, 16, 2, 0, 0, 0, 2]",up,128
91,832,"[2, 16, 2, 16, 4, 2, 128, 4, 2, 4, 16, 4, 0, 2, 0, 0]",up,128
92,840,"[2, 16, 2, 16, 4, 2, 128, 8, 2, 4, 16, 0, 0, 2, 0, 2]",up,128
93,844,"[2, 16, 2, 16, 4, 2, 128, 8, 2, 4, 16, 2, 4, 0, 0, 0]",left,128
94,844,"[2, 16, 2, 16, 4, 2, 128, 8, 2, 4, 16, 2, 0, 2, 0, 4]",right,128
95,844,"[0, 16, 2, 16, 2, 2, 2, 8, 4, 4, 128, 2, 2, 2, 16, 4]",down,128
96,846,"[2, 16, 0, 16, 2, 2, 4, 8, 4, 4, 128, 2, 2, 2, 16, 4]",down,128
97,894,"[2, 32, 0, 0, 4, 4, 8, 0, 8, 128, 2, 2, 4, 16, 4, 0]",left,128
98,894,"[2, 32, 8, 2, 4, 4, 2, 2, 8, 128, 4, 0, 4, 16, 0, 0]",up,128
99,906,"[2, 32, 8, 2, 8, 4, 0, 0, 8, 128, 4, 0, 4, 16, 0, 2]",left,128
100,926,"[2, 32, 8, 4, 16, 4, 4, 0, 4, 128, 0, 0, 0, 16, 0, 2]",up,128
101,926,"[2, 32, 8, 4, 16, 4, 4, 2, 4, 128, 2, 0, 0, 16, 0, 0]",up,128
102,934,"[2, 32, 8, 4, 16, 8, 2, 0, 4, 128, 2, 2, 16, 0, 0, 0]",left,128
103,936,"[2, 2, 0, 0, 16, 32, 0, 0, 4, 8, 8, 4, 16, 128, 4, 2]",down,128
104,956,"[4, 2, 0, 0, 16, 32, 0, 0, 4, 16, 4, 0, 16, 128, 4, 2]",left,128
105,956,"[0, 0, 4, 2, 2, 0, 16, 32, 0, 4, 16, 4, 16, 128, 4, 2]",right,128
106,988,"[2, 4, 4, 2, 16, 128, 32, 32, 0, 2, 4, 4, 0, 0, 0, 2]",up,128
107,988,"[0, 0, 2, 2, 0, 4, 4, 32, 2, 128, 32, 4, 16, 2, 4, 2]",down,128
108,1000,"[2, 0, 0, 4, 0, 0, 8, 32, 2, 128, 32, 4, 16, 2, 4, 2]",right,128
109,1004,"[4, 128, 8, 4, 16, 2, 32, 32, 4, 0, 4, 4, 0, 0, 0, 2]",up,128
110,1004,"[0, 4, 0, 4, 4, 0, 8, 32, 16, 128, 32, 4, 4, 2, 4, 2]",down,128
111,1004,"[4, 4, 8, 4, 16, 128, 32, 32, 4, 2, 4, 4, 0, 2, 0, 2]",up,128
112,1008,"[4, 4, 8, 4, 16, 128, 32, 32, 4, 4, 4, 4, 0, 0, 4, 2]",up,128
113,1096,"[8, 8, 4, 0, 16, 128, 64, 0, 8, 8, 0, 0, 4, 2, 2, 0]",left,128
114,1096,"[8, 8, 0, 0, 16, 128, 4, 0, 8, 8, 64, 2, 4, 2, 2, 0]",down,128
115,1096,"[8, 8, 4, 2, 16, 128, 64, 0, 8, 8, 2, 0, 4, 2, 2, 0]",up,128
116,1132,"[16, 4, 2, 0, 16, 128, 64, 4, 16, 2, 0, 0, 4, 4, 0, 0]",left,128
117,1164,"[32, 4, 2, 4, 16, 128, 64, 0, 4, 2, 0, 0, 0, 4, 0, 2]",up,128
118,1164,"[32, 4, 2, 4, 16, 128, 64, 2, 4, 2, 0, 0, 0, 4, 0, 2]",up,128
119,1166,"[0, 4, 0, 0, 32, 128, 2, 0, 16, 2, 2, 4, 4, 4, 64, 4]",down,128
120,1178,"[32, 4, 4, 8, 16, 128, 64, 0, 4, 2, 0, 0, 0, 4, 0, 2]",up,128
121,1186,"[32, 8, 8, 0, 16, 128, 64, 0, 4, 2, 2, 0, 4, 2, 0, 0]",left,128
122,1206,"[32, 16, 0, 0, 16, 128, 64, 0, 4, 4, 2, 0, 4, 2, 0, 0]",left,128
123,1214,"[32, 16, 0, 0, 16, 128, 64, 4, 8, 2, 0, 0, 4, 2, 0, 0]",left,128
124,1216,"[32, 0, 0, 0, 16, 16, 0, 0, 8, 128, 0, 2, 4, 4, 64, 4]",down,128
125,1216,"[32, 16, 64, 2, 16, 128, 0, 4, 8, 4, 0, 2, 4, 0, 0, 0]",up,128
126,1216,"[32, 16, 64, 2, 16, 128, 4, 0, 8, 4, 2, 2, 4, 0, 0, 0]",left,128
127,1220,"[32, 16, 64, 2, 16, 128, 4, 0, 8, 4, 4, 0, 4, 4, 0, 0]",left,128
128,1236,"[32, 16, 64, 2, 16, 128, 8, 0, 8, 8, 2, 0, 4, 0, 0, 0]",up,128
129,1236,"[32, 0, 0, 0, 16, 16, 64, 2, 8, 128, 8, 0, 4, 8, 2, 2]",down,128
130,1272,"[32, 0, 0, 2, 32, 64, 2, 0, 8, 128, 8, 0, 4, 8, 4, 0]",left,128
131,1272,"[32, 2, 0, 0, 32, 64, 2, 0, 8, 128, 8, 2, 4, 8, 4, 0]",left,128
132,1304,"[0, 2, 0, 2, 64, 64, 2, 0, 8, 128, 8, 0, 4, 8, 4, 2]",down,128
133,1308,"[64, 2, 2, 4, 8, 64, 8, 0, 4, 128, 4, 0, 0, 8, 2, 0]",up,128
134,1312,"[64, 4, 4, 0, 8, 64, 8, 2, 4, 128, 4, 0, 8, 2, 0, 0]",left,128
135,1312,"[64, 4, 2, 0, 8, 64, 4, 0, 4, 128, 8, 0, 8, 2, 4, 2]",down,128
136,1312,"[2, 64, 4, 2, 0, 8, 64, 4, 0, 4, 128, 8, 8, 2, 4, 2]",right,128
137,1312,"[2, 64, 4, 2, 8, 64, 4, 2, 4, 128, 8, 0, 8, 2, 4, 2]",left,128
138,1382,"[2, 0, 2, 0, 8, 128, 8, 0, 4, 128, 8, 2, 8, 2, 4, 4]",down,128
139,1654,"[2, 256, 2, 2, 8, 2, 16, 4, 4, 0, 4, 0, 8, 4, 0, 0]",up,256
140,1654,"[2, 256, 2, 2, 8, 2, 16, 4, 4, 4, 4, 0, 8, 0, 2, 0]",up,256
141,1666,"[2, 256, 4, 0, 8, 2, 16, 4, 8, 4, 0, 2, 8, 2, 0, 0]",left,256
142,1666,"[2, 2, 256, 4, 8, 2, 16, 4, 0, 8, 4, 2, 0, 0, 8, 2]",right,256
143,1682,"[2, 4, 256, 8, 8, 8, 16, 4, 0, 4, 4, 0, 0, 0, 8, 0]",up,256
144,1682,"[0, 0, 256, 0, 2, 4, 16, 0, 2, 8, 4, 8, 8, 4, 8, 4]",down,256
145,1686,"[4, 4, 256, 8, 8, 8, 16, 4, 0, 4, 4, 0, 0, 0, 8, 2]",up,256
146,1686,"[4, 4, 256, 8, 8, 8, 16, 4, 2, 4, 4, 2, 0, 0, 8, 0]",up,256
147,1686,"[2, 0, 256, 0, 4, 4, 16, 8, 8, 8, 4, 4, 2, 4, 8, 2]",down,256
148,1686,"[2, 4, 256, 8, 4, 8, 16, 4, 8, 4, 4, 2, 2, 2, 8, 0]",up,256
149,1686,"[2, 4, 256, 2, 4, 8, 16, 8, 8, 4, 4, 4, 2, 2, 8, 2]",down,256
150,1698,"[2, 4, 256, 2, 4, 8, 16, 8, 0, 8, 4, 8, 2, 4, 8, 2]",right,256
151,1730,"[2, 4, 256, 2, 4, 16, 16, 16, 2, 4, 4, 2, 0, 0, 8, 4]",up,256
152,1730,"[0, 2, 256, 2, 2, 4, 16, 16, 4, 16, 4, 2, 2, 4, 8, 4]",down,256
153,1730,"[2, 2, 256, 2, 4, 4, 16, 16, 2, 16, 4, 2, 4, 4, 8, 4]",up,256
154,1782,"[2, 4, 256, 2, 0, 0, 8, 32, 2, 16, 4, 2, 0, 8, 8, 4]",right,256
155,1786,"[4, 4, 256, 2, 0, 16, 8, 32, 0, 8, 4, 2, 2, 0, 8, 4]",up,256
156,1786,"[0, 0, 256, 2, 2, 4, 8, 32, 4, 16, 4, 2, 2, 8, 8, 4]",down,256
157,1802,"[256, 2, 2, 0, 2, 4, 8, 32, 4, 16, 4, 2, 2, 16, 4, 0]",left,256
158,1806,"[256, 4, 0, 2, 2, 4, 8, 32, 4, 16, 4, 2, 2, 16, 4, 0]",left,256
159,1830,"[256, 2, 0, 0, 2, 0, 0, 2, 4, 8, 8, 32, 2, 32, 8, 2]",down,256
160,1846,"[256, 2, 16, 2, 2, 8, 4, 32, 4, 32, 0, 2, 2, 0, 0, 0]",up,256
161,1846,"[256, 2, 0, 0, 2, 2, 0, 2, 4, 8, 16, 32, 2, 32, 4, 2]",down,256
162,1850,"[256, 2, 0, 0, 4, 2, 0, 2, 4, 8, 16, 32, 2, 32, 4, 2]",left,256
163,1856,"[2, 0, 0, 0, 256, 4, 0, 2, 8, 8, 16, 32, 2, 32, 4, 2]",down,256
164,1872,"[2, 0, 4, 0, 256, 4, 2, 0, 16, 16, 32, 0, 2, 32, 4, 2]",left,256
165,1872,"[2, 4, 4, 2, 256, 16, 2, 0, 16, 32, 32, 0, 2, 0, 4, 2]",up,256
166,1876,"[2, 4, 4, 4, 256, 16, 2, 2, 16, 32, 32, 0, 2, 0, 4, 0]",up,256
167,1876,"[2, 2, 4, 0, 256, 4, 2, 0, 16, 16, 32, 4, 2, 32, 4, 2]",down,256
168,1876,"[2, 2, 4, 4, 256, 4, 2, 2, 16, 16, 32, 2, 2, 32, 4, 0]",up,256
169,1924,"[0, 0, 4, 8, 0, 256, 4, 4, 2, 32, 32, 2, 0, 2, 32, 4]",right,256
170,1996,"[2, 256, 8, 8, 0, 32, 64, 4, 0, 2, 0, 2, 0, 2, 0, 4]",up,256
171,2016,"[2, 256, 16, 0, 32, 64, 4, 0, 4, 0, 0, 2, 2, 4, 0, 0]",left,256
172,2016,"[2, 256, 16, 0, 32, 64, 4, 0, 4, 2, 0, 0, 2, 4, 0, 2]",left,256
173,2016,"[0, 2, 256, 16, 0, 32, 64, 4, 2, 0, 4, 2, 0, 2, 4, 2]",right,256
174,2016,"[2, 256, 16, 0, 32, 64, 4, 2, 2, 4, 2, 0, 2, 4, 2, 0]",left,256
175,2032,"[2, 256, 16, 2, 32, 64, 4, 2, 4, 8, 4, 0, 0, 0, 0, 0]",up,256
176,2044,"[2, 256, 16, 4, 32, 64, 8, 2, 4, 8, 0, 0, 0, 0, 0, 0]",up,256
177,2044,"[0, 0, 0, 0, 2, 256, 0, 4, 32, 64, 16, 4, 4, 8, 8, 2]",down,256
178,2060,"[0, 0, 2, 0, 2, 256, 4, 0, 32, 64, 16, 4, 4, 16, 2, 0]",left,256
179,2060,"[2, 0, 0, 0, 2, 256, 4, 2, 32, 64, 16, 4, 4, 16, 2, 0]",left,256
180,2060,"[0, 0, 0, 2, 2, 256, 4, 2, 32, 64, 16, 4, 2, 4, 16, 2]",right,256
181,2078,"[2, 0, 0, 0, 2, 256, 0, 4, 32, 64, 4, 4, 2, 4, 32, 2]",down,256
182,2090,"[4, 256, 4, 8, 32, 64, 32, 2, 2, 4, 0, 0, 0, 0, 2, 0]",up,256
183,2090,"[4, 256, 4, 8, 32, 64, 32, 2, 2, 4, 2, 0, 2, 0, 0, 0]",left,256
184,2092,"[0, 4, 0, 0, 4, 256, 4, 0, 32, 64, 32, 8, 4, 4, 2, 2]",down,256
185,2092,"[4, 4, 4, 8, 32, 256, 32, 2, 4, 64, 2, 0, 0, 4, 0, 2]",up,256
186,2096,"[4, 4, 4, 8, 32, 256, 32, 4, 4, 64, 2, 0, 0, 4, 2, 0]",up,256
187,2098,"[0, 4, 2, 0, 4, 256, 4, 0, 32, 64, 32, 8, 4, 4, 4, 4]",down,256
188,2098,"[4, 4, 2, 8, 32, 256, 4, 4, 4, 64, 32, 2, 0, 4, 4, 0]",up,256
189,2122,"[8, 2, 8, 0, 32, 256, 8, 0, 4, 64, 32, 2, 8, 2, 0, 0]",left,256
190,2122,"[0, 8, 2, 8, 0, 32, 256, 8, 4, 64, 32, 2, 2, 0, 8, 2]",right,256
191,2142,"[4, 8, 2, 16, 2, 32, 256, 4, 0, 64, 32, 0, 0, 2, 8, 0]",up,256
192,2142,"[0, 8, 2, 0, 2, 32, 256, 0, 4, 64, 32, 16, 2, 2, 8, 4]",down,256
193,2146,"[8, 2, 0, 0, 2, 32, 256, 0, 4, 64, 32, 16, 4, 8, 4, 2]",left,256
194,2146,"[2, 0, 8, 2, 0, 2, 32, 256, 4, 64, 32, 16, 4, 8, 4, 2]",right,256
195,2146,"[2, 8, 2, 2, 2, 32, 256, 0, 4, 64, 32, 16, 4, 8, 4, 2]",left,256
196,2150,"[0, 2, 8, 4, 2, 2, 32, 256, 4, 64, 32, 16, 4, 8, 4, 2]",right,256
197,2226,"[2, 4, 8, 4, 8, 64, 64, 256, 0, 8, 4, 16, 0, 2, 0, 2]",up,256
198,2226,"[0, 4, 0, 4, 4, 64, 8, 256, 2, 8, 64, 16, 8, 2, 4, 2]",down,256
199,2226,"[4, 4, 8, 4, 2, 64, 64, 256, 8, 8, 4, 16, 2, 2, 0, 2]",up,256
200,2226,"[4, 4, 2, 4, 2, 64, 8, 256, 8, 8, 64, 16, 2, 2, 4, 2]",down,256
201,2254,"[8, 2, 4, 2, 2, 64, 8, 256, 16, 64, 16, 0, 4, 4, 2, 0]",left,256
202,2262,"[8, 2, 4, 2, 2, 64, 8, 256, 16, 64, 16, 2, 8, 2, 0, 0]",left,256
203,2262,"[8, 2, 4, 2, 2, 64, 8, 256, 16, 64, 16, 2, 2, 0, 8, 2]",right,256
204,2394,"[8, 2, 4, 2, 2, 128, 8, 256, 16, 2, 16, 4, 2, 0, 8, 0]",up,256
205,2394,"[8, 0, 4, 2, 2, 2, 8, 2, 16, 128, 16, 256, 2, 2, 8, 4]",down,256
206,2396,"[8, 0, 4, 2, 2, 2, 8, 4, 16, 128, 16, 256, 2, 2, 8, 4]",down,256
207,2404,"[8, 4, 2, 2, 4, 8, 4, 0, 16, 128, 16, 256, 4, 8, 4, 0]",left,256
208,2404,"[8, 4, 2, 2, 4, 8, 4, 256, 16, 128, 16, 0, 4, 8, 4, 2]",up,256
209,2408,"[2, 8, 4, 4, 4, 8, 4, 256, 0, 16, 128, 16, 4, 8, 4, 2]",right,256
210,2424,"[0, 2, 0, 4, 0, 16, 8, 256, 2, 16, 128, 16, 8, 8, 4, 2]",down,256
211,2440,"[0, 0, 2, 4, 0, 2, 8, 256, 2, 32, 128, 16, 8, 8, 4, 2]",down,256
212,2440,"[2, 2, 2, 4, 8, 32, 8, 256, 2, 8, 128, 16, 0, 0, 4, 2]",up,256
213,2444,"[0, 2, 4, 4, 8, 32, 8, 256, 2, 8, 128, 16, 0, 2, 4, 2]",right,256
214,2444,"[8, 2, 4, 4, 2, 32, 8, 256, 2, 8, 128, 16, 0, 2, 4, 2]",up,256
215,2452,"[8, 2, 8, 2, 2, 32, 8, 256, 2, 8, 128, 16, 2, 4, 2, 0]",left,256
216,2472,"[8, 2, 16, 2, 4, 32, 128, 256, 2, 8, 2, 16, 0, 4, 0, 2]",up,256
217,2472,"[0, 2, 4, 2, 8, 32, 16, 256, 4, 8, 128, 16, 2, 4, 2, 2]",down,256
218,2476,"[2, 4, 2, 2, 8, 32, 16, 256, 4, 8, 128, 16, 2, 4, 4, 0]",left,256
219,2488,"[2, 4, 4, 0, 8, 32, 16, 256, 4, 8, 128, 16, 2, 8, 2, 0]",left,256
220,2504,"[2, 4, 4, 256, 8, 32, 16, 16, 4, 16, 128, 0, 2, 0, 2, 2]",up,256
221,2504,"[2, 4, 4, 256, 8, 32, 16, 16, 4, 16, 128, 2, 2, 2, 2, 0]",up,256
222,2504,"[2, 4, 4, 2, 8, 32, 16, 256, 4, 16, 128, 16, 2, 2, 2, 2]",down,256
223,2520,"[2, 8, 2, 0, 8, 32, 16, 256, 4, 16, 128, 16, 4, 4, 0, 2]",left,256
224,2528,"[2, 8, 2, 256, 8, 32, 16, 16, 8, 16, 128, 2, 0, 4, 2, 0]",up,256
225,2560,"[2, 8, 2, 256, 0, 8, 32, 32, 8, 16, 128, 2, 2, 0, 4, 2]",right,256
226,2570,"[0, 0, 2, 0, 2, 2, 32, 256, 8, 16, 128, 32, 2, 16, 4, 4]",down,256
227,2582,"[2, 0, 0, 0, 4, 32, 256, 2, 8, 16, 128, 32, 2, 16, 8, 0]",left,256
228,2614,"[2, 32, 256, 2, 4, 32, 128, 32, 8, 0, 8, 0, 2, 0, 2, 0]",up,256
229,2678,"[2, 64, 256, 2, 4, 0, 128, 32, 8, 2, 8, 0, 2, 0, 2, 0]",up,256
230,2678,"[2, 64, 256, 2, 4, 2, 128, 32, 8, 0, 8, 0, 2, 0, 2, 2]",up,256
231,2678,"[2, 0, 256, 0, 4, 2, 128, 2, 8, 64, 8, 32, 2, 2, 2, 2]",down,256
232,2686,"[2, 256, 2, 0, 4, 2, 128, 2, 8, 64, 8, 32, 4, 4, 0, 0]",left,256
233,2686,"[2, 256, 0, 0, 4, 2, 2, 2, 8, 64, 128, 2, 4, 4, 8, 32]",down,256
234,2688,"[2, 256, 0, 0, 4, 2, 2, 2, 8, 64, 128, 4, 4, 4, 8, 32]",down,256
235,2688,"[2, 256, 2, 2, 4, 2, 128, 4, 8, 64, 8, 32, 4, 4, 2, 0]",up,256
236,2700,"[2, 256, 4, 0, 4, 2, 128, 4, 8, 64, 8, 32, 8, 2, 2, 0]",left,256
237,2704,"[2, 256, 4, 0, 4, 2, 128, 4, 8, 64, 8, 32, 8, 4, 4, 0]",left,256
238,2712,"[0, 256, 4, 2, 2, 2, 128, 0, 4, 64, 8, 4, 16, 4, 4, 32]",down,256
239,2712,"[2, 256, 4, 0, 2, 2, 128, 2, 4, 64, 8, 4, 16, 4, 4, 32]",down,256
240,2714,"[0, 256, 4, 2, 4, 2, 128, 2, 4, 64, 8, 4, 16, 4, 4, 32]",down,256
241,2722,"[256, 4, 2, 2, 4, 2, 128, 2, 4, 64, 8, 4, 16, 8, 32, 0]",left,256
242,2728,"[0, 4, 2, 2, 256, 2, 128, 0, 8, 64, 8, 4, 16, 8, 32, 4]",down,256
243,2732,"[0, 4, 2, 0, 256, 2, 128, 2, 8, 64, 8, 2, 16, 8, 32, 8]",down,256
244,2732,"[4, 2, 2, 0, 256, 2, 128, 2, 8, 64, 8, 2, 16, 8, 32, 8]",left,256
245,2736,"[0, 2, 4, 4, 256, 2, 128, 2, 8, 64, 8, 2, 16, 8, 32, 8]",right,256
246,2744,"[256, 4, 4, 4, 8, 64, 128, 4, 16, 8, 8, 8, 0, 0, 32, 2]",up,256
247,2768,"[256, 8, 4, 0, 8, 64, 128, 4, 16, 16, 8, 2, 32, 2, 0, 0]",left,256
248,2768,"[256, 8, 4, 4, 8, 64, 128, 2, 16, 16, 8, 0, 32, 2, 2, 0]",up,256
249,2812,"[0, 256, 8, 8, 8, 64, 128, 2, 0, 0, 32, 8, 0, 2, 32, 4]",right,256
250,2828,"[256, 16, 0, 2, 8, 64, 128, 2, 32, 8, 0, 0, 2, 32, 4, 0]",left,256
251,2832,"[256, 16, 128, 4, 8, 64, 4, 2, 32, 8, 0, 0, 2, 32, 0, 0]",up,256
252,2832,"[256, 16, 128, 4, 8, 64, 4, 2, 0, 0, 32, 8, 2, 0, 2, 32]",right,256
253,2832,"[256, 16, 128, 4, 8, 64, 4, 2, 2, 0, 32, 8, 0, 2, 2, 32]",up,256
254,2832,"[256, 16, 128, 4, 8, 64, 4, 2, 2, 2, 32, 8, 0, 2, 2, 32]",up,256
255,2840,"[256, 16, 128, 4, 8, 64, 4, 2, 4, 32, 8, 0, 4, 32, 0, 2]",left,256
256,2916,"[256, 16, 128, 4, 8, 64, 4, 4, 8, 64, 8, 0, 0, 0, 0, 2]",up,256
257,2924,"[256, 16, 128, 4, 8, 64, 8, 0, 8, 64, 8, 2, 2, 0, 0, 0]",left,256
258,3084,"[256, 16, 128, 4, 16, 128, 16, 2, 2, 0, 0, 0, 0, 2, 0, 0]",up,256
259,3084,"[4, 0, 0, 0, 256, 16, 0, 0, 16, 128, 128, 4, 2, 2, 16, 2]",down,256
260,3084,"[4, 16, 128, 4, 256, 128, 16, 2, 16, 2, 0, 0, 2, 0, 0, 4]",up,256
261,3084,"[4, 16, 128, 4, 256, 128, 16, 2, 16, 2, 0, 0, 2, 4, 0, 2]",left,256
262,3084,"[4, 16, 128, 4, 256, 128, 16, 2, 16, 2, 2, 0, 2, 4, 2, 0]",left,256
263,3086,"[4, 16, 0, 2, 256, 128, 128, 0, 16, 2, 16, 4, 2, 4, 4, 2]",down,256
264,3350,"[4, 16, 2, 2, 256, 256, 0, 0, 16, 2, 16, 4, 2, 8, 2, 0]",left,256
265,3350,"[4, 16, 2, 2, 256, 256, 16, 4, 16, 2, 2, 0, 2, 8, 0, 2]",up,256
266,3350,"[4, 16, 2, 2, 256, 256, 16, 4, 16, 2, 2, 2, 2, 8, 0, 2]",up,256
267,3354,"[4, 16, 2, 2, 256, 256, 16, 4, 16, 2, 2, 4, 2, 8, 2, 0]",up,256
268,3874,"[4, 16, 4, 2, 512, 16, 4, 0, 16, 4, 4, 0, 2, 8, 2, 0]",left,512
269,3882,"[4, 16, 4, 2, 512, 16, 4, 2, 16, 8, 0, 0, 2, 8, 2, 0]",left,512
270,3912,"[4, 0, 0, 0, 512, 0, 0, 2, 16, 32, 8, 0, 2, 16, 2, 4]",down,512
271,3912,"[0, 0, 2, 4, 0, 0, 512, 2, 0, 16, 32, 8, 2, 16, 2, 4]",right,512
272,3912,"[2, 4, 0, 4, 512, 2, 0, 0, 16, 32, 8, 0, 2, 16, 2, 4]",left,512
273,3920,"[2, 4, 8, 8, 512, 2, 2, 2, 16, 32, 0, 0, 2, 16, 0, 0]",up,512
274,3920,"[2, 4, 0, 2, 512, 2, 0, 0, 16, 32, 8, 8, 2, 16, 2, 2]",down,512
275,3920,"[2, 4, 8, 2, 512, 2, 2, 8, 16, 32, 0, 2, 2, 16, 2, 0]",up,512
276,3924,"[2, 4, 8, 2, 512, 4, 8, 2, 16, 32, 2, 0, 2, 16, 2, 0]",left,512
277,3924,"[2, 4, 8, 2, 512, 4, 8, 2, 0, 16, 32, 2, 2, 2, 16, 2]",right,512
278,3956,"[2, 8, 16, 4, 512, 16, 32, 4, 2, 2, 16, 0, 0, 0, 0, 2]",up,512
279,3964,"[2, 8, 16, 8, 512, 16, 32, 2, 2, 2, 16, 0, 2, 0, 0, 0]",up,512
280,3968,"[2, 8, 16, 8, 512, 16, 32, 2, 4, 16, 0, 0, 2, 0, 4, 0]",left,512
281,4000,"[2, 8, 16, 8, 512, 32, 32, 2, 4, 0, 4, 0, 2, 0, 0, 2]",up,512
282,4076,"[2, 8, 16, 8, 512, 64, 2, 2, 8, 0, 0, 0, 4, 0, 0, 0]",left,512
283,4076,"[2, 0, 0, 2, 512, 0, 0, 0, 8, 8, 16, 8, 4, 64, 2, 2]",down,512
284,4100,"[4, 0, 0, 0, 512, 0, 0, 0, 16, 16, 8, 2, 4, 64, 4, 0]",left,512
285,4100,"[4, 2, 0, 0, 512, 0, 0, 0, 16, 16, 8, 0, 4, 64, 4, 2]",down,512
286,4100,"[4, 2, 8, 2, 512, 16, 4, 0, 16, 64, 0, 0, 4, 0, 2, 0]",up,512
287,4100,"[4, 2, 8, 2, 512, 16, 4, 0, 16, 64, 2, 0, 4, 0, 0, 2]",up,512
288,4104,"[4, 2, 8, 4, 512, 16, 4, 4, 16, 64, 2, 0, 4, 0, 0, 0]",up,512
289,4112,"[4, 2, 8, 4, 512, 16, 8, 0, 16, 64, 2, 2, 4, 0, 0, 0]",left,512
290,4128,"[4, 2, 16, 4, 512, 16, 2, 2, 16, 64, 0, 2, 4, 0, 0, 0]",up,512
291,4132,"[4, 2, 16, 4, 512, 16, 2, 4, 16, 64, 0, 0, 4, 2, 0, 0]",up,512
292,4132,"[4, 2, 16, 4, 512, 16, 2, 4, 0, 2, 16, 64, 0, 0, 4, 2]",right,512
293,4140,"[4, 2, 16, 8, 512, 16, 2, 64, 0, 2, 16, 2, 0, 4, 4, 0]",up,512
294,4140,"[0, 2, 16, 2, 0, 16, 2, 8, 4, 2, 16, 64, 512, 4, 4, 2]",down,512
295,4148,"[2, 16, 2, 2, 16, 2, 8, 0, 4, 2, 16, 64, 512, 8, 2, 0]",left,512
296,4150,"[2, 0, 2, 2, 16, 16, 8, 0, 4, 4, 16, 2, 512, 8, 2, 64]",down,512
297,4194,"[0, 0, 2, 4, 0, 2, 32, 8, 0, 8, 16, 2, 512, 8, 2, 64]",right,512
298,4210,"[512, 2, 2, 4, 0, 16, 32, 8, 4, 0, 16, 2, 0, 0, 2, 64]",up,512
299,4214,"[0, 512, 4, 4, 0, 16, 32, 8, 0, 4, 16, 2, 2, 0, 2, 64]",right,512
300,4214,"[0, 0, 4, 4, 2, 512, 32, 8, 0, 16, 16, 2, 2, 4, 2, 64]",down,512
301,4218,"[4, 512, 4, 4, 2, 16, 32, 8, 0, 4, 16, 2, 0, 0, 2, 64]",up,512
302,4218,"[0, 0, 4, 4, 2, 512, 32, 8, 4, 16, 16, 2, 2, 4, 2, 64]",down,512
303,4218,"[2, 512, 4, 4, 4, 16, 32, 8, 2, 4, 16, 2, 0, 2, 2, 64]",up,512
304,4218,"[2, 512, 4, 4, 2, 16, 32, 8, 4, 4, 16, 2, 2, 2, 2, 64]",down,512
305,4238,"[2, 512, 8, 0, 2, 16, 32, 8, 8, 16, 2, 4, 4, 2, 64, 0]",left,512
306,4238,"[0, 2, 512, 8, 2, 16, 32, 8, 8, 16, 2, 4, 2, 4, 2, 64]",right,512
307,4290,"[2, 2, 512, 16, 8, 32, 32, 4, 2, 4, 4, 64, 0, 0, 2, 0]",up,512
308,4366,"[4, 512, 16, 0, 8, 64, 4, 0, 2, 8, 64, 2, 2, 0, 0, 0]",left,512
309,4366,"[2, 4, 512, 16, 0, 8, 64, 4, 2, 8, 64, 2, 0, 0, 0, 2]",right,512
310,4442,"[0, 0, 0, 0, 0, 0, 0, 16, 2, 4, 512, 4, 4, 16, 128, 4]",down,512
311,4450,"[2, 4, 512, 16, 4, 16, 128, 8, 0, 0, 0, 0, 2, 0, 0, 0]",up,512
312,4450,"[0, 0, 0, 2, 2, 0, 0, 0, 4, 4, 512, 16, 2, 16, 128, 8]",down,512
313,4450,"[0, 0, 0, 0, 2, 0, 4, 2, 4, 4, 512, 16, 2, 16, 128, 8]",down,512
314,4458,"[0, 0, 0, 2, 0, 2, 4, 2, 0, 8, 512, 16, 2, 16, 128, 8]",right,512
315,4462,"[2, 2, 4, 4, 0, 8, 512, 16, 0, 16, 128, 8, 0, 0, 0, 2]",up,512
316,4474,"[4, 8, 0, 0, 8, 512, 16, 0, 16, 128, 8, 2, 2, 0, 0, 0]",left,512
317,4474,"[4, 8, 16, 2, 8, 512, 8, 0, 16, 128, 0, 0, 2, 0, 2, 0]",up,512
318,4474,"[4, 8, 16, 2, 8, 512, 8, 0, 16, 128, 2, 0, 2, 4, 0, 0]",up,512
319,4474,"[4, 8, 16, 2, 0, 8, 512, 8, 2, 16, 128, 2, 0, 0, 2, 4]",right,512
320,4482,"[0, 0, 16, 2, 0, 2, 512, 8, 4, 16, 128, 2, 2, 16, 2, 4]",down,512
321,4482,"[16, 2, 0, 0, 2, 512, 8, 2, 4, 16, 128, 2, 2, 16, 2, 4]",left,512
322,4500,"[16, 0, 0, 0, 2, 2, 8, 4, 4, 512, 128, 4, 2, 32, 2, 4]",down,512
323,4508,"[16, 2, 8, 8, 2, 512, 128, 4, 4, 32, 2, 0, 2, 2, 0, 0]",up,512
324,4528,"[16, 2, 16, 0, 2, 512, 128, 4, 4, 32, 2, 0, 4, 0, 0, 2]",left,512
325,4528,"[16, 2, 16, 0, 2, 512, 128, 4, 4, 32, 2, 0, 4, 2, 0, 4]",left,512
326,4544,"[16, 2, 16, 8, 2, 512, 128, 0, 8, 32, 2, 0, 0, 2, 2, 0]",up,512
327,4546,"[0, 2, 0, 4, 16, 512, 16, 0, 2, 32, 128, 0, 8, 2, 4, 8]",down,512
328,4546,"[2, 0, 2, 4, 0, 16, 512, 16, 0, 2, 32, 128, 8, 2, 4, 8]",right,512
329,4550,"[0, 2, 4, 4, 0, 16, 512, 16, 0, 2, 32, 128, 8, 2, 4, 8]",right,512
330,4554,"[8, 2, 4, 4, 2, 16, 512, 16, 0, 4, 32, 128, 0, 0, 4, 8]",up,512
331,4554,"[0, 0, 4, 4, 2, 2, 512, 16, 8, 16, 32, 128, 2, 4, 4, 8]",down,512
332,4574,"[8, 0, 0, 0, 4, 512, 16, 2, 8, 16, 32, 128, 2, 8, 8, 0]",left,512
333,4574,"[8, 512, 16, 2, 4, 16, 32, 128, 8, 8, 8, 0, 2, 2, 0, 0]",up,512
334,4574,"[8, 512, 0, 0, 4, 16, 16, 2, 8, 8, 32, 2, 2, 2, 8, 128]",down,512
335,4626,"[8, 512, 0, 0, 4, 32, 2, 2, 16, 32, 2, 0, 4, 8, 128, 0]",left,512
336,4694,"[8, 512, 4, 2, 4, 64, 128, 0, 16, 8, 0, 0, 4, 0, 0, 2]",up,512
337,4694,"[8, 512, 4, 2, 0, 4, 64, 128, 0, 0, 16, 8, 0, 2, 4, 2]",right,512
338,4694,"[8, 512, 4, 2, 4, 64, 128, 0, 16, 8, 2, 0, 2, 4, 2, 0]",left,512
339,4696,"[8, 512, 0, 0, 4, 64, 4, 2, 16, 8, 128, 0, 2, 4, 4, 2]",down,512
340,4700,"[8, 512, 4, 4, 4, 64, 128, 0, 16, 8, 4, 2, 2, 4, 0, 0]",up,512
341,4700,"[8, 512, 0, 0, 4, 64, 4, 2, 16, 8, 128, 4, 2, 4, 4, 2]",down,512
342,4708,"[8, 512, 0, 2, 4, 64, 4, 2, 16, 8, 128, 4, 2, 8, 2, 0]",left,512
343,4708,"[8, 512, 2, 4, 4, 64, 4, 2, 16, 8, 128, 4, 2, 8, 2, 0]",left,512
344,4724,"[8, 512, 2, 4, 4, 64, 4, 2, 16, 16, 128, 4, 2, 0, 2, 2]",up,512
345,4760,"[8, 512, 2, 4, 4, 64, 4, 2, 0, 32, 128, 4, 2, 0, 2, 4]",right,512
346,4764,"[8, 512, 2, 4, 4, 64, 4, 2, 32, 128, 4, 0, 4, 4, 0, 2]",left,512
347,4776,"[8, 512, 2, 4, 4, 64, 8, 4, 32, 128, 2, 0, 4, 4, 0, 0]",up,512
348,4784,"[8, 512, 2, 8, 4, 64, 8, 0, 32, 128, 2, 2, 4, 4, 0, 0]",up,512
349,4784,"[8, 512, 2, 8, 4, 64, 8, 2, 32, 128, 2, 0, 4, 4, 2, 0]",up,512
350,4788,"[8, 512, 2, 8, 4, 64, 8, 2, 32, 128, 4, 0, 4, 4, 0, 2]",up,512
351,4792,"[8, 512, 2, 8, 4, 64, 8, 4, 32, 128, 4, 2, 4, 4, 0, 0]",up,512
352,4792,"[8, 512, 2, 0, 4, 64, 2, 8, 32, 128, 8, 4, 4, 4, 4, 2]",down,512
353,4794,"[8, 512, 0, 2, 4, 64, 4, 8, 32, 128, 8, 4, 4, 4, 4, 2]",down,512
354,4794,"[8, 512, 4, 2, 4, 64, 8, 8, 32, 128, 4, 4, 4, 4, 2, 2]",up,512
355,4830,"[8, 512, 4, 2, 0, 4, 64, 16, 0, 32, 128, 8, 2, 0, 8, 4]",right,512
356,4830,"[8, 512, 4, 2, 0, 4, 64, 16, 0, 32, 128, 8, 2, 2, 8, 4]",right,512
357,4830,"[2, 512, 4, 2, 0, 4, 64, 16, 8, 32, 128, 8, 2, 2, 8, 4]",down,512
358,4830,"[2, 512, 4, 2, 8, 4, 64, 16, 2, 32, 128, 8, 2, 2, 8, 4]",up,512
359,4834,"[2, 512, 4, 2, 8, 4, 64, 16, 4, 32, 128, 8, 2, 2, 8, 4]",up,512
360,4838,"[2, 512, 4, 2, 8, 4, 64, 16, 4, 32, 128, 8, 4, 8, 4, 2]",left,512
361,4846,"[2, 512, 4, 2, 8, 4, 64, 16, 8, 32, 128, 8, 2, 8, 4, 2]",up,512
362,4862,"[2, 512, 4, 2, 16, 4, 64, 16, 2, 32, 128, 8, 2, 8, 4, 2]",up,512
363,4866,"[2, 512, 4, 2, 16, 4, 64, 16, 4, 32, 128, 8, 2, 8, 4, 2]",up,512
1,0,"[4, 0, 0, 0, 0, 0, 0, 0, 0, 0, 0, 0, 0, 0, 2, 0]",up,4
2,0,"[4, 0, 2, 0, 0, 0, 2, 0, 0, 0, 0, 0, 0, 0, 0, 0]",up,4
3,4,"[4, 0, 4, 0, 0, 0, 0, 0, 0, 2, 0, 0, 0, 0, 0, 0]",up,4
4,12,"[8, 0, 0, 0, 0, 0, 0, 0, 2, 2, 0, 0, 0, 0, 0, 0]",left,8
5,12,"[8, 2, 0, 0, 2, 0, 0, 0, 0, 0, 0, 0, 0, 0, 0, 2]",up,8
6,12,"[8, 2, 0, 2, 2, 2, 0, 0, 0, 0, 0, 0, 0, 0, 0, 0]",up,8
7,20,"[8, 4, 2, 0, 4, 0, 0, 0, 0, 0, 0, 0, 0, 0, 0, 0]",left,8
8,20,"[0, 0, 0, 0, 0, 0, 4, 0, 8, 0, 0, 0, 4, 4, 2, 0]",down,8
9,20,"[8, 4, 4, 2, 4, 0, 2, 0, 0, 0, 0, 0, 0, 0, 0, 0]",up,8
10,20,"[0, 0, 0, 0, 2, 0, 0, 0, 8, 0, 4, 0, 4, 4, 2, 2]",down,8
11,20,"[2, 4, 4, 2, 8, 0, 2, 2, 4, 0, 0, 0, 0, 0, 0, 0]",up,8
12,32,"[2, 8, 2, 2, 8, 4, 0, 0, 4, 0, 0, 0, 0, 0, 0, 0]",left,8
13,32,"[2, 0, 0, 0, 2, 0, 0, 0, 8, 8, 0, 0, 4, 4, 2, 2]",down,8
14,36,"[4, 8, 2, 2, 8, 4, 2, 0, 4, 0, 0, 0, 0, 0, 0, 0]",up,8
15,40,"[4, 8, 4, 0, 8, 4, 2, 0, 4, 0, 2, 0, 0, 0, 0, 0]",left,8
16,42,"[2, 0, 0, 0, 4, 0, 0, 0, 8, 8, 4, 0, 4, 4, 4, 0]",down,8
17,66,"[0, 0, 0, 2, 2, 0, 0, 4, 0, 0, 16, 4, 0, 0, 4, 8]",right,16
18,66,"[2, 0, 0, 0, 2, 4, 0, 0, 16, 4, 0, 0, 4, 8, 2, 0]",left,16
19,72,"[0, 0, 0, 2, 4, 0, 0, 0, 16, 8, 0, 0, 4, 8, 2, 0]",down,16
20,72,"[0, 0, 0, 2, 2, 0, 0, 4, 0, 0, 16, 8, 0, 4, 8, 2]",right,16
21,72,"[2, 0, 0, 0, 2, 4, 0, 0, 16, 8, 0, 0, 4, 8, 2, 2]",left,16
22,92,"[4, 4, 2, 2, 16, 16, 2, 0, 4, 0, 0, 0, 0, 0, 0, 0]",up,16
23,136,"[8, 4, 0, 0, 32, 2, 0, 0, 4, 0, 0, 0, 0, 2, 0, 0]",left,32
24,136,"[8, 4, 0, 0, 32, 2, 2, 0, 4, 0, 0, 0, 2, 0, 0, 0]",left,32
25,136,"[8, 4, 2, 0, 32, 2, 2, 0, 4, 0, 0, 0, 2, 0, 0, 0]",up,32
26,140,"[8, 4, 4, 0, 32, 2, 0, 0, 4, 0, 0, 0, 2, 0, 0, 2]",up,32
27,140,"[8, 4, 4, 2, 32, 2, 0, 0, 4, 0, 2, 0, 2, 0, 0, 0]",up,32
28,140,"[8, 4, 4, 2, 32, 2, 2, 0, 4, 0, 4, 0, 2, 0, 0, 0]",up,32
29,160,"[8, 8, 2, 0, 32, 4, 0, 0, 8, 0, 0, 0, 2, 0, 2, 0]",left,32
30,180,"[16, 2, 0, 0, 32, 4, 0, 0, 8, 0, 0, 4, 4, 0, 0, 0]",left,32
31,180,"[16, 2, 2, 4, 32, 4, 0, 0, 8, 0, 0, 0, 4, 0, 0, 0]",up,32
32,180,"[16, 0, 0, 0, 32, 2, 0, 0, 8, 2, 0, 0, 4, 4, 2, 4]",down,32
33,188,"[16, 0, 0, 0, 32, 2, 0, 0, 8, 2, 0, 2, 8, 2, 4, 0]",left,32
34,192,"[0, 0, 0, 16, 0, 0, 32, 2, 2, 0, 8, 4, 0, 8, 2, 4]",right,32
35,192,"[0, 0, 0, 16, 0, 0, 32, 2, 2, 2, 8, 4, 0, 8, 2, 4]",right,32
36,196,"[2, 0, 0, 0, 0, 0, 32, 16, 0, 2, 8, 2, 2, 8, 2, 8]",down,32
37,196,"[2, 0, 0, 0, 32, 16, 0, 0, 2, 8, 2, 2, 2, 8, 2, 8]",left,32
38,208,"[0, 2, 0, 0, 2, 0, 0, 0, 32, 16, 0, 2, 4, 16, 4, 8]",down,32
39,208,"[2, 0, 0, 0, 2, 0, 2, 0, 32, 16, 2, 0, 4, 16, 4, 8]",left,32
40,228,"[0, 0, 0, 0, 4, 0, 2, 0, 32, 0, 4, 0, 4, 32, 4, 8]",down,32
41,236,"[4, 32, 2, 8, 32, 2, 8, 0, 4, 0, 0, 0, 0, 0, 0, 0]",up,32
42,236,"[2, 0, 0, 0, 4, 0, 0, 0, 32, 32, 2, 0, 4, 2, 8, 8]",down,32
43,236,"[2, 32, 2, 8, 4, 2, 8, 0, 32, 0, 0, 0, 4, 0, 4, 0]",up,32
44,236,"[2, 32, 2, 8, 4, 2, 8, 0, 32, 0, 4, 0, 4, 0, 4, 0]",up,32
45,244,"[2, 32, 2, 8, 4, 2, 8, 0, 32, 0, 8, 0, 4, 2, 0, 0]",up,32
46,254,"[2, 0, 2, 0, 4, 0, 0, 0, 32, 32, 2, 0, 4, 4, 16, 8]",down,32
47,330,"[4, 0, 0, 0, 4, 2, 0, 0, 64, 2, 0, 0, 8, 16, 8, 0]",left,64
48,330,"[0, 0, 0, 4, 2, 0, 4, 2, 0, 0, 64, 2, 0, 8, 16, 8]",right,64
49,334,"[2, 8, 4, 4, 0, 0, 64, 4, 0, 2, 16, 8, 0, 0, 0, 0]",up,64
50,338,"[0, 0, 0, 0, 0, 4, 4, 0, 0, 8, 64, 8, 2, 2, 16, 8]",down,64
51,354,"[2, 4, 4, 16, 0, 8, 64, 0, 0, 2, 16, 0, 0, 2, 0, 0]",up,64
52,358,"[2, 4, 4, 16, 0, 8, 64, 0, 0, 4, 16, 0, 2, 0, 0, 0]",up,64
53,362,"[4, 4, 4, 16, 2, 8, 64, 0, 0, 4, 16, 0, 0, 0, 0, 0]",up,64
54,362,"[0, 0, 0, 0, 0, 4, 4, 0, 4, 8, 64, 2, 2, 4, 16, 16]",down,64
55,362,"[4, 4, 4, 2, 2, 8, 64, 16, 0, 4, 16, 2, 0, 0, 0, 0]",up,64
56,370,"[0, 4, 8, 2, 2, 8, 64, 16, 0, 4, 16, 2, 0, 0, 2, 0]",right,64
57,370,"[4, 8, 2, 0, 2, 8, 64, 16, 4, 16, 2, 0, 2, 0, 2, 0]",left,64
58,380,"[4, 0, 0, 0, 2, 2, 2, 0, 4, 16, 64, 0, 2, 16, 4, 16]",down,64
59,412,"[4, 2, 2, 16, 2, 32, 64, 0, 4, 0, 4, 0, 2, 0, 2, 0]",up,64
60,428,"[4, 4, 16, 0, 2, 32, 64, 0, 8, 0, 2, 0, 4, 0, 0, 0]",left,64
61,436,"[8, 16, 0, 0, 2, 32, 64, 0, 8, 2, 0, 0, 4, 0, 2, 0]",left,64
62,436,"[8, 0, 0, 0, 2, 16, 0, 0, 8, 32, 64, 0, 4, 2, 2, 2]",down,64
63,436,"[8, 16, 64, 2, 2, 32, 2, 0, 8, 2, 0, 0, 4, 2, 0, 0]",up,64
64,436,"[8, 16, 64, 2, 2, 2, 32, 2, 0, 0, 8, 2, 0, 0, 4, 2]",right,64
65,440,"[0, 0, 64, 0, 0, 4, 32, 0, 8, 16, 8, 4, 2, 2, 4, 4]",down,64
66,452,"[64, 0, 0, 0, 4, 32, 0, 0, 8, 16, 8, 4, 4, 8, 0, 4]",left,64
67,456,"[64, 0, 0, 2, 4, 32, 0, 0, 8, 16, 0, 0, 4, 8, 8, 8]",down,64
68,472,"[64, 2, 0, 0, 4, 32, 0, 0, 8, 16, 2, 0, 4, 16, 8, 0]",left,64
69,488,"[64, 0, 0, 0, 4, 2, 0, 0, 8, 32, 2, 0, 4, 32, 8, 2]",down,64
70,552,"[64, 2, 2, 2, 4, 64, 8, 0, 8, 0, 0, 0, 4, 0, 2, 0]",up,64
71,552,"[64, 2, 2, 2, 4, 64, 8, 0, 8, 0, 2, 0, 4, 0, 4, 0]",up,64
72,564,"[64, 4, 2, 0, 4, 64, 8, 2, 8, 2, 0, 0, 8, 0, 0, 0]",left,64
73,580,"[64, 4, 2, 2, 4, 64, 8, 0, 16, 2, 0, 0, 0, 0, 0, 2]",up,64
74,584,"[64, 4, 4, 0, 4, 64, 8, 0, 16, 2, 0, 0, 2, 0, 0, 2]",left,64
75,584,"[64, 4, 4, 2, 4, 64, 8, 2, 16, 2, 0, 0, 2, 0, 0, 0]",up,64
76,592,"[64, 8, 2, 2, 4, 64, 8, 2, 16, 2, 0, 0, 2, 0, 0, 0]",left,64
77,596,"[64, 8, 4, 0, 4, 64, 8, 2, 16, 2, 0, 0, 2, 2, 0, 0]",left,64
78,600,"[64, 8, 4, 0, 4, 64, 8, 2, 16, 2, 0, 2, 4, 0, 0, 0]",left,64
79,604,"[64, 8, 4, 0, 4, 64, 8, 2, 16, 4, 0, 2, 4, 0, 0, 0]",left,64
80,604,"[64, 8, 4, 0, 4, 64, 8, 2, 16, 4, 2, 0, 4, 0, 0, 2]",left,64
81,604,"[64, 8, 4, 0, 4, 64, 8, 2, 16, 4, 2, 0, 4, 2, 2, 0]",left,64
82,608,"[2, 64, 8, 4, 4, 64, 8, 2, 0, 16, 4, 2, 0, 0, 4, 4]",right,64
83,686,"[0, 2, 0, 0, 0, 0, 0, 4, 2, 128, 16, 4, 4, 16, 8, 4]",down,128
84,694,"[2, 2, 16, 8, 4, 128, 8, 4, 0, 16, 0, 0, 0, 2, 0, 0]",up,128
85,694,"[0, 2, 0, 0, 0, 128, 0, 2, 2, 16, 16, 8, 4, 2, 8, 4]",down,128
86,694,"[2, 2, 16, 2, 4, 128, 8, 8, 0, 16, 0, 4, 2, 2, 0, 0]",up,128
87,718,"[4, 16, 2, 0, 4, 128, 16, 0, 16, 4, 0, 0, 4, 0, 2, 0]",left,128
88,718,"[4, 16, 2, 0, 4, 128, 16, 0, 16, 4, 0, 2, 4, 2, 0, 0]",left,128
89,718,"[4, 16, 2, 2, 4, 128, 16, 0, 16, 4, 2, 0, 4, 2, 0, 0]",left,128
90,722,"[4, 16, 4, 0, 4, 128, 16, 0, 16, 4, 2, 2, 4, 2, 0, 0]",left,128
91,730,"[8, 16, 4, 2, 16, 128, 16, 0, 4, 4, 2, 0, 2, 2, 0, 0]",up,128
92,730,"[8, 16, 0, 2, 16, 128, 4, 0, 4, 4, 16, 0, 2, 2, 2, 2]",down,128
93,746,"[8, 16, 2, 2, 16, 128, 4, 0, 8, 16, 0, 0, 4, 4, 0, 0]",left,128
94,746,"[8, 16, 0, 0, 16, 128, 0, 0, 8, 16, 2, 2, 4, 4, 4, 2]",down,128
95,748,"[8, 16, 0, 0, 16, 128, 0, 0, 8, 16, 2, 2, 4, 4, 4, 4]",down,128
96,768,"[8, 16, 0, 0, 16, 128, 0, 0, 8, 16, 4, 0, 8, 8, 0, 2]",left,128
97,776,"[0, 16, 2, 0, 8, 128, 0, 0, 16, 16, 0, 0, 16, 8, 4, 2]",down,128
98,808,"[8, 16, 2, 2, 32, 128, 4, 0, 0, 16, 0, 2, 0, 8, 0, 0]",up,128
99,812,"[8, 16, 2, 4, 32, 128, 4, 2, 0, 16, 0, 0, 0, 8, 0, 0]",up,128
100,812,"[8, 16, 2, 4, 32, 128, 4, 2, 16, 0, 0, 0, 8, 2, 0, 0]",left,128
101,812,"[8, 16, 2, 4, 32, 128, 4, 2, 0, 0, 0, 16, 2, 0, 8, 2]",right,128
102,812,"[0, 2, 0, 4, 8, 0, 2, 2, 32, 16, 4, 16, 2, 128, 8, 2]",down,128
103,812,"[8, 2, 2, 4, 32, 16, 4, 2, 2, 128, 8, 16, 0, 2, 0, 2]",up,128
104,812,"[2, 2, 0, 4, 8, 16, 2, 2, 32, 128, 4, 16, 2, 2, 8, 2]",down,128
105,824,"[0, 0, 4, 4, 2, 8, 16, 4, 32, 128, 4, 16, 0, 4, 8, 2]",right,128
106,832,"[2, 0, 0, 8, 2, 8, 16, 4, 32, 128, 4, 16, 0, 4, 8, 2]",right,128
107,836,"[4, 8, 16, 8, 32, 128, 4, 4, 0, 4, 8, 16, 2, 0, 0, 2]",up,128
108,836,"[4, 8, 16, 8, 32, 128, 4, 4, 2, 4, 8, 16, 2, 0, 0, 2]",up,128
109,848,"[4, 8, 16, 8, 32, 128, 8, 2, 2, 4, 8, 16, 4, 0, 0, 0]",left,128
110,856,"[4, 0, 0, 2, 32, 8, 0, 8, 2, 128, 16, 2, 4, 4, 16, 16]",down,128
111,912,"[0, 0, 4, 2, 0, 0, 32, 16, 2, 128, 16, 2, 0, 2, 8, 32]",right,128
112,912,"[2, 128, 4, 2, 0, 2, 32, 16, 0, 0, 16, 2, 4, 0, 8, 32]",up,128
113,912,"[2, 128, 4, 2, 0, 2, 32, 16, 0, 2, 16, 2, 0, 4, 8, 32]",right,128
114,916,"[2, 128, 4, 2, 2, 4, 32, 16, 0, 4, 16, 2, 0, 0, 8, 32]",up,128
115,916,"[2, 128, 4, 2, 2, 4, 32, 16, 4, 16, 2, 4, 8, 32, 0, 0]",left,128
116,918,"[4, 128, 0, 0, 4, 4, 4, 2, 4, 16, 32, 16, 8, 32, 2, 4]",down,128
117,926,"[0, 2, 4, 128, 0, 4, 8, 2, 4, 16, 32, 16, 8, 32, 2, 4]",right,128
118,926,"[2, 4, 128, 2, 4, 8, 2, 0, 4, 16, 32, 16, 8, 32, 2, 4]",left,128
119,934,"[2, 4, 128, 2, 8, 8, 2, 16, 8, 16, 32, 4, 2, 32, 2, 0]",up,128
120,950,"[2, 4, 128, 2, 2, 16, 2, 16, 8, 16, 32, 4, 0, 2, 32, 2]",right,128
121,1050,"[4, 4, 128, 2, 8, 32, 2, 16, 0, 2, 64, 4, 0, 0, 4, 2]",up,128
122,1058,"[8, 128, 2, 0, 8, 32, 2, 16, 2, 64, 4, 2, 4, 2, 0, 0]",left,128
123,1068,"[2, 128, 0, 0, 16, 32, 0, 0, 2, 64, 4, 16, 4, 2, 4, 2]",down,128
124,1068,"[0, 0, 2, 128, 2, 0, 16, 32, 2, 64, 4, 16, 4, 2, 4, 2]",right,128
125,1074,"[0, 0, 0, 128, 2, 0, 2, 32, 4, 64, 16, 16, 4, 2, 8, 2]",down,128
126,1110,"[128, 0, 0, 4, 4, 32, 0, 0, 4, 64, 32, 0, 4, 2, 8, 2]",left,128
127,1110,"[128, 4, 0, 0, 4, 32, 0, 2, 4, 64, 32, 0, 4, 2, 8, 2]",left,128
128,1110,"[2, 0, 128, 4, 0, 4, 32, 2, 0, 4, 64, 32, 4, 2, 8, 2]",right,128
129,1110,"[2, 128, 4, 2, 4, 32, 2, 0, 4, 64, 32, 0, 4, 2, 8, 2]",left,128
130,1110,"[2, 128, 4, 2, 2, 4, 32, 2, 0, 4, 64, 32, 4, 2, 8, 2]",right,128
131,1118,"[0, 0, 4, 0, 2, 128, 32, 4, 4, 8, 64, 32, 4, 2, 8, 2]",down,128
132,1126,"[2, 128, 4, 4, 8, 8, 32, 32, 0, 2, 64, 2, 0, 2, 8, 0]",up,128
133,1214,"[0, 2, 128, 8, 0, 0, 16, 64, 2, 2, 64, 2, 0, 0, 2, 8]",right,128
134,1218,"[2, 128, 8, 0, 16, 64, 0, 2, 4, 64, 2, 0, 2, 8, 0, 0]",left,128
135,1346,"[2, 128, 8, 2, 16, 128, 2, 0, 4, 8, 0, 0, 2, 2, 0, 0]",up,128
136,1602,"[2, 256, 8, 2, 16, 8, 2, 0, 4, 2, 2, 0, 2, 0, 0, 0]",up,256
137,1606,"[2, 256, 8, 2, 0, 16, 8, 2, 0, 0, 4, 4, 0, 0, 2, 2]",right,256
138,1616,"[2, 0, 0, 0, 0, 0, 16, 4, 0, 256, 4, 4, 2, 16, 2, 2]",down,256
139,1628,"[4, 256, 16, 8, 0, 16, 4, 2, 0, 2, 2, 0, 0, 0, 0, 0]",up,256
140,1628,"[0, 0, 0, 0, 2, 256, 16, 0, 0, 16, 4, 8, 4, 2, 2, 2]",down,256
141,1628,"[0, 0, 2, 0, 0, 256, 16, 0, 2, 16, 4, 8, 4, 2, 2, 2]",down,256
142,1628,"[2, 256, 2, 8, 4, 16, 16, 2, 0, 2, 4, 0, 0, 0, 2, 2]",up,256
143,1632,"[2, 256, 2, 8, 4, 16, 16, 4, 0, 2, 4, 0, 2, 0, 2, 0]",up,256
144,1632,"[2, 256, 2, 8, 4, 16, 16, 4, 2, 2, 4, 0, 0, 2, 2, 0]",up,256
145,1672,"[2, 256, 2, 8, 4, 32, 4, 2, 4, 4, 0, 0, 4, 0, 0, 0]",left,256
146,1676,"[0, 4, 0, 0, 2, 256, 0, 0, 4, 32, 2, 8, 8, 4, 4, 2]",down,256
147,1684,"[4, 0, 0, 0, 2, 256, 0, 0, 4, 32, 2, 8, 8, 8, 2, 2]",left,256
148,1704,"[0, 4, 0, 4, 0, 0, 2, 256, 4, 32, 2, 8, 0, 0, 16, 4]",right,256
149,1708,"[4, 4, 4, 4, 0, 32, 16, 256, 0, 0, 0, 8, 2, 0, 0, 4]",up,256
150,1724,"[0, 0, 8, 8, 0, 32, 16, 256, 0, 0, 2, 8, 0, 0, 2, 4]",right,256
151,1728,"[0, 32, 8, 8, 0, 0, 16, 256, 0, 0, 4, 8, 0, 2, 0, 4]",up,256
152,1728,"[0, 32, 8, 8, 0, 2, 16, 256, 0, 2, 4, 8, 0, 0, 0, 4]",up,256
153,1732,"[0, 32, 8, 8, 0, 4, 16, 256, 0, 0, 4, 8, 0, 0, 2, 4]",up,256
154,1732,"[0, 0, 8, 8, 2, 0, 16, 256, 0, 32, 4, 8, 0, 4, 2, 4]",down,256
155,1732,"[0, 0, 8, 8, 0, 0, 16, 256, 4, 32, 4, 8, 2, 4, 2, 4]",down,256
156,1732,"[4, 32, 8, 8, 2, 4, 16, 256, 0, 0, 4, 8, 0, 2, 2, 4]",up,256
157,1732,"[4, 32, 8, 8, 2, 4, 16, 256, 0, 2, 4, 8, 0, 2, 2, 4]",up,256
158,1752,"[4, 32, 16, 0, 2, 4, 16, 256, 2, 4, 8, 4, 4, 4, 0, 0]",left,256
159,1774,"[2, 0, 0, 0, 4, 32, 0, 0, 4, 4, 32, 256, 4, 8, 8, 4]",down,256
160,1798,"[2, 0, 0, 2, 4, 32, 0, 0, 8, 32, 256, 0, 4, 16, 4, 0]",left,256
161,1802,"[4, 0, 0, 0, 4, 32, 0, 2, 8, 32, 256, 0, 4, 16, 4, 0]",left,256
162,1838,"[0, 2, 0, 0, 8, 0, 0, 0, 8, 64, 256, 0, 4, 16, 4, 2]",down,256
163,1854,"[16, 2, 256, 2, 4, 64, 4, 0, 0, 16, 0, 0, 2, 0, 0, 0]",up,256
164,1854,"[16, 2, 256, 2, 4, 64, 4, 0, 2, 16, 0, 0, 0, 0, 0, 2]",up,256
165,1858,"[16, 2, 256, 4, 4, 64, 4, 0, 2, 16, 0, 0, 0, 0, 0, 2]",up,256
166,1858,"[16, 2, 256, 4, 4, 64, 4, 2, 2, 16, 4, 0, 0, 0, 0, 0]",up,256
167,1866,"[16, 2, 256, 4, 4, 64, 8, 2, 2, 16, 0, 0, 0, 0, 0, 2]",up,256
168,1870,"[16, 2, 256, 4, 4, 64, 8, 4, 2, 16, 2, 0, 0, 0, 0, 0]",up,256
169,1870,"[16, 2, 256, 4, 4, 64, 8, 4, 2, 2, 16, 2, 0, 0, 0, 0]",right,256
170,1874,"[16, 2, 256, 4, 4, 64, 8, 4, 4, 16, 2, 0, 2, 0, 0, 0]",left,256
171,1874,"[16, 2, 256, 4, 4, 64, 8, 4, 0, 4, 16, 2, 0, 0, 2, 2]",right,256
172,1886,"[16, 2, 256, 8, 4, 64, 8, 4, 2, 4, 16, 0, 0, 0, 2, 0]",up,256
173,1886,"[0, 2, 256, 0, 16, 2, 8, 0, 4, 64, 16, 8, 2, 4, 2, 4]",down,256
174,1888,"[0, 2, 256, 0, 16, 4, 8, 0, 4, 64, 16, 8, 2, 4, 2, 4]",down,256
175,1888,"[16, 2, 256, 8, 4, 4, 8, 4, 2, 64, 16, 0, 2, 4, 2, 0]",up,256
176,1896,"[16, 2, 256, 8, 0, 8, 8, 4, 0, 2, 64, 16, 2, 2, 4, 2]",right,256
177,1898,"[0, 0, 256, 8, 2, 2, 8, 4, 16, 8, 64, 16, 2, 4, 4, 2]",down,256
178,1910,"[256, 8, 0, 0, 4, 8, 4, 0, 16, 8, 64, 16, 2, 8, 2, 2]",left,256
179,1926,"[256, 2, 0, 0, 4, 0, 4, 0, 16, 16, 64, 16, 2, 16, 2, 2]",down,256
180,1970,"[256, 2, 0, 0, 8, 0, 0, 0, 32, 64, 16, 2, 2, 16, 4, 0]",left,256
181,1970,"[2, 0, 256, 2, 0, 0, 0, 8, 32, 64, 16, 2, 0, 2, 16, 4]",right,256
182,1970,"[2, 2, 256, 2, 0, 0, 0, 8, 32, 64, 16, 2, 0, 2, 16, 4]",right,256
183,2002,"[2, 2, 256, 2, 32, 64, 32, 8, 0, 2, 0, 2, 0, 0, 2, 4]",up,256
184,2010,"[0, 4, 256, 2, 32, 64, 32, 8, 0, 0, 2, 4, 0, 0, 2, 4]",right,256
185,2022,"[32, 4, 256, 2, 0, 64, 32, 8, 0, 2, 4, 8, 0, 0, 0, 0]",up,256
186,2038,"[32, 4, 256, 2, 2, 64, 32, 16, 0, 2, 4, 0, 0, 0, 0, 0]",up,256
187,2038,"[0, 0, 4, 0, 0, 4, 256, 0, 32, 64, 32, 2, 2, 2, 4, 16]",down,256
188,2042,"[4, 0, 0, 0, 4, 256, 2, 0, 32, 64, 32, 2, 4, 4, 16, 0]",left,256
189,2050,"[0, 0, 2, 4, 0, 4, 256, 2, 32, 64, 32, 2, 0, 0, 8, 16]",right,256
190,2052,"[0, 0, 2, 0, 0, 2, 256, 4, 0, 4, 32, 4, 32, 64, 8, 16]",down,256
191,2052,"[2, 0, 0, 0, 2, 256, 4, 2, 4, 32, 4, 0, 32, 64, 8, 16]",left,256
192,2058,"[0, 0, 2, 0, 4, 256, 0, 0, 4, 32, 8, 2, 32, 64, 8, 16]",down,256
193,2082,"[8, 256, 2, 2, 32, 32, 16, 16, 0, 64, 0, 0, 0, 2, 0, 0]",up,256
194,2082,"[0, 256, 0, 2, 0, 32, 0, 0, 8, 64, 2, 2, 32, 2, 16, 16]",down,256
195,2086,"[8, 256, 2, 4, 32, 32, 16, 16, 0, 64, 2, 0, 0, 2, 0, 0]",up,256
196,2086,"[2, 256, 0, 0, 0, 32, 2, 0, 8, 64, 16, 4, 32, 2, 2, 16]",down,256
197,2086,"[2, 256, 2, 4, 8, 32, 16, 16, 32, 64, 2, 2, 0, 2, 0, 0]",up,256
198,2086,"[4, 256, 0, 0, 2, 32, 2, 4, 8, 64, 16, 16, 32, 2, 2, 2]",down,256
199,2122,"[4, 256, 0, 0, 2, 32, 2, 4, 8, 64, 32, 2, 32, 4, 2, 0]",left,256
200,2122,"[4, 256, 2, 4, 2, 32, 32, 2, 8, 64, 2, 0, 32, 4, 2, 0]",up,256
201,2186,"[4, 256, 2, 4, 2, 64, 2, 2, 8, 64, 2, 0, 32, 4, 2, 0]",left,256
202,2190,"[4, 256, 2, 4, 2, 2, 64, 4, 0, 8, 64, 2, 0, 32, 4, 2]",right,256
203,2194,"[4, 256, 2, 4, 4, 64, 4, 0, 8, 64, 2, 0, 32, 4, 2, 2]",left,256
204,2264,"[0, 2, 0, 0, 8, 256, 2, 0, 8, 128, 4, 4, 32, 4, 4, 2]",down,256
205,2280,"[2, 2, 0, 0, 8, 256, 2, 0, 8, 128, 8, 0, 32, 8, 2, 0]",left,256
206,2296,"[2, 2, 2, 0, 16, 256, 8, 0, 32, 128, 2, 0, 0, 8, 4, 0]",up,256
207,2300,"[4, 2, 0, 0, 16, 256, 8, 0, 32, 128, 2, 0, 8, 4, 2, 0]",left,256
208,2302,"[4, 2, 0, 2, 16, 256, 0, 0, 32, 128, 8, 0, 8, 4, 4, 0]",down,256
209,2314,"[4, 4, 2, 0, 16, 256, 0, 0, 32, 128, 8, 0, 8, 8, 0, 0]",left,256
210,2338,"[8, 2, 0, 0, 16, 256, 0, 0, 32, 128, 8, 0, 16, 0, 2, 0]",left,256
211,2338,"[8, 2, 0, 0, 16, 256, 2, 0, 32, 128, 8, 0, 16, 2, 0, 0]",left,256
212,2338,"[2, 0, 8, 2, 0, 16, 256, 2, 0, 32, 128, 8, 0, 0, 16, 2]",right,256
213,2342,"[2, 16, 8, 4, 2, 32, 256, 8, 0, 0, 128, 2, 0, 0, 16, 0]",up,256
214,2346,"[4, 16, 8, 4, 0, 32, 256, 8, 0, 2, 128, 2, 0, 0, 16, 0]",up,256
215,2346,"[4, 16, 8, 4, 0, 32, 256, 8, 0, 2, 128, 2, 0, 2, 0, 16]",right,256
216,2350,"[4, 16, 8, 4, 0, 32, 256, 8, 2, 4, 128, 2, 0, 0, 0, 16]",up,256
217,2350,"[4, 16, 8, 4, 32, 256, 8, 0, 2, 4, 128, 2, 16, 0, 2, 0]",left,256
218,2358,"[4, 0, 2, 0, 32, 16, 16, 0, 2, 256, 128, 4, 16, 4, 2, 2]",down,256
219,2394,"[4, 2, 0, 2, 32, 32, 0, 0, 2, 256, 128, 4, 16, 4, 4, 0]",left,256
220,2470,"[4, 4, 0, 0, 64, 0, 0, 0, 2, 256, 128, 4, 16, 8, 0, 2]",left,256
221,2478,"[8, 0, 0, 2, 64, 0, 0, 0, 2, 256, 128, 4, 16, 8, 2, 0]",left,256
222,2478,"[8, 256, 128, 2, 64, 8, 2, 4, 2, 0, 0, 0, 16, 0, 0, 2]",up,256
223,2478,"[8, 0, 0, 0, 64, 0, 2, 2, 2, 256, 128, 4, 16, 8, 2, 2]",down,256
224,2478,"[8, 256, 2, 2, 64, 8, 128, 4, 2, 0, 2, 2, 16, 2, 0, 0]",up,256
225,2478,"[8, 256, 2, 2, 64, 8, 128, 4, 2, 2, 2, 2, 16, 2, 0, 0]",up,256
226,2482,"[8, 256, 2, 2, 64, 8, 128, 4, 2, 4, 2, 2, 16, 0, 0, 2]",up,256
227,2490,"[8, 256, 4, 0, 64, 8, 128, 4, 2, 4, 4, 0, 16, 2, 4, 0]",left,256
228,2498,"[8, 256, 4, 0, 64, 8, 128, 4, 2, 8, 2, 0, 16, 2, 4, 0]",left,256
229,2514,"[8, 256, 4, 4, 64, 16, 128, 0, 2, 2, 2, 0, 16, 2, 4, 0]",up,256
230,2526,"[8, 256, 8, 0, 64, 16, 128, 0, 4, 2, 0, 0, 16, 2, 4, 2]",left,256
231,2526,"[2, 8, 256, 8, 0, 64, 16, 128, 0, 0, 4, 2, 16, 2, 4, 2]",right,256
232,2538,"[2, 8, 256, 8, 16, 64, 16, 128, 0, 2, 8, 4, 0, 2, 0, 0]",up,256
233,2542,"[2, 8, 256, 8, 16, 64, 16, 128, 0, 4, 8, 4, 0, 0, 2, 0]",up,256
234,2542,"[0, 0, 256, 2, 0, 8, 16, 8, 2, 64, 8, 128, 16, 4, 2, 4]",down,256
235,2542,"[256, 2, 0, 2, 8, 16, 8, 0, 2, 64, 8, 128, 16, 4, 2, 4]",left,256
236,2558,"[256, 2, 16, 2, 8, 16, 2, 128, 2, 64, 0, 4, 16, 4, 2, 0]",up,256
237,2560,"[256, 2, 0, 2, 8, 16, 0, 2, 2, 64, 16, 128, 16, 4, 4, 4]",down,256
238,2564,"[256, 2, 16, 4, 8, 16, 4, 128, 2, 64, 2, 4, 16, 4, 0, 0]",up,256
239,2564,"[256, 2, 16, 4, 8, 16, 4, 128, 2, 64, 2, 4, 0, 2, 16, 4]",right,256
240,2572,"[256, 2, 16, 4, 8, 16, 4, 128, 2, 64, 2, 8, 0, 2, 16, 4]",up,256
241,2572,"[256, 2, 16, 4, 8, 16, 4, 128, 2, 64, 2, 8, 2, 16, 4, 2]",left,256
242,2576,"[256, 2, 16, 4, 8, 16, 4, 128, 4, 64, 2, 8, 4, 16, 4, 2]",up,256
243,2584,"[256, 2, 16, 4, 8, 16, 4, 128, 8, 64, 2, 8, 4, 16, 4, 2]",up,256
244,2600,"[256, 2, 16, 4, 16, 16, 4, 128, 4, 64, 2, 8, 2, 16, 4, 2]",up,256
245,2632,"[256, 2, 16, 4, 32, 4, 128, 2, 4, 64, 2, 8, 2, 16, 4, 2]",left,256
1,0,"[4, 0, 0, 0, 0, 0, 0, 0, 0, 0, 0, 0, 0, 0, 2, 0]",up,4
2,0,"[4, 0, 2, 0, 0, 0, 2, 0, 0, 0, 0, 0, 0, 0, 0, 0]",up,4
3,4,"[4, 0, 4, 0, 0, 0, 0, 0, 0, 2, 0, 0, 0, 0, 0, 0]",up,4
4,12,"[8, 0, 0, 0, 0, 0, 0, 0, 2, 2, 0, 0, 0, 0, 0, 0]",left,8
5,12,"[0, 0, 0, 0, 0, 0, 0, 0, 8, 0, 0, 0, 2, 2, 0, 2]",down,8
6,12,"[8, 2, 0, 2, 2, 2, 0, 0, 0, 0, 0, 0, 0, 0, 0, 0]",up,8
7,20,"[2, 0, 8, 4, 0, 0, 0, 4, 0, 0, 0, 0, 0, 0, 0, 0]",right,8
8,28,"[2, 0, 8, 8, 0, 0, 0, 0, 0, 4, 0, 0, 0, 0, 0, 0]",up,8
9,28,"[2, 4, 8, 8, 2, 0, 0, 0, 0, 0, 0, 0, 0, 0, 0, 0]",up,8
10,32,"[4, 4, 8, 8, 0, 0, 0, 0, 2, 0, 0, 0, 0, 0, 0, 0]",up,8
11,32,"[4, 4, 8, 8, 2, 0, 0, 0, 0, 0, 0, 0, 0, 0, 2, 0]",up,8
12,32,"[4, 4, 8, 8, 2, 0, 2, 0, 0, 0, 0, 2, 0, 0, 0, 0]",up,8
13,32,"[4, 4, 8, 8, 2, 2, 2, 2, 0, 0, 0, 0, 0, 0, 0, 0]",up,8
14,64,"[8, 16, 0, 0, 4, 4, 0, 0, 0, 0, 0, 0, 0, 0, 2, 0]",left,16
15,72,"[8, 16, 2, 0, 8, 0, 0, 0, 0, 0, 0, 0, 2, 0, 0, 0]",left,16
16,88,"[16, 16, 2, 0, 2, 0, 0, 0, 0, 0, 0, 0, 0, 0, 2, 0]",up,16
17,92,"[16, 16, 4, 0, 2, 0, 0, 0, 0, 0, 2, 0, 0, 0, 0, 0]",up,16
18,92,"[16, 16, 4, 0, 2, 0, 2, 0, 0, 0, 0, 0, 0, 2, 0, 0]",up,16
19,128,"[0, 0, 32, 4, 0, 0, 0, 4, 0, 0, 2, 0, 0, 0, 0, 2]",right,32
20,128,"[0, 0, 32, 4, 0, 0, 0, 4, 0, 0, 0, 2, 2, 0, 0, 2]",right,32
21,140,"[2, 0, 32, 8, 0, 0, 0, 4, 0, 2, 0, 0, 0, 0, 0, 0]",up,32
22,140,"[2, 2, 32, 8, 0, 0, 0, 4, 0, 0, 0, 0, 0, 0, 0, 2]",up,32
23,144,"[4, 32, 8, 0, 4, 0, 0, 0, 0, 0, 0, 2, 2, 0, 0, 0]",left,32
24,144,"[4, 32, 8, 2, 4, 0, 0, 0, 2, 0, 0, 0, 2, 0, 0, 0]",left,32
25,156,"[8, 32, 8, 2, 4, 0, 0, 0, 0, 0, 0, 0, 0, 2, 0, 0]",up,32
26,156,"[8, 32, 8, 2, 4, 2, 0, 0, 2, 0, 0, 0, 0, 0, 0, 0]",up,32
27,156,"[0, 2, 0, 0, 8, 0, 0, 0, 4, 32, 0, 0, 2, 2, 8, 2]",down,32
28,160,"[2, 0, 0, 0, 8, 0, 0, 0, 4, 32, 0, 0, 4, 8, 2, 2]",left,32
29,168,"[2, 32, 2, 2, 8, 8, 0, 0, 8, 0, 0, 0, 0, 0, 0, 2]",up,32
30,188,"[2, 32, 2, 4, 16, 8, 0, 0, 0, 0, 2, 0, 0, 0, 0, 0]",up,32
31,192,"[2, 32, 4, 4, 16, 8, 0, 0, 0, 0, 0, 0, 0, 0, 0, 2]",up,32
32,200,"[0, 2, 32, 8, 0, 0, 16, 8, 0, 0, 0, 0, 0, 2, 0, 2]",right,32
33,220,"[0, 4, 32, 16, 0, 0, 16, 2, 0, 0, 0, 0, 0, 0, 2, 0]",up,32
34,220,"[0, 0, 0, 0, 0, 0, 32, 0, 2, 0, 16, 16, 0, 4, 2, 2]",down,32
35,256,"[0, 0, 0, 0, 32, 0, 0, 2, 2, 32, 0, 0, 4, 4, 0, 0]",left,32
36,256,"[32, 32, 0, 2, 2, 4, 0, 2, 4, 0, 0, 0, 0, 0, 0, 0]",up,32
37,320,"[0, 0, 64, 2, 0, 2, 4, 2, 0, 0, 0, 4, 0, 0, 2, 0]",right,64
38,322,"[0, 2, 0, 0, 0, 0, 64, 0, 0, 0, 4, 4, 0, 2, 2, 4]",down,64
39,334,"[2, 0, 0, 0, 64, 0, 0, 0, 8, 0, 0, 0, 4, 4, 0, 2]",left,64
40,342,"[2, 0, 2, 0, 64, 0, 0, 0, 8, 0, 0, 0, 8, 2, 0, 0]",left,64
41,358,"[2, 2, 2, 0, 64, 0, 0, 0, 16, 0, 0, 0, 0, 2, 0, 0]",up,64
42,362,"[2, 4, 2, 0, 64, 0, 0, 0, 16, 0, 2, 0, 0, 0, 0, 0]",up,64
43,366,"[2, 4, 4, 2, 64, 0, 0, 0, 16, 0, 0, 0, 0, 0, 0, 0]",up,64
44,366,"[2, 0, 0, 0, 2, 0, 0, 0, 64, 0, 0, 0, 16, 4, 4, 2]",down,64
45,370,"[4, 4, 4, 2, 64, 0, 0, 0, 16, 0, 0, 0, 0, 0, 0, 4]",up,64
46,370,"[4, 4, 4, 2, 64, 0, 0, 4, 16, 0, 0, 0, 0, 2, 0, 0]",up,64
47,378,"[8, 4, 2, 0, 64, 4, 0, 2, 16, 0, 0, 0, 2, 0, 0, 0]",left,64
48,386,"[8, 8, 2, 2, 64, 0, 0, 0, 16, 2, 0, 0, 2, 0, 0, 0]",up,64
49,406,"[0, 0, 16, 4, 0, 2, 0, 64, 0, 0, 16, 2, 0, 0, 0, 2]",right,64
50,442,"[0, 2, 32, 4, 0, 0, 0, 64, 0, 0, 0, 4, 0, 2, 0, 0]",up,64
51,446,"[0, 4, 32, 4, 0, 0, 0, 64, 0, 0, 2, 4, 0, 0, 0, 0]",up,64
52,446,"[0, 4, 32, 4, 0, 0, 2, 64, 0, 0, 4, 4, 0, 0, 0, 0]",up,64
53,446,"[0, 0, 0, 0, 0, 2, 32, 4, 0, 0, 2, 64, 0, 4, 4, 4]",down,64
54,446,"[0, 0, 0, 0, 2, 0, 32, 4, 0, 2, 2, 64, 0, 4, 4, 4]",down,64
55,458,"[2, 0, 0, 0, 0, 2, 32, 4, 0, 0, 4, 64, 0, 0, 4, 8]",right,64
56,462,"[0, 0, 0, 0, 0, 0, 0, 4, 0, 2, 32, 64, 2, 2, 8, 8]",down,64
57,482,"[0, 0, 0, 0, 4, 0, 0, 0, 2, 32, 64, 0, 4, 16, 2, 0]",left,64
58,482,"[4, 32, 64, 0, 2, 16, 2, 0, 4, 0, 2, 0, 0, 0, 0, 0]",up,64
59,486,"[4, 32, 64, 2, 2, 16, 4, 0, 4, 0, 0, 0, 0, 0, 0, 0]",up,64
60,486,"[4, 32, 64, 2, 0, 2, 16, 4, 0, 0, 0, 4, 0, 4, 0, 0]",right,64
61,490,"[0, 0, 0, 2, 0, 32, 0, 0, 0, 2, 64, 2, 4, 4, 16, 8]",down,64
62,492,"[0, 0, 0, 0, 0, 32, 0, 2, 0, 2, 64, 4, 4, 4, 16, 8]",down,64
63,500,"[0, 0, 0, 0, 32, 2, 0, 2, 2, 64, 4, 0, 8, 16, 8, 0]",left,64
64,504,"[0, 0, 0, 0, 0, 2, 32, 4, 0, 2, 64, 4, 0, 8, 16, 8]",right,64
65,510,"[0, 0, 0, 0, 0, 0, 32, 0, 0, 4, 64, 8, 2, 8, 16, 8]",down,64
66,518,"[0, 0, 0, 0, 0, 2, 32, 0, 0, 4, 64, 0, 2, 8, 16, 16]",down,64
67,518,"[2, 2, 32, 16, 2, 4, 64, 0, 0, 8, 16, 0, 0, 0, 0, 0]",up,64
68,520,"[0, 0, 2, 0, 0, 2, 32, 0, 0, 4, 64, 0, 4, 8, 16, 16]",down,64
69,552,"[2, 0, 0, 2, 2, 32, 0, 0, 4, 64, 0, 0, 4, 8, 32, 0]",left,64
70,564,"[4, 32, 32, 2, 8, 64, 0, 0, 0, 8, 0, 0, 0, 0, 0, 2]",up,64
71,628,"[4, 64, 2, 2, 8, 64, 0, 0, 8, 0, 0, 0, 2, 0, 0, 0]",left,64
72,772,"[4, 128, 2, 2, 16, 0, 2, 0, 2, 0, 0, 0, 0, 0, 0, 0]",up,128
73,776,"[0, 4, 128, 4, 0, 0, 16, 2, 0, 0, 0, 2, 0, 2, 0, 0]",right,128
74,780,"[0, 4, 128, 4, 0, 2, 16, 4, 0, 0, 2, 0, 0, 0, 0, 0]",up,128
75,780,"[4, 128, 4, 0, 2, 16, 4, 0, 2, 0, 0, 2, 0, 0, 0, 0]",left,128
76,792,"[4, 128, 8, 2, 4, 16, 0, 0, 0, 0, 0, 0, 0, 0, 0, 2]",up,128
77,804,"[8, 128, 8, 4, 0, 16, 0, 0, 0, 0, 2, 0, 0, 0, 0, 0]",up,128
78,804,"[8, 128, 8, 4, 0, 16, 2, 2, 0, 0, 0, 0, 0, 0, 0, 0]",up,128
79,808,"[8, 128, 8, 4, 0, 0, 16, 4, 2, 0, 0, 0, 0, 0, 0, 0]",right,128
80,816,"[8, 128, 8, 8, 2, 0, 16, 0, 0, 0, 0, 0, 0, 0, 2, 0]",up,128
81,832,"[8, 128, 16, 0, 2, 16, 0, 0, 0, 2, 0, 0, 2, 0, 0, 0]",left,128
82,832,"[0, 8, 128, 16, 0, 0, 2, 16, 0, 0, 0, 2, 0, 2, 0, 2]",right,128
83,868,"[0, 8, 128, 32, 0, 2, 2, 4, 0, 0, 0, 0, 0, 2, 0, 0]",up,128
84,872,"[8, 128, 32, 0, 4, 4, 2, 0, 0, 0, 0, 0, 2, 0, 0, 0]",left,128
85,880,"[8, 128, 32, 0, 8, 2, 0, 0, 0, 2, 0, 0, 2, 0, 0, 0]",left,128
86,900,"[16, 128, 32, 0, 2, 4, 0, 0, 0, 0, 2, 0, 0, 0, 0, 0]",up,128
87,900,"[16, 128, 32, 0, 2, 4, 0, 0, 2, 2, 0, 0, 0, 0, 0, 0]",left,128
88,904,"[16, 128, 32, 0, 4, 4, 2, 0, 0, 2, 0, 0, 0, 0, 0, 0]",up,128
89,912,"[0, 16, 128, 32, 0, 0, 8, 2, 0, 0, 0, 2, 0, 0, 2, 0]",right,128
90,916,"[0, 16, 128, 32, 0, 0, 8, 4, 0, 0, 2, 0, 0, 0, 0, 2]",up,128
91,916,"[2, 16, 128, 32, 0, 0, 8, 4, 0, 0, 2, 2, 0, 0, 0, 0]",up,128
92,920,"[2, 16, 128, 32, 2, 0, 8, 4, 0, 0, 0, 4, 0, 0, 0, 0]",right,128
93,932,"[4, 16, 128, 32, 0, 0, 8, 8, 2, 0, 0, 0, 0, 0, 0, 0]",up,128
94,932,"[4, 16, 128, 32, 2, 0, 8, 8, 0, 2, 0, 0, 0, 0, 0, 0]",up,128
95,948,"[4, 16, 128, 32, 2, 16, 0, 0, 2, 0, 0, 0, 0, 0, 0, 2]",left,128
96,984,"[4, 32, 128, 32, 4, 0, 0, 2, 0, 0, 0, 0, 0, 0, 2, 0]",up,128
97,992,"[8, 32, 128, 32, 0, 0, 2, 2, 0, 0, 0, 0, 0, 0, 2, 0]",up,128
98,996,"[8, 32, 128, 32, 0, 0, 4, 2, 0, 2, 0, 0, 0, 0, 0, 0]",up,128
99,996,"[8, 32, 128, 32, 2, 0, 4, 2, 0, 0, 0, 2, 0, 0, 0, 0]",right,128
100,1000,"[8, 32, 128, 32, 2, 0, 4, 4, 0, 0, 0, 0, 2, 0, 0, 0]",up,128
101,1004,"[8, 32, 128, 32, 4, 2, 4, 4, 0, 0, 0, 0, 0, 0, 0, 0]",up,128
102,1004,"[0, 0, 2, 0, 0, 0, 0, 0, 8, 32, 128, 32, 4, 2, 4, 4]",down,128
103,1004,"[2, 0, 0, 0, 0, 0, 2, 0, 8, 32, 128, 32, 4, 2, 4, 4]",down,128
104,1004,"[2, 0, 0, 0, 2, 0, 2, 0, 8, 32, 128, 32, 4, 2, 4, 4]",down,128
105,1016,"[2, 0, 0, 2, 4, 0, 0, 0, 8, 32, 128, 32, 4, 2, 8, 0]",left,128
106,1020,"[4, 0, 0, 0, 4, 0, 0, 2, 8, 32, 128, 32, 4, 2, 8, 0]",left,128
107,1024,"[0, 0, 0, 4, 8, 0, 0, 0, 8, 32, 128, 2, 4, 2, 8, 32]",down,128
108,1040,"[16, 32, 128, 4, 4, 2, 8, 2, 0, 0, 2, 32, 0, 0, 0, 0]",up,128
109,1040,"[2, 0, 0, 0, 0, 0, 128, 4, 16, 32, 8, 2, 4, 2, 2, 32]",down,128
110,1044,"[2, 4, 0, 0, 128, 4, 0, 0, 16, 32, 8, 2, 4, 4, 32, 0]",left,128
111,1052,"[2, 8, 8, 2, 128, 32, 32, 0, 16, 4, 4, 0, 4, 0, 0, 0]",up,128
112,1052,"[2, 0, 0, 0, 128, 8, 8, 2, 16, 32, 32, 0, 4, 4, 4, 2]",down,128
113,1054,"[2, 0, 0, 0, 128, 8, 8, 0, 16, 32, 32, 2, 4, 4, 4, 4]",down,128
114,1150,"[2, 2, 0, 0, 128, 16, 0, 0, 16, 64, 2, 0, 8, 8, 0, 0]",left,128
115,1170,"[4, 0, 0, 0, 128, 16, 2, 0, 16, 64, 2, 0, 16, 0, 0, 0]",left,128
116,1206,"[4, 16, 4, 0, 128, 64, 2, 0, 32, 0, 0, 0, 0, 0, 0, 0]",up,128
117,1206,"[0, 0, 0, 0, 4, 0, 0, 4, 128, 16, 4, 0, 32, 64, 2, 0]",down,128
118,1206,"[4, 16, 4, 4, 128, 64, 2, 0, 32, 0, 0, 2, 0, 0, 0, 0]",up,128
119,1206,"[4, 16, 4, 4, 128, 64, 2, 2, 32, 2, 0, 0, 0, 0, 0, 0]",up,128
120,1206,"[0, 0, 2, 0, 4, 16, 0, 0, 128, 64, 4, 4, 32, 2, 2, 2]",down,128
121,1206,"[0, 0, 0, 2, 4, 16, 2, 0, 128, 64, 4, 4, 32, 2, 2, 2]",down,128
122,1206,"[4, 16, 2, 2, 128, 64, 4, 4, 32, 2, 2, 2, 0, 0, 4, 0]",up,128
123,1222,"[0, 4, 16, 4, 0, 128, 64, 8, 0, 32, 2, 4, 2, 0, 0, 4]",right,128
124,1222,"[2, 4, 16, 4, 0, 128, 64, 8, 0, 32, 2, 4, 0, 0, 2, 4]",right,128
125,1234,"[2, 4, 16, 4, 0, 128, 64, 8, 2, 32, 4, 8, 0, 0, 0, 0]",up,128
126,1254,"[4, 4, 16, 4, 0, 128, 64, 16, 0, 32, 4, 0, 0, 0, 0, 4]",up,128
127,1254,"[4, 4, 16, 4, 0, 128, 64, 16, 2, 32, 4, 4, 0, 0, 0, 0]",up,128
128,1254,"[4, 4, 16, 4, 2, 128, 64, 16, 0, 32, 4, 4, 0, 0, 2, 0]",up,128
129,1270,"[8, 16, 4, 0, 2, 128, 64, 16, 32, 8, 0, 2, 2, 0, 0, 0]",left,128
130,1270,"[0, 8, 16, 4, 2, 128, 64, 16, 0, 32, 8, 2, 0, 2, 0, 2]",right,128
131,1272,"[0, 8, 0, 2, 0, 128, 16, 4, 0, 32, 64, 16, 2, 2, 8, 4]",down,128
132,1276,"[8, 2, 0, 0, 128, 16, 4, 0, 32, 64, 16, 2, 4, 8, 4, 0]",left,128
133,1276,"[8, 2, 4, 2, 128, 16, 16, 0, 32, 64, 4, 2, 4, 8, 0, 0]",up,128
134,1280,"[8, 2, 4, 4, 128, 16, 16, 2, 32, 64, 4, 0, 4, 8, 0, 0]",up,128
135,1320,"[8, 2, 8, 0, 128, 32, 2, 2, 32, 64, 4, 0, 4, 8, 0, 0]",left,128
136,1324,"[0, 8, 2, 8, 2, 128, 32, 4, 0, 32, 64, 4, 0, 0, 4, 8]",right,128
137,1328,"[0, 2, 2, 0, 0, 8, 32, 8, 0, 128, 64, 8, 2, 32, 4, 8]",down,128
138,1344,"[2, 2, 2, 16, 0, 8, 32, 8, 0, 128, 64, 4, 0, 32, 4, 0]",up,128
139,1344,"[0, 2, 2, 0, 2, 8, 32, 16, 0, 128, 64, 8, 2, 32, 4, 4]",down,128
140,1346,"[0, 2, 2, 0, 2, 8, 32, 16, 0, 128, 64, 8, 4, 32, 4, 4]",down,128
141,1358,"[4, 2, 0, 0, 2, 8, 32, 16, 128, 64, 8, 0, 4, 32, 8, 0]",left,128
142,1366,"[4, 2, 0, 4, 2, 8, 0, 0, 128, 64, 32, 0, 4, 32, 16, 16]",down,128
143,1398,"[0, 4, 2, 4, 0, 0, 2, 8, 2, 128, 64, 32, 0, 4, 32, 32]",right,128
144,1466,"[2, 4, 4, 4, 0, 128, 64, 8, 0, 4, 32, 64, 0, 0, 2, 0]",up,128
145,1474,"[2, 2, 4, 8, 0, 128, 64, 8, 0, 4, 32, 64, 0, 0, 0, 2]",right,128
146,1490,"[2, 2, 4, 16, 2, 128, 64, 64, 0, 4, 32, 2, 0, 0, 0, 0]",up,128
147,1622,"[4, 4, 16, 2, 2, 128, 128, 0, 4, 32, 2, 0, 0, 0, 0, 0]",left,128
148,1622,"[0, 2, 0, 0, 4, 4, 16, 0, 2, 128, 128, 0, 4, 32, 2, 2]",down,128
149,1890,"[2, 0, 0, 0, 8, 16, 0, 0, 2, 256, 2, 0, 4, 32, 4, 0]",left,256
150,1890,"[2, 16, 2, 0, 8, 256, 4, 0, 2, 32, 0, 0, 4, 4, 0, 0]",up,256
151,1890,"[2, 16, 0, 0, 8, 256, 0, 2, 2, 32, 2, 0, 4, 4, 4, 0]",down,256
152,1890,"[2, 16, 2, 2, 8, 256, 4, 0, 2, 32, 0, 0, 4, 4, 0, 2]",up,256
153,1892,"[2, 16, 0, 4, 8, 256, 0, 0, 2, 32, 2, 0, 4, 4, 4, 4]",down,256
154,1908,"[2, 16, 4, 2, 8, 256, 0, 0, 2, 32, 2, 0, 8, 8, 0, 0]",left,256
155,1908,"[2, 16, 0, 0, 8, 256, 2, 0, 2, 32, 4, 0, 8, 8, 2, 2]",down,256
156,1928,"[0, 0, 2, 16, 0, 8, 256, 2, 0, 2, 32, 4, 2, 0, 16, 4]",right,256
157,1928,"[2, 16, 2, 0, 8, 256, 2, 0, 2, 32, 4, 0, 2, 16, 4, 0]",left,256
158,1944,"[2, 16, 4, 0, 8, 256, 8, 0, 4, 32, 2, 0, 0, 16, 0, 0]",up,256
159,1944,"[2, 16, 0, 0, 2, 256, 4, 0, 8, 32, 8, 0, 4, 16, 2, 0]",down,256
160,1948,"[4, 16, 4, 4, 8, 256, 8, 0, 4, 32, 2, 0, 0, 16, 0, 0]",up,256
161,1956,"[4, 16, 8, 0, 8, 256, 8, 0, 4, 32, 2, 0, 16, 0, 0, 2]",left,256
162,1956,"[2, 4, 16, 8, 0, 8, 256, 8, 0, 4, 32, 2, 0, 0, 16, 2]",right,256
163,1976,"[2, 4, 16, 16, 2, 8, 256, 4, 0, 4, 32, 0, 0, 0, 16, 0]",up,256
164,1980,"[4, 4, 16, 16, 0, 8, 256, 4, 2, 4, 32, 0, 0, 0, 16, 0]",up,256
165,2020,"[8, 32, 0, 0, 8, 256, 4, 0, 2, 4, 32, 0, 16, 0, 0, 4]",left,256
166,2020,"[8, 32, 0, 0, 8, 256, 4, 0, 2, 4, 32, 2, 16, 4, 0, 0]",left,256
167,2044,"[16, 32, 4, 2, 2, 256, 32, 2, 16, 8, 0, 0, 0, 0, 0, 0]",up,256
168,2048,"[16, 32, 4, 4, 2, 256, 32, 0, 16, 8, 2, 0, 0, 0, 0, 0]",up,256
169,2056,"[16, 32, 8, 0, 2, 256, 32, 2, 16, 8, 2, 0, 0, 0, 0, 0]",left,256
170,2056,"[0, 16, 32, 8, 2, 256, 32, 2, 0, 16, 8, 2, 0, 2, 0, 0]",right,256
171,2090,"[0, 16, 0, 0, 0, 256, 0, 0, 2, 16, 64, 8, 2, 2, 8, 4]",down,256
172,2094,"[4, 16, 64, 8, 0, 256, 8, 4, 0, 16, 0, 0, 0, 2, 0, 2]",up,256
173,2098,"[4, 16, 64, 8, 256, 8, 4, 0, 16, 0, 0, 0, 4, 2, 0, 0]",left,256
174,2098,"[4, 16, 64, 8, 256, 8, 4, 0, 16, 2, 0, 0, 4, 0, 0, 2]",up,256
175,2098,"[4, 16, 64, 8, 256, 8, 4, 0, 16, 2, 0, 2, 4, 2, 0, 0]",left,256
176,2100,"[4, 0, 2, 0, 256, 16, 0, 0, 16, 8, 64, 8, 4, 4, 4, 2]",down,256
177,2100,"[4, 16, 2, 8, 256, 8, 64, 2, 16, 4, 4, 2, 4, 0, 0, 0]",up,256
178,2102,"[4, 2, 0, 0, 256, 16, 2, 0, 16, 8, 64, 8, 4, 4, 4, 4]",down,256
179,2118,"[0, 0, 4, 2, 0, 256, 16, 2, 16, 8, 64, 8, 0, 2, 8, 8]",right,256
180,2138,"[16, 256, 4, 4, 0, 8, 16, 16, 0, 2, 64, 0, 2, 0, 8, 0]",up,256
181,2178,"[16, 256, 8, 0, 8, 32, 0, 2, 2, 64, 0, 0, 2, 8, 0, 0]",left,256
182,2180,"[2, 256, 0, 0, 16, 32, 0, 0, 8, 64, 0, 0, 4, 8, 8, 2]",down,256
183,2196,"[2, 256, 0, 0, 16, 32, 4, 0, 8, 64, 0, 0, 4, 16, 2, 0]",left,256
184,2196,"[2, 256, 4, 0, 16, 32, 2, 0, 8, 64, 0, 2, 4, 16, 0, 0]",up,256
185,2196,"[2, 256, 0, 0, 16, 32, 2, 0, 8, 64, 4, 0, 4, 16, 2, 2]",down,256
186,2200,"[2, 256, 0, 0, 16, 32, 2, 0, 8, 64, 4, 0, 4, 16, 4, 2]",left,256
187,2208,"[2, 256, 2, 2, 16, 32, 8, 0, 8, 64, 0, 0, 4, 16, 2, 0]",up,256
188,2208,"[2, 256, 2, 2, 16, 32, 8, 0, 8, 64, 2, 0, 4, 16, 2, 0]",up,256
189,2212,"[2, 256, 2, 2, 16, 32, 8, 0, 8, 64, 4, 2, 4, 16, 0, 0]",up,256
190,2214,"[2, 256, 0, 2, 16, 32, 2, 0, 8, 64, 8, 0, 4, 16, 4, 4]",down,256
191,2222,"[2, 256, 2, 0, 16, 32, 2, 0, 8, 64, 8, 2, 4, 16, 8, 0]",left,256
192,2232,"[2, 256, 0, 0, 16, 32, 2, 0, 8, 64, 4, 0, 4, 16, 16, 2]",down,256
193,2232,"[2, 256, 2, 2, 16, 32, 4, 0, 8, 64, 16, 0, 4, 16, 0, 2]",up,256
194,2234,"[2, 256, 0, 0, 16, 32, 2, 2, 8, 64, 4, 0, 4, 16, 16, 4]",down,256
195,2270,"[2, 256, 0, 0, 16, 32, 4, 0, 8, 64, 4, 2, 4, 32, 4, 0]",left,256
196,2278,"[2, 256, 8, 2, 16, 32, 4, 2, 8, 64, 0, 0, 4, 32, 0, 0]",up,256
197,2280,"[2, 256, 0, 2, 16, 32, 0, 0, 8, 64, 8, 0, 4, 32, 4, 4]",down,256
198,2288,"[2, 256, 2, 0, 16, 32, 0, 0, 8, 64, 8, 0, 4, 32, 8, 2]",left,256
199,2304,"[2, 256, 2, 2, 16, 32, 16, 0, 8, 64, 2, 0, 4, 32, 0, 0]",up,256
200,2304,"[2, 256, 2, 0, 16, 32, 2, 0, 8, 64, 16, 0, 4, 32, 2, 2]",down,256
201,2306,"[2, 256, 2, 0, 16, 32, 4, 0, 8, 64, 16, 0, 4, 32, 2, 2]",down,256
202,2306,"[2, 256, 2, 2, 16, 32, 4, 2, 8, 64, 16, 0, 4, 32, 2, 0]",up,256
203,2310,"[2, 256, 4, 2, 16, 32, 4, 2, 8, 64, 16, 0, 4, 32, 2, 0]",left,256
204,2322,"[2, 256, 8, 4, 16, 32, 16, 2, 8, 64, 2, 0, 4, 32, 0, 0]",up,256
205,2322,"[2, 256, 0, 0, 16, 32, 8, 2, 8, 64, 16, 4, 4, 32, 2, 2]",down,256
206,2326,"[0, 0, 2, 256, 16, 32, 8, 2, 8, 64, 16, 4, 2, 4, 32, 4]",right,256
207,2334,"[16, 32, 2, 256, 8, 64, 8, 2, 2, 4, 16, 8, 2, 0, 32, 0]",up,256
208,2338,"[16, 32, 2, 256, 8, 64, 8, 2, 4, 4, 16, 8, 0, 2, 32, 0]",up,256
209,2346,"[16, 32, 2, 256, 8, 64, 8, 2, 8, 16, 8, 0, 2, 32, 2, 0]",left,256
210,2362,"[0, 32, 2, 0, 16, 64, 2, 0, 16, 16, 16, 256, 2, 32, 2, 2]",down,256
211,2398,"[0, 0, 32, 2, 0, 16, 64, 2, 0, 16, 32, 256, 2, 2, 32, 4]",right,256
212,2498,"[2, 32, 32, 4, 2, 2, 64, 256, 0, 0, 64, 4, 0, 0, 0, 0]",up,256
213,2630,"[4, 32, 32, 4, 0, 2, 128, 256, 0, 2, 0, 4, 0, 0, 0, 0]",up,256
214,2632,"[0, 0, 2, 0, 0, 0, 0, 4, 0, 32, 32, 256, 4, 4, 128, 4]",down,256
215,2632,"[0, 0, 0, 0, 0, 0, 2, 4, 2, 32, 32, 256, 4, 4, 128, 4]",down,256
216,2704,"[0, 0, 0, 0, 2, 4, 2, 0, 2, 64, 256, 0, 8, 128, 4, 0]",left,256
217,2708,"[4, 4, 2, 0, 8, 64, 256, 0, 0, 128, 4, 0, 2, 0, 0, 0]",up,256
218,2716,"[8, 2, 0, 0, 8, 64, 256, 0, 128, 4, 2, 0, 2, 0, 0, 0]",left,256
219,2732,"[16, 2, 256, 2, 128, 64, 2, 0, 2, 4, 0, 0, 0, 0, 0, 0]",up,256
220,2732,"[16, 2, 256, 2, 0, 128, 64, 2, 0, 0, 2, 4, 0, 0, 0, 4]",right,256
221,2744,"[16, 2, 256, 4, 0, 128, 64, 8, 0, 0, 2, 2, 0, 0, 0, 0]",up,256
222,2744,"[0, 0, 2, 0, 0, 0, 256, 4, 0, 2, 64, 8, 16, 128, 2, 2]",down,256
223,2744,"[16, 2, 2, 4, 0, 128, 256, 8, 0, 0, 64, 2, 0, 2, 2, 0]",up,256
224,2752,"[16, 4, 4, 2, 128, 256, 8, 0, 64, 2, 0, 0, 4, 0, 0, 0]",left,256
225,2760,"[16, 8, 2, 0, 128, 256, 8, 0, 64, 2, 2, 0, 4, 0, 0, 0]",left,256
226,2764,"[0, 16, 8, 2, 0, 128, 256, 8, 0, 0, 64, 4, 0, 2, 0, 4]",right,256
227,2772,"[0, 16, 8, 2, 0, 128, 256, 8, 0, 2, 64, 8, 0, 0, 0, 2]",up,256
228,2772,"[16, 8, 2, 0, 128, 256, 8, 0, 2, 64, 8, 0, 2, 0, 2, 0]",left,256
229,2792,"[16, 8, 2, 0, 128, 256, 16, 0, 4, 64, 2, 0, 0, 2, 0, 0]",up,256
230,2792,"[0, 8, 0, 0, 16, 256, 2, 0, 128, 64, 16, 2, 4, 2, 2, 0]",down,256
231,2796,"[2, 0, 0, 8, 0, 16, 256, 2, 128, 64, 16, 2, 0, 0, 4, 4]",right,256
232,2798,"[0, 0, 2, 0, 0, 0, 256, 8, 2, 16, 16, 4, 128, 64, 4, 4]",down,256
233,2838,"[2, 0, 0, 2, 256, 8, 0, 0, 2, 32, 4, 0, 128, 64, 8, 0]",left,256
234,2842,"[4, 2, 0, 0, 256, 8, 0, 0, 2, 32, 4, 0, 128, 64, 8, 0]",left,256
235,2842,"[4, 2, 4, 0, 256, 8, 8, 0, 2, 32, 0, 0, 128, 64, 2, 0]",up,256
236,2842,"[4, 2, 4, 2, 256, 8, 8, 0, 2, 32, 2, 0, 128, 64, 0, 0]",up,256
237,2858,"[4, 2, 4, 2, 0, 0, 256, 16, 0, 2, 32, 2, 0, 2, 128, 64]",right,256
238,2862,"[4, 4, 4, 2, 0, 2, 256, 16, 0, 0, 32, 2, 0, 2, 128, 64]",up,256
239,2866,"[4, 4, 4, 2, 0, 4, 256, 16, 2, 0, 32, 2, 0, 0, 128, 64]",up,256
240,2874,"[0, 4, 8, 2, 0, 4, 256, 16, 2, 2, 32, 2, 0, 0, 128, 64]",right,256
241,2882,"[2, 8, 8, 2, 0, 2, 256, 16, 0, 0, 32, 2, 0, 2, 128, 64]",up,256
242,2886,"[2, 8, 8, 2, 0, 4, 256, 16, 4, 0, 32, 2, 0, 0, 128, 64]",up,256
243,2886,"[2, 8, 8, 2, 4, 4, 256, 16, 2, 0, 32, 2, 0, 0, 128, 64]",up,256
244,2910,"[2, 16, 2, 0, 8, 256, 16, 0, 2, 32, 2, 0, 128, 64, 2, 0]",left,256
245,2914,"[2, 16, 2, 0, 8, 256, 16, 2, 2, 32, 4, 0, 128, 64, 0, 0]",up,256
246,2914,"[0, 2, 16, 2, 8, 256, 16, 2, 0, 2, 32, 4, 2, 0, 128, 64]",right,256
247,2914,"[0, 2, 16, 2, 8, 256, 16, 2, 0, 2, 32, 4, 2, 2, 128, 64]",right,256
248,2934,"[0, 2, 0, 0, 0, 2, 32, 4, 8, 256, 32, 4, 2, 4, 128, 64]",down,256
249,3010,"[8, 4, 64, 8, 2, 256, 128, 64, 0, 4, 0, 2, 0, 0, 0, 0]",up,256
250,3010,"[0, 0, 0, 0, 0, 4, 2, 8, 8, 256, 64, 64, 2, 4, 128, 2]",down,256
251,3138,"[0, 2, 0, 0, 4, 2, 8, 0, 8, 256, 128, 0, 2, 4, 128, 2]",left,256
252,3398,"[4, 4, 8, 2, 8, 256, 256, 0, 2, 4, 0, 2, 0, 0, 0, 0]",up,256
253,3918,"[8, 8, 2, 0, 8, 512, 0, 0, 2, 4, 2, 0, 2, 0, 0, 0]",left,512
254,3930,"[2, 0, 0, 0, 0, 8, 0, 0, 16, 512, 0, 0, 4, 4, 4, 0]",down,512
255,3930,"[2, 8, 4, 0, 16, 512, 0, 0, 4, 4, 0, 0, 0, 0, 0, 2]",up,512
256,3930,"[2, 8, 4, 2, 16, 512, 0, 0, 4, 4, 2, 0, 0, 0, 0, 0]",up,512
257,3930,"[0, 0, 0, 0, 2, 8, 0, 0, 16, 512, 4, 2, 4, 4, 2, 2]",down,512
258,3934,"[2, 8, 4, 4, 16, 512, 2, 0, 4, 4, 0, 2, 0, 0, 0, 0]",up,512
259,3934,"[2, 8, 4, 4, 16, 512, 2, 2, 4, 4, 0, 0, 0, 0, 0, 2]",up,512
260,3954,"[2, 8, 8, 0, 16, 512, 4, 0, 8, 0, 0, 0, 2, 2, 0, 0]",left,512
261,3974,"[2, 16, 0, 0, 16, 512, 4, 0, 8, 0, 0, 0, 4, 0, 4, 0]",left,512
262,3982,"[2, 16, 0, 2, 16, 512, 4, 0, 8, 0, 0, 0, 8, 0, 0, 0]",left,512
263,3998,"[2, 16, 4, 2, 16, 512, 0, 0, 16, 0, 0, 0, 0, 0, 0, 4]",up,512
264,4014,"[0, 0, 0, 0, 0, 0, 2, 0, 2, 16, 0, 2, 32, 512, 4, 4]",down,512
265,4014,"[2, 16, 2, 2, 32, 512, 4, 4, 0, 0, 2, 0, 0, 0, 0, 0]",up,512
266,4026,"[2, 16, 4, 0, 32, 512, 8, 0, 2, 0, 0, 0, 0, 2, 0, 0]",left,512
267,4026,"[2, 16, 4, 2, 32, 512, 8, 0, 2, 2, 0, 0, 0, 0, 0, 0]",up,512
268,4026,"[0, 0, 0, 0, 2, 16, 0, 2, 32, 512, 4, 0, 2, 2, 8, 2]",down,512
269,4030,"[2, 16, 4, 4, 32, 512, 8, 0, 2, 2, 0, 0, 0, 0, 2, 0]",up,512
270,4042,"[2, 16, 8, 0, 32, 512, 8, 0, 4, 0, 0, 0, 2, 0, 2, 0]",left,512
271,4046,"[2, 16, 8, 0, 32, 512, 8, 0, 4, 2, 0, 0, 4, 0, 0, 0]",left,512
272,4070,"[2, 16, 16, 2, 32, 512, 0, 0, 8, 2, 0, 0, 0, 0, 0, 0]",up,512
273,4102,"[0, 2, 32, 2, 2, 0, 32, 512, 0, 0, 8, 2, 0, 0, 0, 0]",right,512
274,4102,"[2, 32, 2, 0, 2, 32, 512, 2, 8, 2, 0, 0, 0, 0, 0, 0]",left,512
275,4170,"[4, 64, 2, 2, 8, 2, 512, 0, 2, 0, 0, 0, 0, 0, 0, 0]",up,512
276,4170,"[0, 2, 0, 0, 4, 0, 0, 0, 8, 64, 2, 0, 2, 2, 512, 2]",down,512
277,4170,"[4, 2, 2, 2, 8, 64, 512, 0, 2, 2, 0, 0, 0, 0, 0, 2]",up,512
278,4174,"[4, 2, 2, 4, 8, 64, 512, 0, 2, 2, 0, 0, 0, 0, 0, 2]",up,512
279,4182,"[4, 4, 4, 0, 8, 64, 512, 0, 4, 0, 0, 0, 2, 0, 2, 0]",left,512
280,4194,"[8, 4, 0, 0, 8, 64, 512, 2, 4, 0, 0, 0, 4, 0, 0, 0]",left,512
281,4218,"[16, 4, 512, 2, 8, 64, 0, 0, 0, 0, 0, 0, 0, 2, 0, 0]",up,512
282,4218,"[16, 4, 512, 2, 8, 64, 0, 0, 0, 2, 0, 0, 0, 0, 2, 0]",up,512
283,4218,"[0, 2, 0, 0, 0, 4, 0, 0, 16, 64, 512, 0, 8, 2, 2, 2]",down,512
284,4222,"[2, 0, 0, 0, 4, 0, 0, 0, 16, 64, 512, 2, 8, 4, 2, 0]",left,512
285,4222,"[2, 64, 512, 2, 4, 4, 2, 0, 16, 0, 0, 0, 8, 0, 2, 0]",up,512
286,4230,"[2, 64, 512, 2, 0, 0, 8, 2, 2, 0, 0, 16, 0, 0, 8, 2]",right,512
287,4254,"[4, 64, 512, 4, 0, 0, 16, 16, 0, 0, 0, 2, 0, 2, 0, 0]",up,512
288,4286,"[4, 64, 512, 4, 32, 2, 0, 0, 2, 0, 0, 0, 2, 0, 0, 0]",left,512
289,4290,"[4, 64, 512, 4, 32, 2, 0, 0, 4, 0, 0, 0, 0, 0, 0, 2]",up,512
290,4290,"[4, 64, 512, 4, 32, 2, 2, 2, 4, 0, 0, 0, 0, 0, 0, 0]",up,512
291,4294,"[4, 64, 512, 4, 0, 32, 2, 4, 0, 0, 2, 4, 0, 0, 0, 0]",right,512
292,4306,"[4, 64, 512, 8, 0, 32, 4, 4, 0, 0, 2, 0, 0, 0, 0, 0]",up,512
293,4314,"[4, 64, 512, 8, 0, 0, 32, 8, 0, 0, 2, 2, 0, 0, 0, 0]",right,512
294,4322,"[0, 0, 0, 0, 0, 0, 512, 0, 0, 2, 32, 16, 4, 64, 2, 2]",down,512
295,4326,"[0, 0, 0, 0, 512, 2, 0, 0, 2, 32, 16, 0, 4, 64, 4, 0]",left,512
296,4326,"[512, 2, 16, 0, 2, 32, 4, 0, 4, 64, 0, 0, 2, 0, 0, 0]",up,512
297,4326,"[512, 0, 0, 0, 2, 2, 0, 0, 4, 32, 16, 0, 2, 64, 4, 2]",down,512
298,4330,"[512, 0, 0, 0, 4, 0, 2, 0, 4, 32, 16, 0, 2, 64, 4, 2]",left,512
299,4338,"[512, 32, 2, 2, 8, 64, 16, 0, 2, 0, 4, 0, 2, 0, 0, 0]",up,512
300,4342,"[512, 32, 2, 2, 8, 64, 16, 0, 4, 0, 4, 0, 0, 0, 0, 2]",up,512
301,4354,"[512, 32, 4, 0, 8, 64, 16, 0, 8, 0, 4, 0, 2, 0, 0, 0]",left,512
302,4370,"[512, 32, 4, 0, 16, 64, 16, 0, 2, 0, 4, 0, 0, 0, 2, 0]",up,512
303,4370,"[512, 32, 4, 0, 16, 64, 16, 0, 2, 4, 2, 0, 2, 0, 0, 0]",left,512
304,4374,"[512, 32, 4, 0, 16, 64, 16, 0, 4, 4, 2, 0, 0, 0, 0, 2]",up,512
305,4374,"[4, 0, 0, 0, 512, 32, 4, 0, 16, 64, 16, 0, 4, 4, 2, 2]",down,512
306,4386,"[0, 0, 0, 4, 0, 512, 32, 4, 0, 16, 64, 16, 2, 0, 8, 4]",right,512
307,4394,"[2, 512, 32, 8, 0, 16, 64, 16, 0, 0, 8, 4, 0, 2, 0, 0]",up,512
308,4394,"[0, 0, 0, 0, 0, 512, 32, 8, 2, 16, 64, 16, 2, 2, 8, 4]",down,512
309,4398,"[4, 512, 32, 8, 2, 16, 64, 16, 0, 2, 8, 4, 0, 0, 0, 0]",up,512
310,4398,"[0, 0, 4, 0, 0, 512, 32, 8, 4, 16, 64, 16, 2, 2, 8, 4]",down,512
311,4402,"[4, 0, 0, 2, 512, 32, 8, 0, 4, 16, 64, 16, 4, 8, 4, 0]",left,512
312,4410,"[4, 32, 8, 2, 512, 16, 64, 16, 8, 8, 4, 0, 0, 0, 0, 2]",up,512
313,4410,"[4, 32, 8, 2, 512, 16, 64, 16, 8, 8, 4, 2, 0, 0, 2, 0]",up,512
314,4426,"[4, 32, 8, 2, 512, 16, 64, 16, 2, 16, 4, 2, 0, 0, 0, 2]",right,512
315,4462,"[4, 32, 8, 2, 512, 32, 64, 16, 2, 0, 4, 4, 0, 0, 2, 0]",up,512
316,4470,"[4, 32, 8, 2, 512, 32, 64, 16, 2, 8, 0, 0, 2, 2, 0, 0]",left,512
317,4504,"[0, 0, 0, 2, 4, 64, 0, 0, 512, 8, 8, 2, 4, 2, 64, 16]",down,512
318,4506,"[0, 0, 0, 0, 4, 64, 0, 4, 512, 8, 8, 4, 4, 2, 64, 16]",down,512
319,4514,"[4, 64, 8, 8, 512, 8, 64, 16, 4, 2, 0, 0, 0, 2, 0, 0]",up,512
320,4530,"[0, 4, 64, 16, 512, 8, 64, 16, 0, 0, 4, 2, 0, 0, 2, 2]",right,512
321,4694,"[512, 4, 128, 32, 0, 8, 4, 4, 0, 0, 2, 0, 0, 0, 2, 0]",up,512
322,4696,"[2, 0, 0, 0, 0, 0, 128, 0, 0, 4, 4, 32, 512, 8, 4, 4]",down,512
323,4712,"[2, 0, 0, 0, 128, 0, 0, 0, 8, 32, 0, 0, 512, 8, 8, 2]",left,512
324,4728,"[2, 0, 0, 0, 128, 0, 0, 0, 8, 32, 0, 4, 512, 16, 2, 0]",left,512
325,4728,"[2, 32, 2, 4, 128, 16, 0, 0, 8, 0, 0, 0, 512, 0, 2, 0]",up,512
326,4732,"[2, 32, 4, 4, 128, 16, 0, 0, 8, 2, 0, 0, 512, 0, 0, 0]",up,512
327,4732,"[2, 0, 0, 0, 128, 32, 0, 2, 8, 16, 0, 0, 512, 2, 4, 4]",down,512
328,4740,"[0, 2, 0, 2, 0, 128, 32, 2, 0, 0, 8, 16, 0, 512, 2, 8]",right,512
329,4744,"[0, 2, 32, 4, 0, 128, 8, 16, 0, 512, 2, 8, 0, 2, 0, 0]",up,512
330,4744,"[0, 2, 0, 0, 0, 128, 32, 4, 0, 512, 8, 16, 2, 2, 2, 8]",down,512
331,4744,"[2, 2, 32, 4, 0, 128, 8, 16, 0, 512, 2, 8, 0, 2, 0, 2]",up,512
332,4744,"[0, 2, 0, 4, 0, 128, 32, 16, 2, 512, 8, 8, 2, 2, 2, 2]",down,512
333,4768,"[2, 4, 0, 0, 128, 32, 16, 0, 2, 512, 16, 0, 4, 4, 4, 0]",left,512
334,4800,"[2, 4, 32, 0, 128, 32, 4, 0, 2, 512, 0, 0, 4, 4, 0, 2]",up,512
335,4800,"[2, 4, 32, 2, 128, 32, 4, 0, 2, 512, 0, 0, 4, 4, 2, 0]",up,512
336,4800,"[2, 4, 0, 0, 128, 32, 32, 2, 2, 512, 4, 0, 4, 4, 2, 2]",down,512
337,4876,"[0, 0, 2, 4, 0, 128, 64, 2, 2, 2, 512, 4, 0, 0, 8, 4]",right,512
338,4880,"[0, 0, 2, 0, 0, 0, 64, 4, 2, 128, 512, 2, 2, 2, 8, 8]",down,512
339,4900,"[2, 0, 0, 0, 64, 4, 0, 0, 2, 128, 512, 2, 4, 16, 0, 2]",left,512
340,4904,"[2, 4, 512, 4, 64, 128, 0, 0, 2, 16, 0, 0, 4, 0, 0, 2]",up,512
341,4904,"[2, 4, 512, 4, 64, 128, 4, 2, 2, 16, 0, 0, 4, 0, 0, 0]",up,512
342,4904,"[2, 2, 0, 0, 64, 4, 0, 0, 2, 128, 512, 4, 4, 16, 4, 2]",down,512
343,4904,"[2, 2, 512, 4, 64, 4, 4, 2, 2, 128, 0, 0, 4, 16, 2, 0]",up,512
344,4904,"[2, 2, 0, 0, 64, 4, 512, 2, 2, 128, 4, 4, 4, 16, 2, 2]",down,512
345,4904,"[2, 2, 512, 2, 64, 4, 4, 4, 2, 128, 2, 2, 4, 16, 0, 2]",up,512
346,4920,"[4, 512, 2, 0, 64, 8, 4, 0, 2, 128, 4, 0, 4, 16, 2, 2]",left,512
347,4928,"[4, 512, 2, 2, 64, 8, 8, 0, 2, 128, 2, 0, 4, 16, 0, 2]",up,512
348,4948,"[4, 512, 4, 0, 64, 16, 0, 0, 2, 128, 2, 2, 4, 16, 2, 0]",left,512
349,4952,"[4, 512, 4, 2, 64, 16, 4, 2, 2, 128, 0, 0, 4, 16, 0, 0]",up,512
350,4964,"[4, 512, 8, 4, 64, 16, 0, 0, 2, 128, 0, 0, 4, 16, 2, 0]",up,512
351,4964,"[4, 512, 8, 4, 64, 16, 2, 0, 2, 128, 0, 0, 4, 16, 0, 2]",up,512
352,4964,"[4, 512, 8, 4, 64, 16, 2, 2, 2, 128, 2, 0, 4, 16, 0, 0]",up,512
353,4968,"[4, 512, 8, 4, 2, 64, 16, 4, 0, 2, 128, 2, 0, 0, 4, 16]",right,512
354,4968,"[4, 512, 8, 4, 2, 64, 16, 4, 2, 128, 2, 2, 4, 16, 0, 0]",left,512
355,4974,"[0, 512, 2, 0, 4, 64, 8, 0, 4, 128, 16, 8, 4, 16, 2, 2]",down,512
356,4978,"[0, 0, 512, 2, 0, 4, 64, 8, 4, 128, 16, 8, 2, 4, 16, 4]",right,512
357,5026,"[4, 4, 512, 2, 2, 128, 64, 16, 0, 4, 32, 4, 0, 0, 0, 2]",up,512
358,5034,"[8, 512, 2, 0, 2, 128, 64, 16, 4, 32, 4, 2, 2, 0, 0, 0]",left,512
359,5034,"[0, 8, 512, 2, 2, 128, 64, 16, 4, 32, 4, 2, 2, 0, 0, 2]",right,512
360,5038,"[2, 8, 512, 2, 4, 128, 64, 16, 2, 32, 4, 4, 0, 0, 2, 0]",up,512
361,5046,"[2, 8, 512, 2, 4, 128, 64, 16, 2, 32, 8, 2, 2, 0, 0, 0]",left,512
362,5050,"[2, 8, 512, 2, 4, 128, 64, 16, 4, 32, 8, 2, 0, 0, 2, 0]",up,512
363,5050,"[2, 8, 512, 2, 4, 128, 64, 16, 4, 32, 8, 2, 0, 0, 2, 2]",right,512
364,5062,"[2, 8, 512, 2, 8, 128, 64, 16, 2, 32, 8, 4, 0, 0, 2, 0]",up,512
365,5062,"[2, 8, 512, 2, 8, 128, 64, 16, 2, 32, 8, 4, 2, 0, 2, 0]",left,512
366,5066,"[2, 8, 512, 2, 8, 128, 64, 16, 2, 32, 8, 4, 0, 2, 0, 4]",right,512
367,5070,"[0, 8, 0, 2, 2, 128, 512, 2, 8, 32, 64, 16, 2, 2, 8, 8]",down,512
368,5090,"[0, 0, 8, 2, 2, 128, 512, 2, 8, 32, 64, 16, 0, 2, 4, 16]",right,512
369,5126,"[2, 128, 8, 4, 8, 32, 512, 32, 0, 2, 64, 0, 0, 2, 4, 0]",up,512
370,5128,"[0, 0, 8, 0, 2, 128, 512, 0, 2, 32, 64, 4, 8, 4, 4, 32]",down,512
371,5130,"[0, 0, 8, 0, 0, 128, 512, 2, 4, 32, 64, 4, 8, 4, 4, 32]",down,512
372,5138,"[8, 0, 2, 0, 128, 512, 2, 0, 4, 32, 64, 4, 8, 8, 32, 0]",left,512
373,5154,"[0, 0, 8, 2, 0, 128, 512, 2, 4, 32, 64, 4, 0, 2, 16, 32]",right,512
374,5156,"[4, 0, 8, 0, 0, 128, 512, 4, 0, 32, 64, 4, 4, 2, 16, 32]",down,512
375,5172,"[8, 128, 8, 8, 0, 32, 512, 32, 0, 2, 64, 0, 2, 0, 16, 0]",up,512
376,5188,"[8, 128, 16, 0, 32, 512, 32, 0, 2, 64, 0, 2, 2, 16, 0, 0]",left,512
377,5192,"[8, 128, 16, 2, 32, 512, 32, 0, 4, 64, 0, 2, 0, 16, 0, 0]",up,512
378,5196,"[8, 128, 16, 4, 32, 512, 32, 2, 4, 64, 0, 0, 0, 16, 0, 0]",up,512
379,5196,"[0, 128, 0, 0, 8, 512, 0, 2, 32, 64, 16, 4, 4, 16, 32, 2]",down,512
380,5196,"[8, 128, 16, 2, 32, 512, 32, 4, 4, 64, 0, 2, 4, 16, 0, 0]",up,512
381,5204,"[8, 128, 16, 2, 32, 512, 32, 4, 8, 64, 0, 2, 0, 16, 2, 0]",up,512
382,5204,"[8, 128, 16, 2, 32, 512, 32, 4, 8, 64, 2, 2, 0, 16, 0, 2]",up,512
383,5208,"[8, 128, 16, 2, 32, 512, 32, 4, 8, 64, 2, 4, 2, 16, 0, 0]",up,512
384,5208,"[8, 128, 16, 2, 32, 512, 32, 4, 8, 64, 2, 4, 0, 2, 2, 16]",right,512
385,5220,"[8, 128, 16, 2, 32, 512, 32, 8, 8, 64, 4, 16, 0, 2, 2, 0]",up,512
386,5220,"[2, 128, 16, 0, 8, 512, 32, 2, 32, 64, 4, 8, 8, 2, 2, 16]",down,512
387,5224,"[2, 2, 128, 16, 8, 512, 32, 2, 32, 64, 4, 8, 0, 8, 4, 16]",right,512
388,5232,"[2, 2, 128, 16, 8, 512, 32, 2, 32, 64, 8, 8, 2, 8, 0, 16]",up,512
389,5252,"[4, 128, 16, 2, 8, 512, 32, 2, 32, 64, 16, 0, 2, 8, 16, 0]",left,512
390,5288,"[4, 128, 16, 4, 8, 512, 32, 0, 32, 64, 32, 0, 2, 8, 2, 0]",up,512
391,5320,"[4, 128, 2, 0, 8, 512, 16, 0, 32, 64, 64, 0, 2, 8, 2, 4]",down,512
392,5448,"[2, 4, 128, 2, 0, 8, 512, 16, 0, 0, 32, 128, 2, 8, 2, 4]",right,512
393,5468,"[4, 4, 128, 2, 0, 16, 512, 16, 0, 0, 32, 128, 0, 2, 2, 4]",up,512
394,5480,"[8, 128, 2, 0, 16, 512, 16, 2, 32, 128, 0, 0, 4, 4, 0, 0]",left,512
395,5480,"[8, 128, 2, 2, 16, 512, 16, 0, 32, 128, 0, 0, 4, 4, 2, 0]",up,512
396,5480,"[8, 128, 2, 2, 16, 512, 16, 0, 32, 128, 2, 0, 4, 4, 0, 2]",up,512
397,5492,"[0, 8, 128, 4, 0, 16, 512, 16, 2, 32, 128, 2, 0, 0, 8, 2]",right,512
398,5496,"[2, 8, 128, 4, 0, 16, 512, 16, 0, 32, 128, 4, 0, 0, 8, 2]",up,512
399,5496,"[2, 0, 128, 4, 0, 8, 512, 16, 0, 16, 128, 4, 2, 32, 8, 2]",down,512
400,5500,"[4, 8, 128, 4, 0, 16, 512, 16, 0, 32, 128, 4, 0, 2, 8, 2]",up,512
401,5500,"[0, 8, 128, 4, 2, 16, 512, 16, 0, 32, 128, 4, 4, 2, 8, 2]",down,512
402,5500,"[2, 8, 128, 4, 4, 16, 512, 16, 0, 32, 128, 4, 2, 2, 8, 2]",up,512
403,5500,"[2, 8, 128, 4, 2, 16, 512, 16, 4, 32, 128, 4, 2, 2, 8, 2]",down,512
404,5502,"[2, 8, 128, 4, 4, 16, 512, 16, 4, 32, 128, 4, 2, 2, 8, 2]",down,512
405,5506,"[2, 8, 128, 4, 2, 16, 512, 16, 8, 32, 128, 4, 2, 2, 8, 2]",down,512
406,5508,"[2, 8, 128, 4, 4, 16, 512, 16, 8, 32, 128, 4, 2, 2, 8, 2]",down,512
407,5512,"[2, 8, 128, 4, 4, 16, 512, 16, 8, 32, 128, 4, 4, 8, 2, 2]",left,512
408,5516,"[2, 8, 128, 4, 4, 16, 512, 16, 8, 32, 128, 4, 2, 4, 8, 4]",right,512
409,5520,"[2, 8, 128, 2, 4, 16, 512, 4, 8, 32, 128, 16, 2, 4, 8, 8]",down,512
410,5536,"[2, 8, 128, 2, 4, 16, 512, 4, 8, 32, 128, 16, 2, 2, 4, 16]",right,512
411,5568,"[2, 8, 128, 2, 4, 16, 512, 4, 8, 32, 128, 32, 2, 2, 4, 2]",up,512
412,5572,"[2, 8, 128, 2, 4, 16, 512, 4, 8, 32, 128, 32, 4, 4, 2, 4]",left,512
413,5580,"[2, 8, 128, 2, 4, 16, 512, 4, 8, 32, 128, 32, 8, 2, 4, 2]",left,512
414,5596,"[2, 8, 128, 2, 4, 16, 512, 4, 16, 32, 128, 32, 2, 2, 4, 2]",up,512
415,5600,"[2, 8, 128, 2, 4, 16, 512, 4, 16, 32, 128, 32, 4, 4, 2, 2]",left,512
416,5612,"[2, 8, 128, 2, 4, 16, 512, 4, 16, 32, 128, 32, 8, 4, 2, 0]",left,512
417,5612,"[2, 8, 128, 2, 4, 16, 512, 2, 16, 32, 128, 4, 8, 4, 2, 32]",down,512
418,5614,"[2, 8, 128, 4, 4, 16, 512, 4, 16, 32, 128, 4, 8, 4, 2, 32]",down,512
419,5622,"[2, 8, 128, 8, 4, 16, 512, 4, 16, 32, 128, 32, 8, 4, 2, 2]",up,512
420,5626,"[2, 8, 128, 8, 4, 16, 512, 4, 16, 32, 128, 32, 8, 4, 4, 2]",left,512
421,5634,"[2, 8, 128, 8, 4, 16, 512, 4, 16, 32, 128, 32, 8, 8, 2, 2]",left,512
422,5654,"[2, 8, 128, 8, 4, 16, 512, 4, 16, 32, 128, 32, 16, 4, 2, 0]",left,512
423,5686,"[2, 8, 128, 8, 4, 16, 512, 4, 32, 32, 128, 32, 2, 4, 2, 0]",up,512
424,5686,"[2, 8, 128, 2, 4, 16, 512, 8, 32, 32, 128, 4, 2, 4, 2, 32]",down,512
425,5750,"[2, 8, 128, 2, 4, 16, 512, 8, 64, 128, 4, 2, 2, 4, 2, 32]",left,512
1,0,"[4, 0, 0, 0, 0, 0, 0, 2, 0, 0, 0, 0, 0, 0, 0, 0]",up,4
2,0,"[4, 0, 2, 2, 0, 0, 0, 0, 0, 0, 0, 0, 0, 0, 0, 0]",up,4
3,0,"[0, 0, 0, 2, 0, 0, 0, 0, 0, 0, 0, 0, 4, 0, 2, 2]",down,4
4,4,"[0, 4, 0, 2, 0, 0, 0, 0, 0, 0, 0, 0, 0, 0, 4, 4]",right,4
5,4,"[0, 4, 4, 2, 0, 0, 0, 4, 0, 0, 0, 0, 0, 0, 0, 2]",up,4
6,4,"[0, 4, 4, 2, 0, 0, 2, 4, 0, 0, 0, 2, 0, 0, 0, 0]",up,4
7,4,"[0, 0, 0, 0, 0, 0, 2, 2, 0, 0, 4, 4, 0, 4, 2, 2]",down,4
8,20,"[0, 0, 0, 0, 4, 0, 0, 2, 8, 0, 0, 0, 4, 4, 0, 0]",left,8
9,20,"[4, 4, 0, 2, 8, 0, 0, 0, 4, 0, 0, 0, 0, 0, 0, 2]",up,8
10,22,"[2, 0, 0, 0, 4, 0, 0, 0, 8, 0, 0, 0, 4, 4, 0, 4]",down,8
11,30,"[2, 0, 2, 0, 4, 0, 0, 0, 8, 0, 0, 0, 8, 4, 0, 0]",left,8
12,46,"[2, 4, 2, 0, 4, 0, 0, 0, 16, 0, 0, 0, 0, 0, 0, 2]",up,16
13,46,"[0, 0, 0, 0, 2, 0, 2, 0, 4, 0, 0, 0, 16, 4, 2, 2]",down,16
14,54,"[2, 0, 0, 0, 0, 0, 0, 4, 0, 0, 0, 4, 0, 16, 4, 4]",right,16
15,62,"[4, 0, 0, 2, 0, 0, 0, 4, 0, 0, 0, 4, 0, 0, 16, 8]",right,16
16,66,"[0, 0, 0, 0, 4, 0, 0, 2, 0, 0, 0, 8, 4, 0, 16, 8]",down,16
17,78,"[0, 0, 0, 0, 0, 2, 0, 0, 0, 0, 0, 2, 8, 0, 16, 16]",down,16
18,78,"[0, 0, 0, 2, 0, 0, 0, 0, 0, 0, 0, 2, 8, 2, 16, 16]",down,16
19,80,"[0, 0, 2, 0, 0, 0, 0, 0, 0, 0, 0, 4, 8, 2, 16, 16]",down,16
20,80,"[8, 2, 2, 4, 0, 0, 16, 16, 0, 2, 0, 0, 0, 0, 0, 0]",up,16
21,84,"[8, 4, 2, 4, 0, 0, 16, 16, 2, 0, 0, 0, 0, 0, 0, 0]",up,16
22,116,"[8, 4, 2, 4, 32, 0, 0, 0, 2, 0, 0, 0, 0, 0, 2, 0]",left,32
23,116,"[8, 4, 2, 4, 32, 0, 2, 0, 2, 0, 0, 0, 2, 0, 0, 0]",left,32
24,120,"[0, 0, 0, 0, 8, 2, 0, 0, 32, 0, 0, 0, 4, 4, 4, 4]",down,32
25,136,"[0, 0, 0, 0, 8, 2, 4, 0, 32, 0, 0, 0, 8, 8, 0, 0]",left,32
26,136,"[0, 0, 0, 0, 8, 0, 0, 0, 32, 2, 0, 2, 8, 8, 4, 0]",down,32
27,156,"[0, 0, 0, 0, 2, 0, 0, 8, 0, 0, 32, 4, 0, 0, 16, 4]",right,32
28,160,"[0, 0, 0, 0, 0, 0, 0, 0, 0, 2, 32, 8, 2, 0, 16, 8]",down,32
29,176,"[2, 2, 32, 16, 0, 0, 16, 2, 0, 0, 0, 0, 0, 0, 0, 0]",up,32
30,176,"[0, 0, 0, 0, 0, 2, 0, 0, 0, 0, 32, 16, 2, 2, 16, 2]",down,32
31,180,"[2, 4, 32, 16, 0, 2, 16, 2, 0, 0, 0, 0, 0, 0, 0, 0]",up,32
32,180,"[0, 0, 0, 0, 0, 0, 0, 4, 0, 4, 32, 16, 2, 2, 16, 2]",down,32
33,180,"[2, 4, 32, 4, 0, 2, 16, 16, 0, 2, 0, 2, 0, 0, 0, 0]",up,32
34,184,"[2, 4, 32, 4, 4, 4, 16, 16, 0, 0, 0, 2, 0, 0, 0, 0]",up,32
35,224,"[2, 4, 32, 4, 0, 2, 8, 32, 0, 0, 0, 2, 0, 0, 0, 0]",right,32
36,224,"[0, 0, 0, 0, 0, 0, 0, 4, 4, 4, 32, 32, 2, 2, 8, 2]",down,32
37,300,"[0, 0, 2, 0, 4, 0, 0, 0, 8, 64, 0, 0, 4, 8, 2, 0]",left,64
38,304,"[4, 64, 4, 0, 8, 8, 0, 0, 4, 0, 2, 0, 0, 0, 0, 0]",up,64
39,304,"[4, 64, 4, 0, 8, 8, 2, 0, 4, 2, 0, 0, 0, 0, 0, 0]",up,64
40,304,"[0, 0, 2, 0, 4, 64, 0, 0, 8, 8, 4, 0, 4, 2, 2, 0]",down,64
41,304,"[0, 0, 0, 0, 4, 64, 2, 0, 8, 8, 4, 2, 4, 2, 2, 0]",down,64
42,324,"[2, 0, 0, 0, 0, 4, 64, 2, 0, 16, 4, 2, 0, 0, 4, 4]",right,64
43,330,"[0, 0, 0, 0, 0, 0, 0, 2, 0, 4, 64, 4, 2, 16, 8, 4]",down,64
44,338,"[2, 4, 64, 2, 2, 16, 8, 8, 0, 0, 0, 0, 0, 0, 0, 0]",up,64
45,342,"[4, 4, 64, 2, 0, 16, 8, 8, 0, 2, 0, 0, 0, 0, 0, 0]",up,64
46,366,"[0, 8, 64, 2, 0, 0, 16, 16, 0, 0, 0, 2, 0, 0, 4, 0]",right,64
47,366,"[0, 0, 0, 0, 0, 0, 64, 2, 0, 2, 16, 16, 0, 8, 4, 2]",down,64
48,398,"[0, 0, 0, 0, 0, 2, 64, 2, 0, 0, 2, 32, 0, 8, 4, 2]",right,64
49,398,"[0, 2, 0, 0, 0, 0, 64, 2, 0, 2, 2, 32, 0, 8, 4, 2]",down,64
50,402,"[2, 0, 0, 0, 64, 2, 0, 0, 4, 32, 2, 0, 8, 4, 2, 0]",left,64
51,406,"[2, 2, 4, 0, 64, 32, 0, 0, 4, 4, 0, 0, 8, 0, 0, 2]",up,64
52,406,"[2, 2, 4, 2, 64, 32, 0, 2, 4, 4, 0, 0, 8, 0, 0, 0]",up,64
53,418,"[0, 4, 4, 2, 0, 64, 32, 2, 0, 0, 0, 8, 4, 0, 0, 8]",right,64
54,438,"[4, 4, 4, 4, 0, 64, 32, 16, 0, 2, 0, 0, 0, 0, 0, 0]",up,64
55,454,"[8, 8, 2, 0, 64, 32, 16, 0, 2, 0, 0, 0, 0, 0, 0, 0]",left,64
56,470,"[0, 0, 16, 2, 0, 64, 32, 16, 0, 0, 2, 2, 0, 0, 0, 0]",right,64
57,474,"[0, 0, 16, 2, 2, 64, 32, 16, 0, 0, 0, 4, 0, 0, 0, 0]",right,64
58,474,"[2, 64, 16, 2, 0, 2, 32, 16, 0, 0, 0, 4, 0, 0, 0, 0]",up,64
59,474,"[2, 64, 16, 2, 2, 32, 16, 2, 4, 0, 0, 0, 0, 0, 0, 0]",left,64
60,494,"[2, 0, 0, 0, 0, 0, 0, 0, 4, 64, 0, 0, 4, 32, 32, 4]",down,64
61,558,"[2, 0, 0, 2, 0, 0, 0, 0, 4, 64, 0, 0, 4, 64, 4, 0]",left,64
62,626,"[0, 0, 0, 0, 0, 0, 0, 0, 2, 0, 2, 0, 8, 128, 4, 2]",down,128
63,630,"[0, 0, 0, 0, 0, 0, 2, 0, 4, 0, 0, 0, 8, 128, 4, 2]",left,128
64,630,"[0, 0, 0, 0, 2, 2, 0, 0, 4, 0, 0, 0, 8, 128, 4, 2]",left,128
65,630,"[2, 2, 4, 2, 4, 128, 0, 0, 8, 0, 0, 0, 0, 0, 0, 2]",up,128
66,634,"[2, 2, 4, 4, 4, 128, 0, 0, 8, 0, 0, 0, 0, 0, 2, 0]",up,128
67,646,"[4, 8, 0, 0, 4, 128, 0, 0, 8, 0, 0, 0, 2, 0, 2, 0]",left,128
68,650,"[0, 0, 4, 8, 0, 0, 4, 128, 0, 0, 0, 8, 2, 0, 0, 4]",right,128
69,658,"[2, 0, 8, 8, 0, 0, 0, 128, 2, 0, 0, 8, 0, 0, 0, 4]",up,128
70,674,"[0, 0, 2, 16, 0, 0, 0, 128, 0, 0, 2, 8, 0, 0, 2, 4]",right,128
71,674,"[2, 16, 0, 0, 128, 0, 0, 0, 2, 8, 0, 2, 2, 4, 0, 0]",left,128
72,678,"[2, 16, 0, 2, 128, 8, 0, 0, 4, 4, 0, 2, 0, 0, 0, 0]",up,128
73,682,"[2, 16, 0, 4, 128, 8, 0, 0, 4, 4, 0, 0, 0, 0, 0, 2]",up,128
74,682,"[2, 16, 0, 4, 128, 8, 0, 2, 4, 4, 0, 0, 0, 2, 0, 0]",up,128
75,682,"[0, 16, 0, 0, 2, 8, 0, 0, 128, 4, 2, 4, 4, 2, 0, 2]",down,128
76,686,"[16, 0, 0, 0, 2, 8, 2, 0, 128, 4, 2, 4, 4, 4, 0, 0]",left,128
77,698,"[16, 8, 4, 4, 2, 8, 0, 0, 128, 0, 0, 0, 4, 2, 0, 0]",up,128
78,714,"[16, 16, 4, 4, 2, 2, 2, 0, 128, 0, 0, 0, 4, 0, 0, 0]",up,128
79,758,"[32, 8, 0, 0, 4, 2, 0, 0, 128, 0, 0, 0, 4, 0, 2, 0]",left,128
80,758,"[32, 8, 0, 0, 4, 2, 2, 0, 128, 0, 0, 0, 4, 2, 0, 0]",left,128
81,760,"[32, 0, 2, 0, 4, 0, 0, 0, 128, 8, 0, 0, 4, 4, 2, 0]",down,128
82,764,"[32, 8, 4, 0, 4, 4, 0, 0, 128, 0, 0, 2, 4, 0, 0, 0]",up,128
83,764,"[32, 0, 0, 0, 4, 0, 0, 2, 128, 8, 0, 0, 4, 4, 4, 2]",down,128
84,768,"[32, 8, 4, 4, 4, 4, 0, 0, 128, 0, 0, 2, 4, 0, 0, 0]",up,128
85,768,"[32, 8, 4, 4, 4, 4, 0, 2, 128, 0, 0, 0, 4, 0, 2, 0]",up,128
86,768,"[32, 8, 4, 4, 4, 4, 2, 2, 128, 0, 0, 2, 4, 0, 0, 0]",up,128
87,788,"[32, 8, 8, 0, 8, 4, 0, 0, 128, 2, 2, 0, 4, 0, 0, 0]",left,128
88,808,"[4, 0, 32, 16, 0, 0, 8, 4, 0, 0, 128, 4, 0, 0, 0, 4]",right,128
89,816,"[4, 0, 32, 16, 0, 0, 8, 8, 2, 0, 128, 4, 0, 0, 0, 0]",up,128
90,832,"[0, 4, 32, 16, 0, 0, 0, 16, 0, 2, 128, 4, 0, 0, 0, 2]",right,128
91,864,"[0, 4, 32, 32, 0, 2, 128, 4, 0, 0, 2, 2, 0, 0, 0, 0]",up,128
92,864,"[2, 0, 0, 0, 0, 0, 32, 32, 0, 4, 128, 4, 0, 2, 2, 2]",down,128
93,864,"[0, 0, 0, 0, 0, 2, 32, 32, 0, 4, 128, 4, 2, 2, 2, 2]",down,128
94,936,"[0, 2, 0, 0, 0, 0, 2, 64, 0, 4, 128, 4, 0, 0, 4, 4]",right,128
95,944,"[2, 2, 0, 0, 2, 64, 0, 0, 4, 128, 4, 0, 8, 0, 0, 0]",left,128
96,948,"[4, 2, 4, 0, 4, 64, 0, 0, 8, 128, 0, 0, 0, 0, 2, 0]",up,128
97,956,"[8, 2, 4, 0, 8, 64, 2, 0, 2, 128, 0, 0, 0, 0, 0, 0]",up,128
98,972,"[16, 2, 4, 0, 2, 64, 2, 0, 0, 128, 0, 0, 0, 0, 2, 0]",up,128
99,976,"[16, 2, 4, 0, 2, 64, 4, 0, 0, 128, 0, 2, 0, 0, 0, 0]",up,128
100,984,"[16, 2, 8, 2, 2, 64, 0, 0, 0, 128, 2, 0, 0, 0, 0, 0]",up,128
101,984,"[16, 2, 8, 2, 2, 64, 2, 0, 0, 128, 4, 0, 0, 0, 0, 0]",up,128
102,984,"[16, 2, 8, 2, 0, 2, 64, 2, 0, 0, 128, 4, 2, 0, 0, 0]",right,128
103,992,"[16, 4, 8, 4, 2, 0, 64, 4, 0, 0, 128, 2, 0, 0, 0, 0]",up,128
104,996,"[0, 0, 0, 0, 0, 2, 8, 0, 16, 0, 64, 8, 2, 4, 128, 2]",down,128
105,996,"[16, 2, 8, 8, 2, 4, 64, 2, 0, 0, 128, 0, 0, 0, 2, 0]",up,128
106,996,"[0, 0, 8, 0, 2, 0, 64, 0, 16, 2, 128, 8, 2, 4, 2, 2]",down,128
107,996,"[2, 2, 8, 8, 16, 4, 64, 2, 2, 0, 128, 0, 2, 0, 2, 0]",up,128
108,1020,"[4, 16, 0, 0, 16, 4, 64, 2, 2, 128, 0, 0, 4, 0, 0, 2]",left,128
109,1022,"[4, 0, 0, 0, 16, 16, 0, 0, 2, 4, 2, 0, 4, 128, 64, 4]",down,128
110,1054,"[4, 0, 0, 2, 32, 0, 0, 0, 2, 4, 2, 0, 4, 128, 64, 4]",left,128
111,1054,"[4, 4, 2, 2, 32, 128, 64, 4, 2, 4, 0, 0, 4, 0, 0, 0]",up,128
112,1066,"[0, 0, 8, 4, 32, 128, 64, 4, 0, 0, 2, 4, 0, 0, 2, 4]",right,128
113,1076,"[0, 0, 0, 0, 0, 0, 8, 0, 0, 4, 64, 8, 32, 128, 4, 8]",down,128
114,1092,"[32, 4, 8, 16, 0, 128, 64, 0, 2, 0, 4, 0, 0, 0, 0, 0]",up,128
115,1092,"[32, 4, 8, 16, 0, 0, 128, 64, 0, 0, 2, 4, 2, 0, 0, 0]",right,128
116,1092,"[32, 4, 8, 16, 2, 0, 128, 64, 0, 0, 2, 4, 2, 0, 0, 0]",up,128
117,1096,"[32, 4, 8, 16, 4, 0, 128, 64, 0, 0, 2, 4, 0, 0, 0, 2]",up,128
118,1096,"[32, 4, 8, 16, 0, 4, 128, 64, 0, 0, 2, 4, 0, 0, 2, 2]",right,128
119,1108,"[32, 8, 8, 16, 0, 0, 128, 64, 0, 2, 4, 4, 0, 0, 0, 2]",up,128
120,1132,"[0, 32, 16, 16, 0, 2, 128, 64, 0, 0, 2, 8, 0, 0, 0, 2]",right,128
121,1164,"[0, 0, 32, 32, 0, 2, 128, 64, 2, 0, 2, 8, 0, 0, 0, 2]",right,128
122,1232,"[0, 0, 0, 64, 0, 2, 128, 64, 4, 0, 4, 8, 0, 0, 0, 2]",right,128
123,1240,"[0, 0, 4, 64, 0, 2, 128, 64, 0, 0, 8, 8, 0, 0, 0, 2]",right,128
124,1256,"[4, 64, 0, 2, 2, 128, 64, 0, 16, 0, 0, 0, 2, 0, 0, 0]",left,128
125,1256,"[4, 64, 64, 2, 2, 128, 0, 0, 16, 0, 0, 0, 2, 0, 0, 2]",up,128
126,1260,"[4, 64, 64, 4, 2, 128, 0, 0, 16, 0, 0, 0, 2, 0, 4, 0]",up,128
127,1260,"[4, 64, 64, 4, 2, 128, 4, 0, 16, 2, 0, 0, 2, 0, 0, 0]",up,128
128,1388,"[4, 128, 4, 0, 2, 128, 4, 0, 16, 2, 0, 2, 2, 0, 0, 0]",left,128
129,1652,"[4, 256, 8, 2, 2, 2, 0, 0, 16, 2, 0, 0, 2, 0, 0, 0]",up,256
130,1656,"[4, 256, 8, 2, 0, 0, 0, 4, 0, 0, 16, 2, 2, 0, 0, 2]",right,256
131,1658,"[0, 0, 0, 0, 0, 2, 0, 2, 4, 0, 8, 4, 2, 256, 16, 4]",down,256
132,1662,"[0, 0, 0, 0, 4, 2, 0, 0, 4, 8, 4, 0, 2, 256, 16, 4]",left,256
133,1670,"[8, 2, 4, 4, 2, 8, 16, 0, 0, 256, 0, 0, 0, 2, 0, 0]",up,256
134,1678,"[8, 2, 8, 0, 2, 8, 16, 0, 256, 0, 0, 0, 2, 0, 2, 0]",left,256
135,1678,"[8, 2, 8, 0, 2, 8, 16, 0, 256, 0, 2, 0, 2, 2, 0, 0]",up,256
136,1678,"[8, 0, 0, 0, 2, 2, 8, 2, 256, 8, 16, 0, 2, 2, 2, 0]",down,256
137,1686,"[8, 0, 2, 0, 4, 8, 2, 0, 256, 8, 16, 0, 4, 2, 0, 0]",left,256
138,1706,"[8, 16, 4, 0, 4, 2, 16, 0, 256, 0, 0, 4, 4, 0, 0, 0]",up,256
139,1706,"[8, 16, 4, 4, 4, 2, 16, 2, 256, 0, 0, 0, 4, 0, 0, 0]",up,256
140,1714,"[8, 16, 8, 0, 4, 2, 16, 2, 256, 0, 0, 2, 4, 0, 0, 0]",left,256
141,1714,"[0, 8, 16, 8, 4, 2, 16, 2, 2, 0, 256, 2, 0, 0, 0, 4]",right,256
142,1732,"[0, 0, 0, 0, 2, 0, 0, 8, 4, 8, 32, 4, 2, 2, 256, 4]",down,256
143,1736,"[0, 0, 0, 0, 0, 2, 2, 8, 4, 8, 32, 4, 0, 4, 256, 4]",right,256
144,1740,"[0, 0, 0, 2, 0, 2, 2, 0, 0, 8, 32, 8, 4, 4, 256, 8]",down,256
145,1752,"[2, 0, 0, 0, 4, 0, 0, 2, 8, 32, 8, 0, 8, 256, 8, 0]",left,256
146,1768,"[0, 0, 0, 2, 2, 0, 0, 0, 4, 32, 0, 0, 16, 256, 16, 2]",down,256
147,1770,"[0, 0, 0, 0, 2, 0, 2, 0, 4, 32, 0, 0, 16, 256, 16, 4]",down,256
148,1770,"[2, 32, 2, 4, 4, 256, 16, 0, 16, 0, 0, 2, 0, 0, 0, 0]",up,256
149,1770,"[2, 32, 2, 4, 4, 256, 16, 2, 16, 2, 0, 0, 0, 0, 0, 0]",up,256
150,1770,"[2, 32, 2, 4, 4, 256, 16, 2, 0, 2, 16, 2, 0, 0, 0, 0]",right,256
151,1788,"[0, 0, 0, 0, 0, 32, 0, 2, 2, 256, 2, 4, 4, 2, 32, 4]",down,256
152,1792,"[0, 2, 0, 0, 0, 32, 0, 0, 2, 256, 2, 2, 4, 2, 32, 8]",down,256
153,1792,"[2, 2, 2, 2, 4, 32, 32, 8, 0, 256, 0, 0, 0, 2, 2, 0]",up,256
154,1868,"[4, 4, 0, 0, 4, 64, 8, 0, 256, 0, 2, 0, 4, 0, 0, 0]",left,256
155,1872,"[0, 0, 0, 0, 8, 0, 0, 2, 256, 4, 8, 0, 4, 64, 2, 0]",down,256
156,1872,"[8, 4, 8, 2, 256, 64, 2, 0, 4, 0, 2, 0, 0, 0, 0, 0]",up,256
157,1876,"[8, 4, 8, 2, 256, 64, 4, 0, 4, 0, 0, 0, 2, 0, 0, 0]",up,256
158,1876,"[8, 4, 8, 2, 0, 256, 64, 4, 2, 0, 0, 4, 0, 0, 0, 2]",right,256
159,1880,"[0, 0, 0, 0, 0, 0, 2, 2, 8, 4, 8, 8, 2, 256, 64, 2]",down,256
160,1900,"[0, 2, 0, 0, 4, 0, 0, 0, 8, 4, 16, 0, 2, 256, 64, 2]",left,256
161,1900,"[0, 0, 0, 0, 4, 2, 0, 0, 8, 4, 16, 2, 2, 256, 64, 2]",down,256
162,1900,"[0, 0, 0, 0, 0, 2, 4, 2, 8, 4, 16, 2, 2, 256, 64, 2]",right,256
163,1900,"[0, 2, 0, 0, 2, 4, 2, 0, 8, 4, 16, 2, 2, 256, 64, 2]",left,256
164,1912,"[2, 2, 2, 4, 8, 8, 16, 0, 2, 256, 64, 0, 0, 0, 2, 0]",up,256
165,1932,"[0, 2, 4, 4, 0, 0, 16, 16, 2, 2, 256, 64, 0, 0, 0, 2]",right,256
166,1934,"[0, 0, 2, 4, 0, 0, 4, 16, 0, 0, 16, 64, 2, 4, 256, 2]",down,256
167,1934,"[2, 4, 2, 4, 0, 2, 4, 16, 0, 0, 16, 64, 0, 0, 256, 2]",up,256
168,1934,"[0, 2, 2, 4, 0, 0, 4, 16, 0, 4, 16, 64, 2, 2, 256, 2]",down,256
169,1934,"[2, 2, 2, 4, 0, 4, 4, 16, 0, 2, 16, 64, 2, 0, 256, 2]",up,256
170,1938,"[4, 2, 2, 4, 0, 4, 4, 16, 0, 2, 16, 64, 2, 0, 256, 2]",up,256
171,1950,"[4, 4, 4, 0, 8, 16, 0, 2, 2, 16, 64, 0, 2, 256, 2, 0]",left,256
172,1986,"[4, 4, 4, 2, 8, 32, 64, 0, 4, 256, 2, 0, 0, 0, 2, 0]",up,256
173,1990,"[4, 4, 4, 2, 8, 32, 64, 0, 4, 256, 4, 2, 0, 0, 0, 0]",up,256
174,1994,"[4, 4, 4, 4, 8, 32, 64, 0, 4, 256, 4, 0, 0, 2, 0, 0]",up,256
175,2010,"[8, 8, 0, 0, 8, 32, 64, 0, 4, 256, 4, 0, 2, 0, 2, 0]",left,256
176,2030,"[16, 0, 4, 0, 8, 32, 64, 0, 4, 256, 4, 0, 4, 0, 0, 0]",left,256
177,2038,"[16, 32, 4, 0, 8, 256, 64, 0, 8, 0, 4, 2, 0, 0, 0, 0]",up,256
178,2054,"[16, 32, 4, 2, 16, 256, 64, 0, 0, 0, 4, 4, 0, 0, 0, 0]",up,256
179,2062,"[16, 32, 4, 2, 16, 256, 64, 0, 8, 0, 0, 0, 2, 0, 0, 0]",left,256
180,2078,"[0, 0, 0, 0, 32, 0, 2, 0, 8, 32, 4, 0, 2, 256, 64, 2]",down,256
181,2078,"[0, 0, 0, 0, 32, 2, 0, 2, 8, 32, 4, 0, 2, 256, 64, 2]",left,256
182,2082,"[0, 0, 0, 4, 0, 0, 32, 4, 0, 8, 32, 4, 2, 256, 64, 2]",right,256
183,2154,"[2, 8, 64, 8, 0, 256, 64, 4, 0, 2, 0, 2, 0, 0, 0, 0]",up,256
184,2158,"[2, 8, 64, 8, 256, 64, 4, 0, 4, 0, 0, 2, 0, 0, 0, 0]",left,256
185,2158,"[2, 8, 64, 8, 2, 256, 64, 4, 0, 0, 4, 2, 0, 0, 0, 0]",right,256
186,2290,"[4, 8, 128, 8, 0, 256, 4, 4, 2, 0, 0, 2, 0, 0, 0, 0]",up,256
187,2302,"[4, 8, 128, 8, 256, 8, 0, 0, 4, 0, 0, 0, 0, 0, 2, 0]",left,256
188,2302,"[4, 8, 128, 8, 0, 0, 256, 8, 0, 0, 2, 4, 0, 0, 0, 2]",right,256
189,2310,"[0, 2, 0, 0, 0, 0, 128, 16, 0, 0, 256, 4, 4, 8, 2, 2]",down,256
190,2314,"[0, 0, 0, 2, 2, 0, 128, 16, 0, 0, 256, 4, 0, 4, 8, 4]",right,256
191,2322,"[2, 4, 128, 2, 0, 0, 256, 16, 0, 2, 8, 8, 0, 0, 0, 0]",up,256
192,2322,"[0, 0, 0, 0, 2, 0, 128, 2, 0, 4, 256, 16, 2, 2, 8, 8]",down,256
193,2324,"[0, 0, 0, 0, 0, 2, 128, 2, 0, 4, 256, 16, 4, 2, 8, 8]",down,256
194,2340,"[0, 0, 0, 0, 2, 128, 2, 0, 4, 256, 16, 2, 4, 2, 16, 0]",left,256
195,2380,"[2, 128, 2, 2, 8, 256, 32, 0, 0, 2, 0, 0, 0, 0, 2, 0]",up,256
196,2380,"[2, 128, 2, 2, 8, 256, 32, 0, 0, 2, 2, 0, 0, 2, 0, 0]",up,256
197,2382,"[0, 0, 0, 2, 0, 128, 2, 0, 2, 256, 32, 0, 8, 4, 2, 2]",down,256
198,2386,"[2, 0, 0, 0, 128, 2, 0, 0, 2, 256, 32, 0, 8, 4, 4, 2]",left,256
199,2394,"[0, 0, 0, 2, 0, 0, 128, 2, 2, 2, 256, 32, 0, 8, 8, 2]",right,256
200,2414,"[2, 0, 0, 0, 128, 2, 0, 0, 4, 256, 32, 0, 16, 2, 0, 2]",left,256
201,2414,"[2, 0, 0, 0, 128, 2, 2, 0, 4, 256, 0, 0, 16, 2, 32, 2]",down,256
202,2414,"[2, 2, 2, 2, 128, 256, 32, 0, 4, 2, 0, 0, 16, 0, 0, 2]",up,256
203,2422,"[0, 2, 4, 4, 0, 128, 256, 32, 0, 0, 4, 2, 0, 0, 16, 2]",right,256
204,2426,"[0, 2, 4, 4, 0, 128, 256, 32, 0, 0, 4, 4, 0, 2, 16, 0]",up,256
205,2426,"[0, 2, 4, 4, 0, 128, 256, 32, 0, 2, 4, 4, 2, 0, 16, 0]",up,256
206,2442,"[0, 2, 2, 8, 0, 128, 256, 32, 0, 0, 2, 8, 0, 0, 2, 16]",right,256
207,2446,"[0, 2, 2, 8, 4, 128, 256, 32, 0, 0, 4, 8, 0, 0, 0, 16]",up,256
208,2450,"[4, 8, 0, 0, 4, 128, 256, 32, 4, 8, 0, 2, 16, 0, 0, 0]",left,256
209,2458,"[8, 8, 256, 32, 4, 128, 0, 2, 16, 8, 0, 2, 0, 0, 0, 0]",up,256
210,2462,"[8, 8, 256, 32, 4, 128, 0, 4, 16, 8, 0, 0, 0, 0, 2, 0]",up,256
211,2462,"[4, 0, 0, 0, 8, 8, 0, 0, 4, 128, 256, 32, 16, 8, 2, 4]",down,256
212,2478,"[4, 0, 2, 0, 16, 0, 0, 0, 4, 128, 256, 32, 16, 8, 2, 4]",left,256
213,2478,"[0, 0, 4, 2, 0, 4, 0, 16, 4, 128, 256, 32, 16, 8, 2, 4]",right,256
214,2478,"[4, 2, 0, 0, 4, 16, 0, 2, 4, 128, 256, 32, 16, 8, 2, 4]",left,256
215,2478,"[4, 2, 0, 0, 4, 16, 2, 2, 4, 128, 256, 32, 16, 8, 2, 4]",left,256
216,2486,"[8, 2, 2, 2, 4, 16, 256, 32, 16, 128, 2, 4, 0, 8, 0, 2]",up,256
217,2486,"[2, 2, 0, 2, 8, 16, 2, 32, 4, 128, 256, 4, 16, 8, 2, 2]",down,256
218,2494,"[0, 0, 2, 4, 8, 16, 2, 32, 4, 128, 256, 4, 2, 16, 8, 4]",right,256
219,2506,"[8, 16, 4, 4, 4, 128, 256, 32, 2, 16, 8, 8, 0, 0, 0, 2]",up,256
220,2530,"[0, 8, 16, 8, 4, 128, 256, 32, 0, 2, 16, 16, 0, 2, 0, 2]",right,256
221,2566,"[0, 8, 16, 8, 4, 128, 256, 32, 0, 0, 2, 32, 0, 2, 0, 4]",right,256
222,2630,"[4, 8, 16, 8, 0, 128, 256, 64, 0, 2, 2, 4, 0, 0, 0, 2]",up,256
223,2634,"[4, 8, 16, 8, 0, 128, 256, 64, 2, 0, 4, 4, 0, 0, 0, 2]",right,256
224,2634,"[4, 8, 16, 8, 2, 128, 256, 64, 0, 2, 4, 4, 0, 0, 0, 2]",up,256
225,2642,"[4, 8, 16, 8, 2, 128, 256, 64, 2, 8, 0, 2, 2, 0, 0, 0]",left,256
226,2646,"[4, 8, 16, 8, 4, 128, 256, 64, 2, 8, 0, 2, 0, 0, 0, 2]",up,256
227,2646,"[4, 8, 16, 8, 4, 128, 256, 64, 2, 8, 2, 4, 2, 0, 0, 0]",left,256
228,2646,"[4, 8, 16, 8, 4, 128, 256, 64, 2, 8, 2, 4, 0, 0, 2, 2]",right,256
229,2658,"[8, 8, 16, 8, 2, 128, 256, 64, 0, 8, 4, 4, 2, 0, 0, 2]",up,256
230,2686,"[0, 16, 16, 8, 2, 128, 256, 64, 0, 0, 8, 8, 0, 2, 0, 4]",right,256
231,2686,"[2, 16, 16, 8, 0, 128, 256, 64, 0, 2, 8, 8, 2, 0, 0, 4]",up,256
232,2734,"[0, 2, 32, 8, 0, 128, 256, 64, 0, 2, 2, 16, 0, 0, 2, 4]",right,256
233,2738,"[0, 2, 32, 8, 0, 128, 256, 64, 0, 2, 4, 16, 2, 0, 0, 4]",up,256
234,2738,"[0, 2, 0, 8, 0, 2, 32, 64, 0, 128, 256, 16, 2, 2, 4, 4]",down,256
235,2750,"[0, 0, 2, 8, 0, 2, 32, 64, 0, 128, 256, 16, 2, 0, 4, 8]",right,256
236,2750,"[0, 0, 2, 8, 0, 2, 32, 64, 0, 128, 256, 16, 4, 2, 4, 8]",right,256
237,2750,"[4, 2, 2, 8, 2, 128, 32, 64, 0, 2, 256, 16, 0, 0, 4, 8]",up,256
238,2754,"[4, 4, 8, 0, 2, 128, 32, 64, 2, 256, 16, 0, 4, 8, 0, 2]",left,256
239,2756,"[0, 4, 0, 2, 4, 128, 8, 0, 4, 256, 32, 64, 4, 8, 16, 2]",down,256
240,2756,"[4, 2, 2, 0, 4, 128, 8, 0, 4, 256, 32, 64, 4, 8, 16, 2]",left,256
241,2764,"[0, 2, 2, 4, 0, 128, 8, 0, 8, 256, 32, 64, 8, 8, 16, 2]",down,256
242,2784,"[0, 2, 4, 4, 0, 0, 128, 8, 8, 256, 32, 64, 0, 16, 16, 2]",right,256
243,2824,"[0, 0, 2, 8, 0, 2, 128, 8, 8, 256, 32, 64, 0, 0, 32, 2]",right,256
244,2864,"[2, 0, 0, 0, 0, 0, 2, 16, 0, 2, 128, 64, 8, 256, 64, 2]",down,256
245,2864,"[2, 0, 0, 0, 2, 16, 2, 0, 2, 128, 64, 0, 8, 256, 64, 2]",left,256
246,2996,"[4, 16, 2, 2, 2, 128, 128, 0, 8, 256, 0, 0, 0, 2, 0, 0]",up,256
247,3256,"[4, 16, 4, 0, 2, 256, 0, 0, 8, 256, 0, 2, 2, 0, 0, 0]",left,256
248,3512,"[4, 0, 0, 0, 2, 0, 0, 2, 8, 16, 0, 0, 2, 512, 4, 2]",down,512
249,3516,"[4, 0, 0, 0, 4, 0, 0, 0, 8, 16, 0, 2, 2, 512, 4, 2]",left,512
250,3522,"[0, 0, 0, 0, 8, 0, 0, 2, 8, 16, 0, 0, 2, 512, 4, 4]",down,512
251,3530,"[0, 2, 0, 0, 0, 0, 0, 0, 16, 16, 0, 2, 2, 512, 4, 4]",down,512
252,3530,"[0, 2, 0, 0, 0, 2, 0, 0, 16, 16, 0, 2, 2, 512, 4, 4]",down,512
253,3532,"[2, 0, 0, 0, 0, 4, 0, 0, 16, 16, 0, 2, 2, 512, 4, 4]",down,512
254,3572,"[2, 0, 0, 0, 4, 2, 0, 0, 32, 2, 0, 0, 2, 512, 8, 0]",left,512
255,3574,"[2, 0, 2, 0, 4, 0, 0, 0, 32, 4, 0, 0, 2, 512, 8, 0]",down,512
256,3578,"[4, 0, 0, 0, 4, 0, 0, 0, 32, 4, 0, 0, 2, 512, 8, 2]",left,512
257,3586,"[8, 4, 8, 2, 32, 512, 0, 0, 2, 0, 0, 0, 0, 0, 0, 2]",up,512
258,3586,"[8, 4, 8, 2, 0, 0, 32, 512, 0, 0, 0, 2, 0, 2, 0, 2]",right,512
259,3588,"[0, 0, 2, 0, 0, 0, 0, 2, 0, 4, 8, 512, 8, 2, 32, 4]",down,512
260,3588,"[8, 4, 2, 2, 0, 2, 8, 512, 0, 0, 32, 4, 0, 0, 0, 4]",up,512
261,3596,"[8, 4, 2, 2, 0, 2, 8, 512, 0, 0, 32, 8, 0, 2, 0, 0]",up,512
262,3600,"[8, 4, 2, 2, 0, 4, 8, 512, 0, 0, 32, 8, 0, 0, 0, 2]",up,512
263,3604,"[0, 0, 0, 2, 0, 0, 2, 512, 0, 2, 8, 8, 8, 8, 32, 2]",down,512
264,3636,"[2, 0, 2, 0, 2, 512, 0, 0, 2, 16, 0, 0, 16, 32, 2, 0]",left,512
265,3640,"[0, 0, 0, 0, 2, 512, 0, 0, 4, 16, 4, 0, 16, 32, 4, 0]",down,512
266,3648,"[2, 512, 8, 0, 4, 16, 0, 0, 16, 32, 0, 0, 2, 0, 0, 0]",up,512
267,3648,"[2, 0, 0, 0, 4, 512, 0, 2, 16, 16, 0, 0, 2, 32, 8, 0]",down,512
268,3680,"[2, 0, 0, 0, 4, 512, 2, 0, 32, 2, 0, 0, 2, 32, 8, 0]",left,512
269,3680,"[0, 2, 0, 2, 0, 4, 512, 2, 0, 0, 32, 2, 0, 2, 32, 8]",right,512
270,3684,"[0, 0, 0, 4, 0, 4, 512, 2, 0, 0, 32, 2, 2, 2, 32, 8]",right,512
271,3752,"[2, 4, 512, 4, 0, 2, 64, 4, 0, 2, 0, 8, 0, 0, 0, 0]",up,512
272,3758,"[0, 0, 0, 0, 2, 0, 0, 0, 0, 4, 512, 8, 2, 4, 64, 8]",down,512
273,3786,"[4, 8, 512, 16, 0, 0, 64, 0, 0, 0, 0, 0, 2, 0, 0, 0]",up,512
274,3786,"[4, 8, 512, 16, 2, 0, 64, 0, 0, 0, 0, 0, 0, 0, 0, 2]",up,512
275,3786,"[4, 8, 512, 16, 2, 0, 64, 2, 0, 0, 4, 0, 0, 0, 0, 0]",up,512
276,3786,"[4, 8, 512, 16, 2, 64, 2, 0, 4, 0, 0, 0, 0, 0, 2, 0]",left,512
277,3790,"[4, 8, 512, 16, 2, 64, 4, 0, 4, 0, 0, 0, 0, 0, 0, 2]",up,512
278,3790,"[4, 8, 512, 16, 0, 2, 64, 4, 0, 0, 0, 4, 0, 0, 2, 2]",right,512
279,3798,"[4, 8, 512, 16, 0, 2, 64, 8, 0, 0, 2, 2, 0, 0, 0, 2]",up,512
280,3802,"[4, 8, 512, 16, 0, 2, 64, 8, 0, 2, 2, 4, 0, 0, 0, 0]",up,512
281,3806,"[4, 8, 512, 16, 0, 4, 64, 8, 0, 0, 2, 4, 0, 0, 2, 0]",up,512
282,3808,"[0, 0, 0, 0, 0, 2, 512, 16, 0, 8, 64, 8, 4, 4, 4, 4]",down,512
283,3824,"[2, 0, 0, 0, 2, 512, 16, 0, 8, 64, 8, 0, 8, 8, 0, 0]",left,512
284,3834,"[2, 0, 0, 0, 0, 512, 0, 0, 4, 64, 16, 0, 16, 8, 8, 0]",down,512
285,3834,"[0, 0, 0, 0, 2, 512, 0, 0, 4, 64, 16, 0, 16, 8, 8, 2]",down,512
286,3850,"[0, 0, 0, 0, 2, 512, 0, 0, 4, 64, 16, 0, 16, 16, 2, 2]",left,512
287,3886,"[0, 0, 0, 0, 2, 512, 0, 2, 4, 64, 16, 0, 32, 4, 0, 0]",left,512
288,3886,"[2, 512, 16, 2, 4, 64, 0, 0, 32, 4, 0, 0, 0, 0, 0, 2]",up,512
289,3890,"[2, 512, 16, 4, 4, 64, 0, 0, 32, 4, 0, 0, 0, 2, 0, 0]",up,512
290,3890,"[0, 512, 0, 2, 2, 64, 0, 0, 4, 4, 0, 0, 32, 2, 16, 4]",down,512
291,3890,"[2, 512, 16, 2, 4, 64, 0, 4, 32, 4, 2, 0, 0, 2, 0, 0]",up,512
292,3890,"[0, 512, 0, 0, 2, 64, 2, 0, 4, 4, 16, 2, 32, 2, 2, 4]",down,512
293,3890,"[2, 512, 2, 2, 4, 64, 16, 4, 32, 4, 2, 0, 0, 2, 0, 2]",up,512
294,3890,"[2, 512, 2, 2, 4, 64, 16, 4, 32, 4, 2, 2, 0, 2, 2, 0]",up,512
295,3902,"[0, 2, 512, 4, 4, 64, 16, 4, 0, 32, 4, 4, 0, 0, 2, 4]",right,512
296,3910,"[0, 2, 512, 0, 0, 2, 16, 0, 0, 64, 4, 8, 4, 32, 2, 8]",down,512
297,3930,"[4, 4, 512, 16, 0, 64, 16, 0, 0, 32, 4, 0, 2, 0, 2, 0]",up,512
298,3942,"[8, 512, 16, 0, 64, 16, 0, 0, 32, 4, 0, 2, 4, 0, 0, 0]",left,512
299,3942,"[8, 0, 0, 2, 64, 512, 0, 0, 32, 16, 0, 0, 4, 4, 16, 2]",down,512
300,3950,"[8, 2, 0, 0, 64, 512, 0, 0, 32, 16, 0, 0, 8, 16, 2, 4]",left,512
301,3982,"[8, 2, 2, 4, 64, 512, 0, 0, 32, 32, 0, 0, 8, 2, 0, 0]",up,512
302,4050,"[8, 4, 4, 2, 64, 512, 0, 0, 64, 0, 0, 0, 8, 2, 0, 0]",left,512
303,4178,"[8, 4, 4, 2, 128, 512, 0, 0, 8, 2, 0, 0, 2, 0, 0, 0]",up,512
304,4186,"[8, 8, 2, 0, 128, 512, 0, 0, 8, 2, 0, 0, 2, 2, 0, 0]",left,512
305,4190,"[8, 8, 2, 0, 128, 512, 0, 0, 8, 4, 0, 0, 2, 2, 0, 0]",up,512
306,4210,"[16, 2, 0, 0, 128, 512, 2, 0, 8, 4, 0, 0, 4, 0, 0, 0]",left,512
307,4210,"[16, 0, 0, 0, 128, 2, 0, 0, 8, 512, 0, 2, 4, 4, 2, 0]",down,512
308,4218,"[16, 0, 0, 0, 128, 2, 2, 0, 8, 512, 2, 0, 8, 2, 0, 0]",left,512
309,4238,"[16, 2, 4, 0, 128, 512, 0, 2, 16, 2, 0, 0, 0, 0, 0, 0]",up,512
310,4238,"[0, 16, 2, 4, 0, 128, 512, 2, 0, 2, 16, 2, 0, 0, 0, 0]",right,512
311,4242,"[0, 16, 2, 4, 0, 128, 512, 4, 0, 2, 16, 0, 0, 0, 0, 2]",up,512
312,4250,"[0, 16, 2, 8, 0, 128, 512, 2, 0, 2, 16, 2, 0, 0, 0, 0]",up,512
313,4254,"[0, 16, 2, 8, 0, 128, 512, 4, 0, 2, 16, 0, 0, 0, 0, 2]",up,512
314,4254,"[16, 2, 8, 2, 128, 512, 4, 0, 2, 16, 0, 0, 2, 0, 0, 0]",left,512
315,4258,"[16, 2, 8, 2, 128, 512, 4, 0, 4, 16, 0, 2, 0, 0, 0, 0]",up,512
316,4260,"[0, 0, 0, 2, 16, 2, 0, 0, 128, 512, 8, 0, 4, 16, 4, 4]",down,512
317,4268,"[2, 0, 2, 0, 16, 2, 0, 0, 128, 512, 8, 0, 4, 16, 8, 0]",left,512
318,4276,"[2, 0, 0, 2, 16, 2, 0, 0, 128, 512, 2, 0, 4, 16, 16, 0]",down,512
319,4312,"[0, 0, 0, 4, 0, 0, 16, 2, 0, 128, 512, 2, 0, 4, 4, 32]",right,512
320,4314,"[0, 0, 0, 0, 2, 0, 16, 4, 0, 128, 512, 4, 0, 4, 4, 32]",down,512
321,4322,"[0, 0, 0, 2, 0, 2, 16, 4, 0, 128, 512, 4, 0, 0, 8, 32]",right,512
322,4326,"[0, 0, 0, 0, 2, 0, 16, 2, 0, 2, 512, 8, 0, 128, 8, 32]",down,512
323,4326,"[2, 0, 0, 0, 0, 0, 16, 2, 0, 2, 512, 8, 2, 128, 8, 32]",down,512
324,4326,"[2, 0, 0, 0, 16, 2, 0, 0, 2, 512, 8, 4, 2, 128, 8, 32]",left,512
325,4326,"[0, 2, 0, 2, 0, 0, 16, 2, 2, 512, 8, 4, 2, 128, 8, 32]",right,512
326,4350,"[4, 2, 16, 4, 0, 512, 16, 4, 0, 128, 0, 32, 0, 0, 0, 2]",up,512
327,4370,"[0, 2, 0, 0, 0, 2, 0, 8, 0, 512, 0, 32, 4, 128, 32, 2]",down,512
328,4374,"[4, 4, 32, 8, 0, 512, 0, 32, 2, 128, 0, 2, 0, 0, 0, 0]",up,512
329,4382,"[8, 32, 8, 0, 512, 32, 0, 0, 2, 128, 2, 0, 0, 0, 0, 2]",left,512
330,4446,"[8, 64, 8, 2, 512, 128, 2, 0, 2, 0, 2, 0, 0, 0, 0, 0]",up,512
331,4450,"[8, 64, 8, 2, 0, 512, 128, 2, 0, 0, 2, 4, 0, 0, 0, 0]",right,512
332,4454,"[8, 64, 8, 4, 0, 512, 128, 4, 0, 2, 2, 0, 0, 0, 0, 0]",up,512
333,4462,"[8, 64, 8, 8, 0, 512, 128, 0, 2, 2, 2, 0, 0, 0, 0, 0]",up,512
334,4462,"[8, 64, 8, 8, 2, 512, 128, 0, 0, 2, 2, 0, 0, 0, 2, 0]",up,512
335,4464,"[0, 0, 0, 0, 2, 64, 8, 0, 8, 512, 128, 0, 2, 2, 4, 8]",down,512
336,4464,"[2, 64, 8, 8, 8, 512, 128, 0, 2, 2, 4, 0, 0, 0, 2, 0]",up,512
337,4484,"[2, 64, 16, 0, 8, 512, 128, 0, 4, 4, 0, 0, 2, 0, 2, 0]",left,512
338,4496,"[2, 64, 16, 0, 8, 512, 128, 0, 8, 0, 0, 0, 4, 2, 0, 0]",left,512
339,4504,"[0, 2, 0, 0, 2, 64, 0, 0, 16, 512, 16, 0, 4, 2, 128, 0]",down,512
340,4504,"[2, 2, 16, 0, 16, 64, 128, 0, 4, 512, 0, 0, 0, 2, 2, 0]",up,512
341,4512,"[4, 16, 2, 0, 16, 64, 128, 0, 4, 512, 0, 0, 4, 0, 0, 0]",left,512
342,4520,"[4, 16, 2, 0, 16, 64, 128, 0, 8, 512, 0, 0, 2, 0, 0, 0]",up,512
343,4520,"[4, 0, 0, 0, 16, 16, 0, 2, 8, 64, 2, 0, 2, 512, 128, 0]",down,512
344,4552,"[4, 0, 0, 0, 32, 2, 0, 2, 8, 64, 2, 0, 2, 512, 128, 0]",left,512
345,4556,"[2, 0, 0, 4, 0, 0, 32, 4, 0, 8, 64, 2, 0, 2, 512, 128]",right,512
346,4560,"[0, 0, 0, 0, 0, 0, 32, 8, 2, 8, 64, 2, 2, 2, 512, 128]",down,512
347,4562,"[0, 0, 0, 2, 0, 0, 32, 8, 0, 8, 64, 2, 4, 2, 512, 128]",down,512
348,4562,"[4, 8, 32, 2, 0, 2, 64, 8, 0, 0, 512, 2, 0, 2, 0, 128]",up,512
349,4566,"[4, 8, 32, 2, 0, 4, 64, 8, 0, 0, 512, 2, 4, 0, 0, 128]",up,512
350,4566,"[4, 8, 32, 2, 4, 64, 8, 0, 512, 2, 0, 0, 4, 128, 4, 0]",left,512
351,4574,"[8, 8, 32, 2, 512, 64, 8, 2, 4, 2, 4, 0, 0, 128, 0, 0]",up,512
352,4578,"[8, 8, 32, 4, 512, 64, 8, 2, 4, 2, 4, 0, 0, 128, 0, 0]",up,512
353,4594,"[16, 32, 4, 0, 512, 64, 8, 2, 4, 2, 4, 0, 128, 2, 0, 0]",left,512
354,4596,"[16, 0, 0, 0, 512, 32, 4, 0, 4, 64, 8, 2, 128, 4, 4, 2]",down,512
355,4604,"[0, 2, 0, 16, 0, 512, 32, 4, 4, 64, 8, 2, 0, 128, 8, 2]",right,512
356,4614,"[0, 2, 0, 0, 0, 512, 0, 16, 2, 64, 32, 4, 4, 128, 16, 4]",down,512
357,4622,"[2, 2, 32, 16, 4, 512, 16, 8, 0, 64, 0, 4, 0, 128, 0, 0]",up,512
358,4626,"[4, 32, 16, 0, 4, 512, 16, 8, 64, 4, 2, 0, 128, 0, 0, 0]",left,512
359,4666,"[8, 32, 32, 8, 64, 512, 2, 0, 128, 4, 0, 0, 0, 4, 0, 0]",up,512
360,4730,"[8, 64, 8, 0, 64, 512, 2, 0, 128, 4, 0, 0, 4, 0, 2, 0]",left,512
361,4734,"[8, 64, 8, 0, 64, 512, 4, 0, 128, 4, 0, 0, 4, 2, 0, 0]",up,512
362,4734,"[0, 8, 64, 8, 0, 64, 512, 4, 0, 2, 128, 4, 0, 0, 4, 2]",right,512
363,4742,"[0, 8, 64, 8, 0, 64, 512, 8, 4, 2, 128, 2, 0, 0, 4, 0]",up,512
364,4742,"[8, 64, 8, 0, 64, 512, 8, 0, 4, 2, 128, 2, 4, 2, 0, 0]",left,512
365,4770,"[8, 64, 16, 2, 64, 512, 128, 0, 8, 4, 0, 0, 0, 0, 2, 0]",up,512
366,4770,"[8, 64, 16, 2, 64, 512, 128, 2, 8, 4, 0, 0, 2, 0, 0, 0]",left,512
367,4770,"[8, 64, 16, 2, 64, 512, 128, 2, 2, 0, 8, 4, 0, 0, 0, 2]",right,512
368,4772,"[0, 2, 0, 0, 8, 0, 16, 4, 64, 64, 128, 4, 2, 512, 8, 2]",down,512
369,4900,"[2, 2, 0, 0, 8, 16, 4, 0, 128, 128, 4, 0, 2, 512, 8, 2]",left,512
370,4904,"[2, 2, 0, 0, 8, 16, 0, 0, 128, 128, 8, 2, 2, 512, 8, 2]",down,512
371,4924,"[2, 2, 16, 4, 8, 16, 0, 0, 128, 128, 0, 2, 2, 512, 0, 0]",up,512
372,5184,"[4, 16, 4, 0, 8, 16, 0, 0, 256, 2, 4, 0, 2, 512, 0, 0]",left,512
373,5204,"[4, 0, 0, 0, 8, 32, 0, 0, 256, 2, 0, 0, 2, 512, 8, 2]",down,512
374,5204,"[4, 32, 8, 2, 8, 2, 0, 0, 256, 512, 0, 0, 2, 0, 0, 2]",up,512
375,5208,"[4, 32, 8, 4, 8, 2, 0, 0, 256, 512, 0, 0, 2, 0, 0, 2]",up,512
376,5208,"[4, 32, 8, 4, 8, 2, 0, 2, 256, 512, 0, 0, 2, 0, 0, 2]",up,512
377,5216,"[4, 32, 8, 4, 0, 0, 8, 4, 0, 0, 256, 512, 0, 2, 0, 4]",right,512
378,5240,"[4, 32, 16, 8, 0, 2, 256, 512, 0, 0, 0, 4, 0, 0, 2, 0]",up,512
379,5240,"[4, 32, 16, 8, 2, 256, 512, 0, 4, 0, 0, 2, 2, 0, 0, 0]",left,512
380,5240,"[4, 32, 16, 8, 0, 2, 256, 512, 2, 0, 4, 2, 0, 0, 0, 2]",right,512
381,5244,"[4, 32, 16, 8, 2, 2, 256, 512, 0, 0, 4, 4, 2, 0, 0, 0]",up,512
382,5248,"[4, 32, 16, 8, 4, 2, 256, 512, 0, 0, 4, 4, 0, 2, 0, 0]",up,512
383,5254,"[0, 0, 0, 0, 0, 2, 16, 8, 0, 32, 256, 512, 8, 4, 4, 4]",down,512
384,5262,"[0, 0, 2, 0, 2, 16, 8, 0, 32, 256, 512, 0, 8, 8, 4, 0]",left,512
385,5262,"[2, 16, 2, 0, 32, 256, 8, 0, 8, 8, 512, 2, 0, 0, 4, 0]",up,512
386,5278,"[2, 16, 2, 0, 32, 256, 8, 0, 16, 512, 2, 0, 4, 0, 0, 2]",left,512
387,5278,"[0, 2, 16, 2, 2, 32, 256, 8, 0, 16, 512, 2, 0, 0, 4, 2]",right,512
388,5280,"[0, 0, 16, 0, 4, 2, 256, 2, 0, 32, 512, 8, 2, 16, 4, 4]",down,512
389,5288,"[0, 0, 0, 16, 4, 2, 256, 2, 2, 32, 512, 8, 0, 2, 16, 8]",right,512
390,5296,"[0, 2, 0, 0, 0, 2, 256, 16, 4, 32, 512, 2, 2, 2, 16, 16]",down,512
391,5300,"[4, 4, 256, 16, 2, 32, 512, 2, 0, 2, 16, 16, 0, 0, 2, 0]",up,512
392,5340,"[8, 256, 16, 0, 2, 32, 512, 2, 2, 32, 0, 2, 2, 0, 0, 0]",left,512
393,5340,"[0, 8, 256, 16, 2, 32, 512, 2, 0, 2, 32, 2, 0, 2, 0, 2]",right,512
394,5344,"[8, 256, 16, 0, 2, 32, 512, 2, 2, 32, 2, 0, 4, 0, 2, 0]",left,512
395,5380,"[0, 0, 0, 0, 8, 0, 16, 0, 4, 256, 512, 2, 4, 64, 4, 2]",down,512
396,5386,"[0, 2, 0, 0, 0, 0, 16, 0, 8, 256, 512, 0, 8, 64, 4, 4]",down,512
397,5394,"[2, 0, 2, 0, 16, 0, 0, 0, 8, 256, 512, 0, 8, 64, 8, 0]",left,512
398,5402,"[0, 0, 2, 0, 2, 0, 2, 0, 16, 256, 512, 0, 16, 64, 8, 0]",down,512
399,5438,"[2, 256, 4, 0, 32, 64, 512, 0, 0, 0, 8, 0, 0, 0, 0, 2]",up,512
400,5438,"[0, 0, 0, 0, 0, 0, 4, 0, 2, 256, 512, 2, 32, 64, 8, 2]",down,512
401,5438,"[0, 0, 0, 0, 0, 4, 0, 4, 2, 256, 512, 2, 32, 64, 8, 2]",right,512
402,5440,"[0, 0, 0, 0, 0, 4, 0, 2, 2, 256, 512, 4, 32, 64, 8, 4]",down,512
403,5444,"[0, 0, 2, 0, 0, 4, 0, 0, 2, 256, 512, 2, 32, 64, 8, 8]",down,512
404,5444,"[2, 0, 0, 0, 0, 4, 2, 0, 2, 256, 512, 2, 32, 64, 8, 8]",down,512
405,5446,"[0, 0, 0, 0, 0, 4, 2, 2, 4, 256, 512, 2, 32, 64, 8, 8]",down,512
406,5466,"[0, 2, 0, 0, 4, 4, 0, 0, 4, 256, 512, 2, 32, 64, 16, 0]",left,512
407,5474,"[0, 4, 0, 2, 0, 0, 0, 8, 4, 256, 512, 2, 0, 32, 64, 16]",right,512
408,5474,"[4, 2, 2, 0, 8, 0, 0, 0, 4, 256, 512, 2, 32, 64, 16, 0]",left,512
409,5478,"[4, 4, 0, 0, 8, 0, 0, 0, 4, 256, 512, 2, 32, 64, 16, 2]",left,512
410,5486,"[2, 0, 0, 8, 0, 0, 0, 8, 4, 256, 512, 2, 32, 64, 16, 2]",right,512
411,5506,"[2, 256, 512, 16, 4, 64, 16, 4, 32, 0, 0, 0, 0, 0, 2, 0]",up,512
412,5506,"[0, 0, 0, 0, 2, 0, 512, 2, 4, 256, 16, 16, 32, 64, 2, 4]",down,512
413,5506,"[2, 256, 512, 2, 4, 64, 16, 16, 32, 0, 2, 4, 2, 0, 0, 0]",up,512
414,5538,"[2, 256, 512, 2, 0, 4, 64, 32, 0, 32, 2, 4, 2, 0, 0, 2]",right,512
415,5540,"[0, 0, 0, 2, 2, 256, 512, 32, 0, 4, 64, 4, 4, 32, 2, 2]",down,512
416,5540,"[2, 256, 512, 2, 4, 4, 64, 32, 0, 32, 2, 4, 0, 0, 2, 2]",up,512
417,5552,"[2, 256, 512, 2, 8, 64, 32, 0, 32, 2, 4, 0, 4, 0, 0, 2]",left,512
418,5556,"[2, 256, 512, 4, 8, 64, 32, 0, 32, 2, 4, 2, 4, 0, 0, 0]",up,512
419,5556,"[2, 256, 512, 4, 8, 64, 32, 2, 32, 2, 4, 2, 4, 0, 0, 0]",up,512
420,5556,"[2, 256, 512, 4, 8, 64, 32, 2, 32, 2, 4, 2, 2, 0, 0, 4]",right,512
421,5558,"[2, 2, 0, 0, 8, 256, 512, 4, 32, 64, 32, 4, 2, 2, 4, 4]",down,512
422,5574,"[2, 0, 0, 4, 8, 256, 512, 4, 32, 64, 32, 4, 0, 0, 4, 8]",right,512
423,5582,"[2, 256, 512, 8, 8, 64, 32, 4, 32, 0, 4, 8, 2, 0, 0, 0]",up,512
424,5582,"[2, 256, 512, 8, 8, 64, 32, 4, 2, 32, 4, 8, 0, 0, 0, 2]",right,512
425,5582,"[0, 0, 2, 8, 2, 256, 512, 4, 8, 64, 32, 8, 2, 32, 4, 2]",down,512
426,5582,"[2, 256, 2, 8, 8, 64, 512, 4, 2, 32, 32, 8, 0, 2, 4, 2]",up,512
427,5646,"[2, 256, 2, 8, 8, 64, 512, 4, 2, 64, 8, 0, 2, 4, 2, 2]",left,512
428,5712,"[4, 0, 2, 0, 2, 256, 512, 8, 8, 128, 8, 4, 4, 4, 2, 2]",down,512
429,5724,"[0, 0, 4, 2, 2, 256, 512, 8, 8, 128, 8, 4, 0, 2, 8, 4]",right,512
430,5736,"[0, 0, 0, 0, 2, 256, 4, 2, 2, 128, 512, 8, 8, 2, 16, 8]",down,512
431,5746,"[2, 0, 0, 0, 0, 256, 4, 0, 4, 128, 512, 2, 8, 2, 16, 16]",down,512
432,5746,"[2, 256, 4, 2, 4, 128, 512, 16, 8, 2, 16, 0, 0, 2, 0, 0]",up,512
433,5748,"[0, 0, 0, 0, 2, 256, 4, 2, 4, 128, 512, 2, 8, 4, 16, 16]",down,512
434,5780,"[0, 2, 0, 0, 2, 256, 4, 2, 4, 128, 512, 2, 8, 4, 32, 0]",left,512
435,5782,"[0, 2, 0, 0, 2, 256, 4, 2, 4, 128, 512, 0, 8, 4, 32, 4]",down,512
436,5782,"[2, 2, 4, 2, 4, 256, 512, 4, 8, 128, 32, 0, 0, 4, 0, 2]",up,512
437,5782,"[0, 2, 2, 0, 2, 256, 4, 2, 4, 128, 512, 4, 8, 4, 32, 2]",down,512
438,5786,"[0, 2, 0, 4, 2, 256, 4, 2, 4, 128, 512, 4, 8, 4, 32, 2]",right,512
439,5786,"[2, 4, 2, 0, 2, 256, 4, 2, 4, 128, 512, 4, 8, 4, 32, 2]",left,512
440,5786,"[2, 2, 4, 2, 2, 256, 4, 2, 4, 128, 512, 4, 8, 4, 32, 2]",right,512
441,5794,"[0, 2, 2, 0, 4, 256, 8, 4, 4, 128, 512, 4, 8, 4, 32, 2]",down,512
442,5810,"[8, 2, 2, 8, 8, 256, 8, 2, 0, 128, 512, 0, 0, 4, 32, 2]",up,512
443,5814,"[8, 4, 8, 0, 8, 256, 8, 2, 128, 512, 2, 0, 4, 32, 2, 0]",left,512
444,5832,"[2, 4, 0, 0, 16, 256, 0, 0, 128, 512, 16, 0, 4, 32, 4, 2]",down,512
445,5832,"[0, 0, 2, 4, 0, 2, 16, 256, 0, 128, 512, 16, 4, 32, 4, 2]",right,512
446,5832,"[2, 4, 0, 0, 2, 16, 256, 2, 128, 512, 16, 0, 4, 32, 4, 2]",left,512
447,5836,"[2, 4, 0, 0, 4, 16, 256, 0, 128, 512, 16, 0, 4, 32, 4, 4]",down,512
448,5844,"[2, 4, 0, 0, 4, 16, 256, 2, 128, 512, 16, 0, 4, 32, 8, 0]",left,512
449,5844,"[2, 4, 256, 2, 4, 16, 16, 2, 128, 512, 8, 0, 4, 32, 0, 0]",up,512
450,5876,"[2, 4, 256, 2, 0, 4, 32, 2, 0, 128, 512, 8, 2, 0, 4, 32]",right,512
451,5892,"[4, 8, 256, 4, 0, 128, 32, 8, 0, 2, 512, 32, 0, 0, 4, 0]",up,512
452,5892,"[0, 0, 256, 2, 0, 8, 32, 4, 0, 128, 512, 8, 4, 2, 4, 32]",down,512
453,5892,"[256, 2, 0, 2, 8, 32, 4, 0, 128, 512, 8, 0, 4, 2, 4, 32]",left,512
454,5896,"[0, 2, 256, 4, 0, 8, 32, 4, 0, 128, 512, 8, 4, 2, 4, 32]",right,512
455,5904,"[4, 2, 256, 8, 0, 8, 32, 8, 2, 128, 512, 32, 0, 2, 4, 0]",up,512
456,5904,"[4, 2, 256, 8, 0, 8, 32, 8, 2, 128, 512, 32, 2, 0, 2, 4]",right,512
457,5914,"[0, 0, 256, 2, 0, 2, 32, 16, 4, 8, 512, 32, 4, 128, 2, 4]",down,512
458,5918,"[0, 0, 256, 2, 0, 2, 32, 16, 2, 8, 512, 32, 8, 128, 2, 4]",down,512
459,5918,"[2, 2, 256, 2, 8, 8, 32, 16, 0, 128, 512, 32, 2, 0, 2, 4]",up,512
460,5942,"[0, 4, 256, 2, 2, 16, 32, 16, 0, 128, 512, 32, 0, 0, 4, 4]",right,512
461,5950,"[4, 256, 2, 2, 2, 16, 32, 16, 128, 512, 32, 0, 8, 0, 0, 0]",left,512
462,6014,"[4, 256, 2, 2, 2, 16, 64, 16, 128, 512, 0, 2, 8, 0, 0, 0]",up,512
463,6018,"[4, 4, 256, 4, 2, 16, 64, 16, 0, 128, 512, 2, 0, 0, 0, 8]",right,512
464,6026,"[2, 8, 256, 4, 2, 16, 64, 16, 0, 128, 512, 2, 0, 0, 0, 8]",right,512
465,6030,"[4, 8, 256, 4, 0, 16, 64, 16, 2, 128, 512, 2, 0, 0, 0, 8]",up,512
466,6030,"[4, 8, 256, 4, 2, 16, 64, 16, 2, 128, 512, 2, 0, 0, 0, 8]",up,512
467,6030,"[4, 8, 256, 4, 2, 16, 64, 16, 2, 128, 512, 2, 8, 2, 0, 0]",left,512
468,6034,"[4, 8, 256, 4, 4, 16, 64, 16, 8, 128, 512, 2, 0, 2, 2, 0]",up,512
469,6038,"[4, 8, 256, 4, 4, 16, 64, 16, 8, 128, 512, 2, 4, 2, 0, 0]",left,512
470,6038,"[4, 8, 256, 4, 4, 16, 64, 16, 8, 128, 512, 2, 0, 2, 4, 2]",right,512
471,6044,"[0, 8, 256, 0, 2, 16, 64, 4, 8, 128, 512, 16, 8, 2, 4, 4]",down,512
472,6060,"[2, 8, 256, 4, 16, 16, 64, 16, 0, 128, 512, 4, 0, 2, 4, 2]",up,512
473,6092,"[2, 8, 256, 4, 32, 64, 16, 0, 128, 512, 4, 2, 2, 4, 2, 0]",left,512
474,6092,"[2, 8, 256, 0, 32, 64, 16, 2, 128, 512, 4, 4, 2, 4, 2, 2]",down,512
475,6104,"[2, 8, 256, 0, 32, 64, 16, 2, 128, 512, 8, 0, 2, 4, 4, 2]",left,512
476,6106,"[2, 8, 256, 2, 32, 64, 16, 0, 128, 512, 8, 0, 2, 4, 4, 4]",down,512
477,6114,"[2, 8, 256, 2, 2, 32, 64, 16, 0, 128, 512, 8, 0, 2, 4, 8]",right,512
478,6134,"[4, 8, 256, 2, 0, 32, 64, 16, 2, 128, 512, 16, 0, 2, 4, 0]",up,512
479,6134,"[4, 8, 256, 2, 2, 32, 64, 16, 2, 128, 512, 16, 0, 0, 2, 4]",right,512
480,6170,"[4, 8, 256, 2, 4, 32, 64, 32, 0, 128, 512, 4, 0, 4, 2, 0]",up,512
481,6170,"[4, 8, 256, 2, 4, 32, 64, 32, 128, 512, 4, 0, 4, 2, 0, 2]",left,512
482,6178,"[8, 8, 256, 2, 128, 32, 64, 32, 4, 512, 4, 2, 2, 2, 0, 0]",up,512
483,6198,"[16, 256, 2, 0, 128, 32, 64, 32, 4, 512, 4, 2, 4, 2, 0, 0]",left,512
484,6202,"[0, 256, 0, 0, 16, 32, 2, 2, 128, 512, 64, 32, 8, 2, 4, 2]",down,512
485,6202,"[16, 256, 2, 2, 128, 32, 64, 32, 8, 512, 4, 2, 2, 2, 0, 0]",up,512
486,6202,"[16, 256, 2, 0, 128, 32, 2, 2, 8, 512, 64, 32, 2, 2, 4, 2]",down,512
487,6210,"[16, 256, 2, 0, 128, 32, 4, 2, 8, 512, 64, 32, 4, 4, 2, 0]",left,512
488,6210,"[16, 256, 2, 0, 128, 32, 4, 2, 8, 512, 64, 2, 4, 4, 2, 32]",down,512
489,6212,"[16, 256, 2, 0, 128, 32, 4, 2, 8, 512, 64, 4, 4, 4, 2, 32]",down,512
490,6220,"[16, 256, 2, 0, 128, 32, 4, 2, 8, 512, 64, 4, 8, 2, 32, 2]",left,512
491,6236,"[16, 256, 2, 2, 128, 32, 4, 4, 16, 512, 64, 2, 0, 2, 32, 2]",up,512
492,6248,"[2, 16, 256, 4, 0, 128, 32, 8, 16, 512, 64, 2, 0, 2, 32, 2]",right,512
493,6248,"[2, 16, 256, 4, 128, 32, 8, 0, 16, 512, 64, 2, 2, 32, 2, 2]",left,512
494,6250,"[2, 16, 256, 2, 128, 32, 8, 0, 16, 512, 64, 4, 2, 32, 2, 4]",down,512
495,6258,"[2, 16, 256, 2, 128, 32, 8, 8, 16, 512, 64, 0, 2, 32, 2, 2]",up,512
496,6258,"[2, 16, 256, 2, 128, 32, 8, 8, 16, 512, 64, 2, 2, 32, 2, 4]",up,512
497,6274,"[2, 16, 256, 2, 128, 32, 16, 2, 16, 512, 64, 2, 2, 32, 2, 4]",left,512
498,6278,"[2, 16, 256, 4, 128, 32, 16, 2, 16, 512, 64, 4, 2, 32, 2, 4]",up,512
499,6286,"[2, 16, 256, 4, 128, 32, 16, 2, 16, 512, 64, 8, 2, 32, 2, 2]",up,512
1,0,"[2, 0, 0, 0, 0, 0, 0, 4, 0, 0, 0, 0, 0, 0, 0, 0]",right,4
2,0,"[2, 0, 0, 4, 0, 0, 0, 0, 2, 0, 0, 0, 0, 0, 0, 0]",up,4
3,4,"[4, 0, 0, 4, 0, 2, 0, 0, 0, 0, 0, 0, 0, 0, 0, 0]",up,4
4,4,"[4, 2, 2, 4, 0, 0, 0, 0, 0, 0, 0, 0, 0, 0, 0, 0]",up,4
5,8,"[0, 4, 4, 4, 0, 0, 2, 0, 0, 0, 0, 0, 0, 0, 0, 0]",right,4
6,16,"[8, 4, 0, 0, 2, 0, 0, 0, 2, 0, 0, 0, 0, 0, 0, 0]",left,8
7,20,"[8, 4, 0, 0, 4, 0, 2, 0, 0, 0, 0, 0, 0, 0, 0, 0]",up,8
8,20,"[8, 4, 2, 0, 4, 0, 0, 2, 0, 0, 0, 0, 0, 0, 0, 0]",up,8
9,20,"[8, 4, 2, 0, 4, 2, 0, 0, 0, 0, 0, 2, 0, 0, 0, 0]",left,8
10,20,"[8, 4, 2, 0, 4, 2, 0, 0, 2, 0, 0, 0, 0, 2, 0, 0]",left,8
11,24,"[8, 4, 2, 0, 4, 4, 0, 0, 2, 0, 0, 0, 0, 4, 0, 0]",up,8
12,32,"[0, 8, 4, 2, 0, 0, 0, 8, 0, 2, 0, 2, 0, 0, 0, 4]",right,8
13,36,"[8, 4, 2, 2, 8, 0, 0, 0, 4, 0, 0, 0, 4, 0, 0, 0]",left,8
14,60,"[16, 4, 2, 2, 8, 0, 2, 0, 0, 0, 0, 0, 0, 0, 0, 0]",up,16
15,62,"[0, 2, 0, 0, 0, 0, 0, 0, 16, 0, 0, 0, 8, 4, 4, 2]",down,16
16,62,"[0, 0, 0, 0, 4, 0, 0, 0, 16, 2, 0, 0, 8, 4, 4, 2]",down,16
17,62,"[4, 2, 4, 2, 16, 4, 0, 0, 8, 0, 0, 0, 0, 0, 2, 0]",up,16
18,62,"[0, 0, 0, 0, 4, 0, 0, 2, 16, 2, 4, 0, 8, 4, 2, 2]",down,16
19,66,"[0, 0, 2, 0, 4, 2, 0, 0, 16, 2, 4, 0, 8, 4, 4, 0]",left,16
20,74,"[0, 0, 0, 2, 2, 0, 4, 2, 0, 16, 2, 4, 0, 0, 8, 8]",right,16
21,78,"[2, 16, 4, 4, 0, 0, 2, 4, 2, 0, 8, 8, 0, 0, 0, 0]",up,16
22,84,"[0, 0, 0, 0, 0, 0, 4, 0, 2, 0, 2, 8, 4, 16, 8, 8]",down,16
23,104,"[0, 0, 0, 0, 2, 0, 0, 4, 0, 0, 4, 8, 0, 4, 16, 16]",right,16
24,136,"[0, 0, 0, 0, 2, 4, 2, 0, 4, 8, 0, 0, 4, 32, 0, 0]",left,32
1,0,"[4, 0, 0, 0, 0, 0, 2, 0, 0, 0, 0, 0, 0, 0, 0, 0]",up,4
2,0,"[4, 0, 2, 0, 0, 0, 0, 0, 0, 0, 0, 0, 2, 0, 0, 0]",up,4
3,0,"[4, 0, 2, 0, 2, 0, 0, 0, 2, 0, 0, 0, 0, 0, 0, 0]",up,4
4,0,"[4, 2, 0, 0, 2, 0, 0, 2, 2, 0, 0, 0, 0, 0, 0, 0]",left,4
5,4,"[4, 2, 2, 2, 4, 0, 0, 0, 0, 0, 0, 0, 0, 0, 0, 0]",up,4
6,12,"[8, 2, 2, 2, 2, 0, 0, 0, 0, 0, 0, 0, 0, 0, 0, 0]",up,8
7,12,"[0, 0, 0, 0, 0, 0, 0, 2, 8, 0, 0, 0, 2, 2, 2, 2]",down,8
8,16,"[8, 2, 2, 4, 2, 2, 0, 0, 0, 0, 0, 0, 0, 0, 0, 0]",up,8
9,24,"[8, 4, 4, 0, 4, 0, 0, 0, 2, 0, 0, 0, 0, 0, 0, 0]",left,8
10,24,"[0, 0, 0, 0, 8, 0, 4, 0, 4, 0, 0, 0, 2, 4, 4, 0]",down,8
11,32,"[0, 0, 0, 0, 0, 0, 8, 4, 0, 2, 0, 4, 0, 0, 2, 8]",right,8
12,32,"[0, 0, 0, 0, 0, 2, 8, 4, 0, 0, 2, 4, 0, 0, 2, 8]",right,8
13,38,"[0, 2, 0, 0, 0, 0, 0, 0, 0, 0, 8, 8, 0, 2, 4, 8]",down,8
14,58,"[0, 4, 8, 16, 0, 0, 4, 0, 0, 0, 2, 0, 0, 0, 0, 0]",up,16
15,58,"[0, 0, 0, 0, 0, 0, 8, 2, 0, 0, 4, 0, 0, 4, 2, 16]",down,16
16,58,"[0, 0, 2, 0, 0, 0, 8, 0, 0, 0, 4, 2, 0, 4, 2, 16]",down,16
17,58,"[0, 4, 2, 2, 2, 0, 8, 16, 0, 0, 4, 0, 0, 0, 2, 0]",up,16
18,62,"[4, 4, 0, 0, 2, 8, 16, 0, 4, 0, 0, 0, 2, 0, 2, 0]",left,16
19,74,"[0, 0, 0, 8, 0, 2, 8, 16, 0, 0, 0, 4, 4, 0, 0, 4]",right,16
20,82,"[4, 2, 8, 8, 0, 0, 0, 16, 0, 0, 0, 8, 0, 2, 0, 0]",up,16
21,98,"[4, 2, 16, 0, 16, 0, 0, 0, 8, 2, 0, 0, 2, 0, 0, 0]",left,16
22,98,"[0, 4, 2, 16, 0, 0, 0, 16, 0, 0, 8, 2, 0, 0, 2, 2]",right,16
23,102,"[4, 2, 16, 0, 16, 0, 0, 0, 8, 2, 0, 0, 4, 0, 2, 0]",left,16
24,102,"[4, 2, 16, 0, 16, 0, 0, 2, 8, 2, 0, 0, 4, 2, 0, 0]",left,16
25,106,"[4, 4, 16, 2, 16, 2, 0, 4, 8, 0, 0, 0, 4, 0, 0, 0]",up,16
26,114,"[8, 16, 2, 0, 16, 2, 4, 0, 8, 0, 0, 0, 4, 0, 0, 2]",left,16
27,114,"[8, 16, 2, 0, 16, 2, 4, 0, 8, 2, 0, 0, 4, 2, 0, 0]",left,16
28,118,"[8, 16, 2, 2, 16, 4, 4, 0, 8, 2, 0, 0, 4, 0, 0, 0]",up,16
29,130,"[8, 16, 4, 2, 16, 8, 0, 0, 8, 2, 0, 0, 4, 0, 0, 0]",left,16
30,130,"[8, 0, 0, 0, 16, 16, 0, 0, 8, 8, 2, 0, 4, 2, 4, 2]",down,16
31,178,"[0, 2, 0, 8, 0, 0, 0, 32, 0, 0, 16, 2, 4, 2, 4, 2]",right,32
32,182,"[0, 0, 2, 0, 0, 0, 0, 8, 0, 0, 16, 32, 4, 4, 4, 4]",down,32
33,198,"[2, 2, 0, 0, 8, 0, 0, 0, 16, 32, 0, 0, 8, 8, 0, 0]",left,32
34,218,"[4, 0, 0, 0, 8, 0, 0, 0, 16, 32, 0, 2, 16, 0, 0, 0]",left,32
35,234,"[0, 0, 0, 2, 4, 0, 0, 0, 8, 0, 0, 0, 32, 32, 0, 2]",down,32
36,298,"[0, 0, 0, 2, 0, 0, 0, 4, 2, 0, 0, 8, 0, 0, 64, 2]",right,64
37,298,"[2, 0, 0, 0, 4, 0, 0, 0, 2, 8, 0, 0, 64, 2, 0, 2]",left,64
38,298,"[2, 8, 0, 2, 4, 2, 0, 0, 2, 0, 2, 0, 64, 0, 0, 0]",up,64
39,298,"[2, 0, 0, 0, 4, 0, 0, 0, 2, 8, 0, 2, 64, 2, 2, 2]",down,64
40,302,"[2, 8, 2, 4, 4, 2, 0, 0, 2, 0, 0, 4, 64, 0, 0, 0]",up,64
41,306,"[2, 2, 0, 0, 4, 0, 0, 0, 2, 8, 0, 0, 64, 2, 2, 8]",down,64
42,314,"[0, 0, 0, 4, 2, 0, 0, 4, 0, 0, 2, 8, 0, 64, 4, 8]",right,64
43,314,"[0, 0, 0, 4, 0, 0, 2, 4, 0, 0, 2, 8, 2, 64, 4, 8]",right,64
44,342,"[2, 64, 4, 8, 0, 0, 4, 16, 0, 0, 0, 0, 2, 0, 0, 0]",up,64
45,354,"[4, 64, 8, 8, 0, 0, 0, 16, 0, 0, 0, 0, 0, 0, 0, 2]",up,64
46,354,"[4, 64, 8, 8, 0, 0, 0, 16, 2, 0, 0, 2, 0, 0, 0, 0]",up,64
47,354,"[0, 0, 0, 2, 0, 0, 0, 8, 4, 0, 0, 16, 2, 64, 8, 2]",down,64
48,354,"[4, 64, 8, 2, 2, 0, 0, 8, 0, 2, 0, 16, 0, 0, 0, 2]",up,64
49,354,"[4, 64, 8, 2, 2, 2, 0, 8, 2, 0, 0, 16, 0, 0, 0, 2]",up,64
50,358,"[4, 64, 8, 2, 0, 0, 4, 8, 2, 0, 2, 16, 0, 0, 0, 2]",right,64
51,362,"[4, 64, 8, 2, 2, 0, 4, 8, 0, 0, 4, 16, 0, 0, 0, 2]",right,64
52,362,"[4, 64, 8, 2, 0, 2, 4, 8, 0, 0, 4, 16, 4, 0, 0, 2]",right,64
53,362,"[4, 64, 8, 2, 2, 4, 8, 0, 4, 16, 0, 0, 4, 2, 2, 0]",left,64
54,374,"[2, 64, 0, 0, 4, 4, 0, 0, 2, 16, 16, 0, 8, 2, 2, 2]",down,64
55,418,"[0, 0, 2, 64, 2, 0, 0, 8, 0, 0, 2, 32, 0, 8, 2, 4]",right,64
56,418,"[2, 64, 0, 0, 2, 8, 0, 0, 2, 32, 0, 0, 8, 2, 4, 2]",left,64
57,418,"[0, 0, 2, 64, 0, 0, 2, 8, 0, 2, 2, 32, 8, 2, 4, 2]",right,64
58,426,"[8, 4, 4, 64, 0, 0, 2, 8, 2, 0, 4, 32, 0, 0, 0, 2]",up,64
59,426,"[8, 4, 4, 64, 2, 0, 2, 8, 0, 0, 4, 32, 0, 0, 2, 2]",up,64
60,426,"[0, 2, 4, 64, 0, 0, 2, 8, 8, 0, 4, 32, 2, 4, 2, 2]",down,64
61,426,"[2, 0, 4, 64, 0, 0, 2, 8, 8, 2, 4, 32, 2, 4, 2, 2]",down,64
62,426,"[2, 2, 4, 64, 8, 4, 2, 8, 2, 0, 4, 32, 0, 2, 2, 2]",up,64
63,426,"[2, 0, 4, 64, 2, 2, 2, 8, 8, 4, 4, 32, 2, 2, 2, 2]",down,64
64,446,"[0, 2, 4, 64, 2, 2, 4, 8, 0, 8, 8, 32, 0, 0, 4, 4]",right,64
65,458,"[2, 4, 8, 64, 0, 8, 8, 8, 2, 0, 4, 32, 0, 0, 0, 4]",up,64
66,468,"[0, 0, 0, 64, 0, 0, 2, 8, 0, 4, 16, 32, 4, 8, 4, 4]",down,64
67,476,"[64, 0, 0, 0, 2, 8, 2, 0, 4, 16, 32, 0, 4, 8, 8, 0]",left,64
68,480,"[0, 0, 0, 0, 64, 8, 2, 0, 2, 16, 32, 2, 8, 8, 8, 0]",down,64
69,496,"[0, 0, 0, 0, 64, 8, 2, 0, 2, 16, 32, 2, 16, 8, 0, 2]",left,64
70,496,"[2, 0, 0, 0, 0, 64, 8, 2, 2, 16, 32, 2, 0, 16, 8, 2]",right,64
71,536,"[4, 64, 8, 4, 0, 32, 32, 2, 0, 0, 8, 0, 0, 2, 0, 0]",up,64
72,600,"[4, 64, 8, 4, 0, 2, 64, 2, 0, 0, 0, 8, 0, 0, 0, 2]",right,64
73,600,"[4, 64, 8, 4, 2, 64, 2, 0, 8, 0, 0, 0, 2, 0, 2, 0]",left,64
74,732,"[4, 128, 8, 4, 2, 2, 4, 0, 8, 0, 0, 0, 2, 0, 0, 0]",up,128
75,736,"[4, 128, 8, 4, 0, 0, 4, 4, 0, 0, 0, 8, 0, 0, 2, 2]",right,128
76,744,"[4, 128, 8, 8, 0, 0, 4, 8, 0, 0, 2, 2, 0, 0, 0, 2]",up,128
77,764,"[4, 128, 16, 0, 4, 8, 0, 2, 4, 0, 0, 0, 2, 0, 0, 0]",left,128
78,764,"[4, 128, 16, 0, 4, 8, 2, 0, 4, 0, 0, 2, 2, 0, 0, 0]",left,128
79,772,"[8, 128, 16, 2, 4, 8, 2, 0, 2, 2, 0, 0, 0, 0, 0, 0]",up,128
80,772,"[0, 0, 2, 0, 8, 128, 0, 0, 4, 8, 16, 0, 2, 2, 2, 2]",down,128
81,780,"[2, 0, 0, 0, 8, 128, 0, 0, 4, 8, 16, 0, 4, 4, 0, 2]",left,128
82,788,"[2, 128, 16, 2, 8, 8, 0, 0, 8, 4, 0, 0, 0, 0, 0, 2]",up,128
83,808,"[2, 128, 16, 4, 16, 8, 0, 0, 0, 4, 4, 0, 0, 0, 0, 0]",up,128
84,808,"[2, 128, 16, 4, 16, 8, 4, 0, 0, 4, 0, 0, 2, 0, 0, 0]",up,128
85,808,"[2, 0, 0, 0, 2, 128, 0, 0, 16, 8, 16, 0, 2, 4, 4, 4]",down,128
86,812,"[4, 128, 16, 4, 16, 8, 4, 0, 2, 4, 0, 0, 0, 2, 0, 0]",up,128
87,812,"[4, 128, 16, 4, 16, 8, 4, 2, 2, 4, 0, 0, 2, 0, 0, 0]",left,128
88,816,"[4, 128, 16, 4, 16, 8, 4, 2, 4, 4, 0, 0, 0, 0, 2, 0]",up,128
89,816,"[0, 0, 2, 0, 4, 128, 16, 0, 16, 8, 4, 4, 4, 4, 2, 2]",down,128
90,816,"[4, 128, 2, 4, 16, 8, 16, 2, 4, 4, 4, 0, 0, 2, 2, 0]",up,128
91,828,"[4, 128, 2, 4, 16, 8, 16, 2, 8, 4, 0, 4, 4, 0, 0, 0]",left,128
92,828,"[4, 0, 0, 0, 16, 128, 2, 4, 8, 8, 2, 2, 4, 4, 16, 4]",down,128
93,830,"[4, 0, 0, 2, 16, 128, 0, 4, 8, 8, 4, 2, 4, 4, 16, 4]",down,128
94,854,"[4, 2, 0, 0, 16, 128, 4, 0, 16, 4, 2, 2, 8, 16, 4, 0]",left,128
95,886,"[4, 2, 4, 2, 32, 128, 2, 0, 8, 4, 4, 2, 0, 16, 0, 0]",up,128
96,894,"[4, 2, 4, 2, 32, 128, 2, 4, 8, 8, 2, 0, 16, 0, 0, 0]",left,128
97,910,"[4, 2, 4, 2, 32, 128, 2, 4, 16, 2, 0, 0, 16, 2, 0, 0]",left,128
98,928,"[0, 0, 0, 2, 4, 2, 0, 0, 32, 128, 4, 2, 32, 4, 2, 4]",down,128
99,962,"[0, 0, 0, 0, 0, 2, 2, 0, 4, 128, 4, 4, 64, 4, 2, 4]",down,128
100,970,"[4, 2, 2, 8, 64, 128, 4, 0, 0, 4, 2, 0, 0, 0, 2, 0]",up,128
101,974,"[4, 4, 8, 0, 64, 128, 4, 0, 4, 2, 2, 0, 2, 0, 0, 0]",left,128
102,986,"[2, 0, 8, 8, 0, 64, 128, 4, 0, 0, 4, 4, 0, 0, 0, 2]",right,128
103,994,"[2, 64, 8, 8, 0, 2, 128, 8, 0, 0, 4, 2, 0, 0, 0, 0]",up,128
104,1010,"[2, 64, 8, 16, 0, 2, 128, 2, 0, 0, 4, 0, 0, 0, 2, 0]",up,128
105,1010,"[0, 0, 8, 0, 0, 0, 128, 2, 0, 64, 4, 16, 2, 2, 2, 2]",down,128
106,1018,"[0, 2, 0, 8, 0, 0, 128, 2, 0, 64, 4, 16, 0, 0, 4, 4]",right,128
107,1026,"[0, 2, 128, 8, 0, 64, 8, 2, 0, 0, 0, 16, 2, 0, 0, 4]",up,128
108,1026,"[2, 2, 128, 8, 0, 64, 8, 2, 0, 0, 0, 16, 0, 0, 2, 4]",right,128
109,1030,"[2, 4, 128, 8, 0, 64, 8, 2, 0, 0, 0, 16, 0, 0, 2, 4]",right,128
110,1030,"[2, 4, 128, 8, 64, 8, 2, 0, 16, 2, 0, 0, 2, 4, 0, 0]",left,128
111,1030,"[2, 4, 128, 8, 0, 64, 8, 2, 0, 0, 16, 2, 2, 0, 2, 4]",right,128
112,1034,"[2, 4, 128, 8, 64, 8, 2, 0, 16, 2, 0, 0, 4, 4, 0, 2]",left,128
113,1034,"[2, 4, 128, 8, 64, 8, 2, 2, 16, 2, 0, 0, 4, 4, 0, 2]",up,128
114,1046,"[2, 4, 128, 8, 0, 64, 8, 4, 0, 2, 16, 2, 0, 0, 8, 2]",right,128
115,1048,"[0, 0, 128, 2, 0, 4, 8, 8, 0, 64, 16, 4, 2, 2, 8, 4]",down,128
116,1068,"[0, 0, 128, 2, 0, 2, 4, 16, 0, 64, 16, 4, 0, 4, 8, 4]",right,128
117,1076,"[2, 2, 128, 2, 0, 64, 4, 16, 0, 4, 16, 8, 0, 0, 8, 0]",up,128
118,1076,"[0, 2, 128, 0, 0, 2, 4, 2, 0, 64, 16, 16, 2, 4, 8, 8]",down,128
119,1078,"[0, 2, 128, 0, 0, 4, 4, 2, 0, 64, 16, 16, 2, 4, 8, 8]",down,128
120,1134,"[2, 0, 2, 128, 0, 0, 8, 2, 0, 0, 64, 32, 0, 2, 4, 16]",right,128
121,1138,"[0, 0, 4, 128, 0, 0, 8, 2, 0, 2, 64, 32, 0, 2, 4, 16]",right,128
122,1138,"[4, 128, 0, 0, 8, 2, 2, 0, 2, 64, 32, 0, 2, 4, 16, 0]",left,128
123,1140,"[0, 128, 2, 0, 4, 2, 2, 0, 8, 64, 32, 0, 4, 4, 16, 0]",down,128
124,1152,"[0, 0, 128, 2, 0, 0, 4, 4, 0, 8, 64, 32, 4, 0, 8, 16]",right,128
125,1152,"[0, 0, 128, 2, 0, 2, 4, 4, 0, 0, 64, 32, 4, 8, 8, 16]",down,128
126,1176,"[2, 0, 128, 2, 0, 0, 2, 8, 0, 0, 64, 32, 0, 4, 16, 16]",right,128
127,1208,"[0, 2, 128, 2, 0, 0, 2, 8, 0, 2, 64, 32, 0, 0, 4, 32]",right,128
128,1276,"[0, 4, 128, 2, 0, 2, 2, 8, 0, 0, 64, 64, 0, 0, 4, 0]",up,128
129,1408,"[4, 128, 2, 0, 4, 8, 0, 0, 128, 0, 0, 0, 4, 0, 2, 0]",left,128
130,1414,"[0, 0, 0, 0, 8, 0, 0, 0, 128, 128, 0, 0, 4, 8, 4, 2]",down,128
131,1414,"[8, 128, 4, 2, 128, 8, 0, 2, 4, 0, 0, 0, 0, 0, 0, 0]",up,128
132,1418,"[8, 128, 4, 4, 128, 8, 0, 0, 4, 0, 2, 0, 0, 0, 0, 0]",up,128
133,1426,"[0, 8, 128, 8, 0, 2, 128, 8, 0, 0, 4, 2, 0, 0, 0, 0]",right,128
134,1698,"[0, 8, 256, 16, 0, 2, 4, 2, 0, 0, 0, 2, 0, 0, 0, 0]",up,256
135,1700,"[0, 0, 0, 0, 0, 0, 0, 0, 2, 8, 256, 16, 0, 2, 4, 4]",down,256
136,1708,"[0, 0, 0, 0, 0, 0, 0, 0, 2, 8, 256, 16, 2, 8, 2, 0]",left,256
137,1728,"[4, 16, 256, 16, 0, 0, 2, 0, 0, 0, 0, 0, 0, 0, 0, 2]",up,256
138,1728,"[4, 16, 256, 16, 0, 0, 2, 2, 0, 2, 0, 0, 0, 0, 0, 0]",up,256
139,1732,"[4, 16, 256, 16, 0, 0, 0, 4, 2, 0, 0, 2, 0, 0, 0, 0]",right,256
140,1736,"[4, 16, 256, 16, 0, 0, 0, 4, 0, 2, 0, 4, 0, 0, 0, 0]",right,256
141,1744,"[4, 16, 256, 16, 0, 2, 0, 8, 0, 0, 2, 0, 0, 0, 0, 0]",up,256
142,1744,"[0, 2, 0, 0, 0, 0, 0, 0, 0, 16, 256, 16, 4, 2, 2, 8]",down,256
143,1748,"[0, 0, 0, 2, 0, 2, 0, 0, 0, 16, 256, 16, 0, 4, 4, 8]",right,256
144,1748,"[2, 0, 0, 0, 0, 2, 0, 2, 0, 16, 256, 16, 0, 4, 4, 8]",down,256
145,1760,"[2, 0, 0, 0, 4, 2, 0, 0, 16, 256, 16, 0, 8, 8, 0, 0]",left,256
146,1776,"[2, 0, 2, 0, 4, 2, 0, 0, 16, 256, 16, 0, 16, 0, 0, 0]",left,256
147,1792,"[2, 0, 0, 0, 2, 0, 0, 0, 4, 2, 2, 0, 32, 256, 16, 0]",down,256
148,1796,"[2, 0, 0, 0, 2, 0, 0, 0, 4, 4, 0, 0, 32, 256, 16, 2]",left,256
149,1798,"[2, 0, 0, 0, 4, 0, 0, 0, 4, 4, 0, 0, 32, 256, 16, 2]",down,256
150,1806,"[2, 0, 0, 2, 4, 0, 0, 0, 8, 0, 0, 0, 32, 256, 16, 2]",left,256
151,1810,"[2, 256, 16, 4, 4, 0, 0, 0, 8, 0, 2, 0, 32, 0, 0, 0]",up,256
152,1810,"[2, 256, 16, 4, 4, 0, 0, 0, 8, 2, 2, 0, 32, 0, 0, 0]",left,256
153,1814,"[2, 256, 16, 4, 4, 0, 2, 0, 8, 4, 0, 0, 32, 0, 0, 0]",left,256
154,1814,"[2, 256, 16, 4, 4, 4, 2, 0, 8, 0, 0, 0, 32, 0, 0, 2]",up,256
155,1822,"[2, 256, 16, 4, 8, 2, 0, 0, 8, 0, 2, 0, 32, 2, 0, 0]",left,256
156,1822,"[2, 256, 16, 4, 2, 0, 8, 2, 0, 0, 8, 2, 0, 0, 32, 2]",right,256
157,1846,"[4, 256, 16, 4, 0, 0, 16, 4, 0, 0, 32, 2, 2, 0, 0, 0]",up,256
158,1886,"[4, 256, 32, 8, 2, 0, 32, 2, 0, 0, 0, 2, 0, 0, 0, 0]",up,256
159,1920,"[0, 0, 0, 0, 0, 0, 0, 0, 4, 0, 2, 8, 2, 256, 64, 4]",down,256
160,1920,"[0, 0, 2, 0, 0, 0, 0, 0, 0, 4, 2, 8, 2, 256, 64, 4]",right,256
161,1924,"[2, 4, 4, 8, 0, 256, 64, 4, 0, 0, 0, 0, 0, 2, 0, 0]",up,256
162,1932,"[2, 8, 8, 0, 256, 64, 4, 2, 0, 0, 0, 0, 2, 0, 0, 0]",left,256
163,1948,"[0, 0, 2, 16, 256, 64, 4, 2, 0, 0, 0, 4, 0, 0, 0, 2]",right,256
164,1948,"[256, 64, 2, 16, 0, 0, 4, 2, 0, 2, 0, 4, 0, 0, 0, 2]",up,256
165,1948,"[256, 64, 2, 16, 0, 2, 4, 2, 0, 0, 0, 4, 2, 0, 0, 2]",up,256
166,1952,"[256, 64, 2, 16, 2, 4, 2, 2, 4, 0, 0, 0, 4, 0, 0, 0]",left,256
167,1964,"[256, 64, 4, 16, 2, 4, 0, 2, 8, 0, 0, 2, 0, 0, 0, 0]",up,256
168,1964,"[256, 64, 4, 16, 0, 2, 4, 2, 0, 2, 8, 2, 0, 0, 0, 0]",right,256
169,1964,"[256, 64, 4, 16, 2, 4, 2, 0, 2, 8, 2, 0, 0, 2, 0, 0]",left,256
170,1972,"[256, 64, 4, 16, 4, 4, 4, 0, 0, 8, 2, 0, 0, 2, 0, 0]",up,256
171,1980,"[256, 64, 8, 16, 4, 4, 2, 0, 4, 8, 0, 0, 0, 2, 0, 0]",up,256
172,1988,"[256, 64, 8, 16, 8, 4, 2, 0, 0, 8, 0, 2, 0, 2, 0, 0]",up,256
173,1988,"[256, 64, 8, 16, 8, 4, 2, 2, 0, 8, 0, 0, 0, 2, 2, 0]",up,256
174,1992,"[256, 64, 8, 16, 8, 4, 4, 2, 2, 8, 0, 0, 0, 2, 0, 0]",up,256
175,2000,"[256, 64, 8, 16, 8, 8, 2, 0, 2, 8, 0, 0, 2, 0, 0, 2]",left,256
176,2020,"[256, 64, 8, 16, 8, 16, 2, 2, 4, 2, 0, 0, 0, 0, 0, 0]",up,256
177,2024,"[256, 64, 8, 16, 0, 8, 16, 4, 0, 0, 4, 2, 0, 2, 0, 0]",right,256
178,2024,"[256, 64, 8, 16, 0, 8, 16, 4, 0, 2, 4, 2, 2, 0, 0, 0]",up,256
179,2024,"[256, 64, 8, 16, 8, 16, 4, 0, 2, 4, 2, 0, 2, 0, 0, 2]",left,256
180,2026,"[0, 0, 0, 2, 256, 64, 8, 0, 8, 16, 4, 16, 4, 4, 2, 2]",down,256
181,2038,"[2, 0, 0, 0, 256, 64, 8, 0, 8, 16, 4, 16, 8, 4, 0, 2]",left,256
182,2046,"[0, 0, 2, 0, 2, 64, 0, 0, 256, 16, 8, 16, 16, 4, 4, 2]",down,256
183,2054,"[2, 0, 0, 2, 0, 0, 2, 64, 256, 16, 8, 16, 0, 16, 8, 2]",right,256
184,2078,"[0, 0, 0, 2, 0, 0, 0, 64, 2, 2, 2, 16, 256, 32, 16, 2]",down,256
185,2082,"[2, 0, 0, 2, 64, 0, 0, 0, 4, 2, 16, 0, 256, 32, 16, 2]",left,256
186,2118,"[2, 2, 32, 4, 64, 32, 0, 0, 4, 0, 0, 0, 256, 0, 0, 4]",up,256
187,2122,"[4, 32, 4, 0, 64, 32, 0, 0, 4, 0, 0, 2, 256, 4, 0, 0]",left,256
188,2186,"[4, 64, 4, 2, 64, 4, 0, 0, 4, 0, 2, 0, 256, 0, 0, 0]",up,256
189,2186,"[4, 64, 4, 2, 64, 4, 2, 0, 4, 0, 0, 0, 256, 2, 0, 0]",up,256
190,2186,"[4, 0, 0, 0, 64, 64, 0, 0, 4, 4, 4, 2, 256, 2, 2, 2]",down,256
191,2188,"[4, 0, 0, 2, 64, 64, 0, 0, 4, 4, 4, 0, 256, 2, 2, 4]",down,256
192,2328,"[4, 2, 0, 2, 128, 0, 0, 0, 8, 4, 0, 0, 256, 4, 4, 0]",left,256
193,2340,"[4, 4, 0, 0, 128, 0, 0, 0, 8, 4, 0, 2, 256, 8, 0, 0]",left,256
194,2344,"[4, 2, 0, 0, 128, 0, 0, 0, 8, 8, 0, 0, 256, 8, 0, 2]",down,256
195,2360,"[4, 2, 0, 0, 128, 0, 2, 0, 16, 0, 0, 0, 256, 8, 2, 0]",left,256
196,2360,"[4, 2, 0, 2, 128, 2, 0, 0, 16, 0, 0, 0, 256, 8, 2, 0]",left,256
197,2364,"[4, 4, 2, 2, 128, 8, 2, 0, 16, 0, 0, 0, 256, 0, 0, 0]",up,256
198,2376,"[8, 4, 2, 0, 128, 8, 2, 0, 16, 0, 0, 0, 256, 0, 0, 0]",left,256
199,2380,"[8, 4, 4, 0, 128, 8, 0, 0, 16, 0, 0, 0, 256, 0, 0, 2]",up,256
200,2380,"[8, 4, 4, 2, 128, 8, 0, 0, 16, 0, 2, 0, 256, 0, 0, 0]",up,256
201,2380,"[8, 4, 4, 2, 128, 8, 2, 0, 16, 0, 0, 0, 256, 2, 0, 0]",up,256
202,2388,"[0, 8, 8, 2, 2, 128, 8, 2, 0, 0, 0, 16, 0, 0, 256, 2]",right,256
203,2408,"[2, 8, 16, 4, 0, 128, 256, 16, 0, 0, 2, 2, 0, 0, 0, 0]",up,256
204,2412,"[2, 8, 16, 4, 128, 256, 16, 0, 4, 2, 0, 0, 0, 0, 0, 0]",left,256
205,2444,"[2, 8, 32, 4, 128, 256, 2, 0, 4, 2, 0, 0, 0, 0, 0, 0]",up,256
206,2444,"[2, 8, 32, 4, 0, 128, 256, 2, 2, 0, 4, 2, 0, 0, 0, 0]",right,256
207,2452,"[4, 8, 32, 4, 0, 128, 256, 4, 4, 0, 4, 0, 0, 0, 0, 0]",up,256
208,2460,"[0, 0, 0, 0, 2, 0, 32, 0, 0, 8, 256, 0, 8, 128, 4, 8]",down,256
209,2460,"[0, 0, 0, 0, 0, 0, 2, 32, 0, 2, 8, 256, 8, 128, 4, 8]",right,256
210,2460,"[0, 0, 4, 0, 2, 32, 0, 0, 2, 8, 256, 0, 8, 128, 4, 8]",left,256
211,2460,"[4, 0, 0, 0, 2, 32, 0, 2, 2, 8, 256, 0, 8, 128, 4, 8]",left,256
212,2464,"[4, 32, 256, 2, 4, 8, 4, 8, 8, 128, 0, 0, 0, 0, 0, 4]",up,256
213,2464,"[4, 32, 256, 2, 4, 8, 4, 8, 8, 128, 0, 0, 4, 0, 2, 0]",left,256
214,2468,"[0, 0, 0, 2, 8, 32, 256, 0, 8, 8, 4, 2, 4, 128, 2, 8]",down,256
215,2478,"[0, 0, 0, 0, 2, 32, 256, 0, 16, 8, 4, 4, 4, 128, 2, 8]",down,256
216,2486,"[0, 0, 2, 0, 2, 32, 256, 0, 16, 8, 8, 0, 4, 128, 2, 8]",left,256
217,2502,"[2, 0, 0, 0, 2, 32, 256, 0, 16, 16, 2, 0, 4, 128, 2, 8]",left,256
218,2506,"[0, 2, 0, 0, 4, 32, 0, 0, 16, 16, 256, 0, 4, 128, 4, 8]",down,256
219,2538,"[2, 0, 2, 0, 4, 32, 0, 0, 32, 256, 0, 0, 4, 128, 4, 8]",left,256
220,2542,"[0, 0, 0, 4, 0, 0, 4, 32, 0, 2, 32, 256, 4, 128, 4, 8]",right,256
221,2542,"[4, 2, 4, 4, 0, 128, 32, 32, 0, 2, 4, 256, 0, 0, 0, 8]",up,256
222,2542,"[0, 0, 2, 4, 0, 2, 4, 32, 0, 128, 32, 256, 4, 2, 4, 8]",down,256
223,2542,"[4, 2, 2, 4, 0, 128, 4, 32, 2, 2, 32, 256, 0, 0, 4, 8]",up,256
224,2550,"[4, 4, 4, 0, 128, 4, 32, 0, 4, 32, 256, 2, 4, 8, 0, 0]",left,256
225,2558,"[8, 4, 0, 0, 128, 4, 32, 0, 4, 32, 256, 2, 4, 8, 2, 0]",left,256
226,2574,"[8, 8, 32, 2, 128, 32, 256, 0, 8, 8, 2, 0, 0, 2, 0, 0]",up,256
227,2606,"[0, 16, 32, 2, 0, 128, 32, 256, 2, 0, 16, 2, 0, 0, 0, 2]",right,256
228,2674,"[2, 16, 64, 2, 0, 128, 16, 256, 2, 0, 0, 4, 0, 0, 0, 0]",up,256
229,2674,"[2, 16, 64, 2, 128, 16, 256, 2, 2, 4, 0, 0, 0, 0, 0, 0]",left,256
230,2710,"[2, 32, 64, 4, 128, 4, 256, 0, 2, 2, 0, 0, 0, 0, 0, 0]",up,256
231,2710,"[0, 0, 0, 2, 2, 32, 0, 0, 128, 4, 64, 0, 2, 2, 256, 4]",down,256
232,2710,"[2, 32, 64, 2, 128, 4, 256, 4, 2, 2, 0, 0, 2, 0, 0, 0]",up,256
233,2714,"[2, 32, 64, 2, 128, 4, 256, 4, 0, 0, 0, 4, 2, 0, 0, 2]",right,256
234,2718,"[0, 0, 2, 0, 2, 0, 0, 2, 128, 32, 64, 8, 2, 4, 256, 2]",down,256
235,2718,"[2, 32, 2, 2, 128, 4, 64, 8, 2, 0, 256, 2, 0, 0, 0, 2]",up,256
236,2722,"[2, 32, 4, 0, 128, 4, 64, 8, 2, 256, 2, 0, 2, 0, 0, 4]",left,256
237,2722,"[0, 2, 32, 4, 128, 4, 64, 8, 0, 2, 256, 2, 2, 0, 2, 4]",right,256
238,2722,"[128, 2, 32, 4, 2, 4, 64, 8, 0, 2, 256, 2, 0, 2, 2, 4]",up,256
239,2726,"[128, 2, 32, 4, 2, 4, 64, 8, 2, 256, 2, 0, 4, 4, 0, 2]",left,256
240,2728,"[0, 2, 2, 0, 128, 4, 32, 4, 4, 256, 64, 8, 4, 4, 2, 2]",down,256
241,2732,"[0, 2, 2, 0, 2, 4, 32, 4, 128, 256, 64, 8, 8, 4, 2, 2]",down,256
242,2740,"[0, 0, 0, 4, 2, 4, 32, 4, 128, 256, 64, 8, 2, 8, 4, 4]",right,256
243,2748,"[0, 2, 0, 4, 2, 4, 32, 4, 128, 256, 64, 8, 0, 2, 8, 8]",right,256
244,2760,"[0, 2, 0, 0, 2, 4, 32, 0, 2, 256, 64, 8, 128, 2, 8, 16]",down,256
245,2760,"[0, 2, 0, 2, 0, 2, 4, 32, 2, 256, 64, 8, 128, 2, 8, 16]",right,256
246,2764,"[2, 4, 4, 2, 128, 256, 64, 32, 0, 2, 8, 8, 2, 0, 0, 16]",up,256
247,2788,"[0, 2, 8, 2, 128, 256, 64, 32, 0, 0, 2, 16, 2, 0, 2, 16]",right,256
248,2824,"[128, 2, 8, 2, 2, 256, 64, 32, 0, 0, 4, 32, 0, 0, 2, 0]",up,256
249,2888,"[128, 2, 8, 2, 2, 256, 64, 64, 0, 0, 4, 4, 0, 0, 2, 0]",up,256
250,2888,"[0, 0, 8, 2, 0, 0, 64, 2, 128, 2, 4, 64, 2, 256, 2, 4]",down,256
251,2890,"[0, 4, 8, 0, 0, 0, 64, 4, 128, 2, 4, 64, 2, 256, 2, 4]",down,256
252,2890,"[128, 4, 8, 4, 2, 2, 64, 64, 0, 256, 4, 4, 0, 0, 2, 2]",up,256
253,3034,"[128, 4, 8, 4, 0, 0, 4, 128, 0, 0, 256, 8, 0, 4, 0, 4]",right,256
254,3042,"[128, 4, 8, 4, 4, 128, 0, 0, 256, 8, 0, 0, 8, 4, 0, 0]",left,256
255,3042,"[128, 4, 0, 0, 4, 128, 0, 0, 256, 8, 2, 0, 8, 4, 8, 4]",down,256
256,3042,"[0, 0, 128, 4, 0, 0, 4, 128, 2, 256, 8, 2, 8, 4, 8, 4]",right,256
257,3058,"[2, 256, 128, 4, 8, 4, 4, 128, 0, 0, 16, 2, 2, 0, 0, 4]",up,256
258,3066,"[2, 256, 128, 4, 8, 8, 128, 0, 16, 2, 0, 2, 2, 4, 0, 0]",left,256
259,3322,"[2, 256, 256, 4, 8, 8, 0, 2, 16, 2, 0, 0, 2, 4, 0, 2]",up,256
260,3326,"[2, 256, 256, 4, 8, 8, 0, 4, 16, 2, 2, 0, 2, 4, 0, 0]",up,256
261,3858,"[2, 2, 512, 4, 0, 0, 16, 4, 0, 0, 16, 4, 0, 0, 2, 4]",right,512
262,3862,"[2, 4, 512, 4, 0, 0, 16, 4, 0, 0, 16, 4, 0, 0, 2, 4]",right,512
263,3886,"[4, 0, 0, 0, 0, 0, 512, 0, 0, 0, 32, 8, 2, 4, 2, 8]",down,512
264,3902,"[4, 4, 512, 16, 2, 0, 32, 0, 0, 0, 2, 0, 0, 0, 0, 2]",up,512
265,3902,"[4, 4, 512, 16, 2, 2, 32, 2, 0, 0, 2, 0, 0, 0, 0, 0]",up,512
266,3914,"[0, 8, 512, 16, 2, 4, 32, 2, 0, 0, 0, 2, 0, 0, 0, 0]",right,512
267,3914,"[8, 512, 16, 0, 2, 4, 32, 2, 2, 0, 0, 0, 0, 2, 0, 0]",left,512
268,3918,"[8, 512, 16, 2, 4, 4, 32, 2, 0, 2, 0, 0, 0, 0, 0, 0]",up,512
269,3922,"[8, 512, 16, 4, 4, 4, 32, 4, 0, 2, 0, 0, 0, 0, 0, 0]",up,512
270,3930,"[8, 512, 16, 4, 0, 8, 32, 4, 0, 0, 0, 2, 0, 2, 0, 0]",right,512
271,3938,"[8, 512, 16, 8, 0, 8, 32, 2, 0, 2, 0, 2, 0, 0, 0, 0]",up,512
272,3942,"[8, 512, 16, 8, 0, 8, 32, 4, 0, 2, 0, 0, 0, 0, 0, 2]",up,512
273,3942,"[8, 512, 16, 8, 8, 32, 4, 2, 2, 0, 0, 0, 2, 0, 0, 0]",left,512
274,3942,"[8, 512, 16, 8, 8, 32, 4, 2, 4, 0, 0, 2, 0, 0, 0, 2]",right,512
275,3962,"[16, 512, 16, 8, 4, 32, 4, 4, 0, 0, 0, 2, 0, 0, 0, 2]",up,512
276,3970,"[16, 512, 16, 8, 4, 32, 8, 0, 2, 0, 2, 0, 2, 0, 0, 0]",left,512
277,3974,"[16, 512, 16, 8, 4, 32, 8, 0, 4, 0, 2, 0, 0, 2, 0, 0]",up,512
278,3974,"[16, 512, 16, 8, 0, 4, 32, 8, 4, 0, 4, 2, 0, 0, 0, 2]",right,512
279,3984,"[0, 0, 0, 2, 0, 0, 16, 0, 16, 512, 32, 16, 4, 4, 4, 4]",down,512
280,3984,"[16, 512, 16, 2, 4, 4, 32, 16, 2, 0, 4, 4, 0, 0, 0, 0]",up,512
281,4000,"[16, 512, 16, 2, 8, 32, 16, 2, 2, 8, 0, 0, 0, 0, 0, 0]",left,512
282,4036,"[16, 512, 32, 4, 8, 32, 0, 0, 2, 8, 2, 0, 0, 0, 0, 0]",up,512
283,4036,"[16, 512, 32, 4, 8, 32, 2, 0, 2, 8, 0, 2, 0, 0, 0, 0]",up,512
284,4036,"[16, 512, 32, 4, 8, 32, 2, 0, 2, 8, 2, 0, 0, 2, 0, 0]",left,512
285,4040,"[16, 512, 32, 4, 8, 32, 4, 0, 2, 8, 0, 0, 0, 2, 2, 0]",up,512
286,4040,"[16, 512, 32, 4, 8, 32, 4, 0, 2, 8, 2, 0, 0, 2, 0, 4]",up,512
287,4044,"[0, 512, 0, 0, 16, 32, 32, 0, 8, 8, 4, 2, 2, 2, 2, 8]",down,512
288,4128,"[512, 0, 2, 0, 16, 64, 0, 0, 16, 4, 2, 0, 4, 2, 8, 0]",left,512
289,4164,"[512, 64, 4, 0, 32, 4, 8, 0, 4, 2, 0, 0, 2, 0, 0, 0]",up,512
290,4164,"[512, 0, 0, 0, 32, 64, 0, 0, 4, 4, 4, 0, 2, 2, 8, 2]",down,512
291,4176,"[512, 2, 0, 0, 32, 64, 0, 0, 8, 4, 0, 0, 4, 8, 2, 0]",left,512
292,4176,"[512, 2, 2, 2, 32, 64, 0, 0, 8, 4, 0, 0, 4, 8, 0, 0]",up,512
293,4176,"[512, 2, 0, 0, 32, 64, 0, 0, 8, 4, 4, 0, 4, 8, 2, 2]",down,512
294,4188,"[2, 0, 512, 2, 0, 0, 32, 64, 0, 0, 8, 8, 0, 4, 8, 4]",right,512
295,4204,"[2, 512, 2, 0, 32, 64, 0, 0, 16, 0, 0, 0, 4, 8, 4, 2]",left,512
296,4204,"[2, 512, 2, 2, 32, 64, 4, 0, 16, 8, 0, 0, 4, 2, 0, 0]",up,512
297,4208,"[0, 2, 512, 4, 2, 32, 64, 4, 0, 0, 16, 8, 0, 0, 4, 2]",right,512
298,4216,"[2, 2, 512, 8, 2, 32, 64, 8, 0, 0, 16, 2, 0, 0, 4, 0]",up,512
299,4226,"[0, 0, 512, 0, 2, 0, 64, 0, 0, 2, 16, 16, 4, 32, 4, 2]",down,512
300,4226,"[0, 2, 512, 0, 0, 0, 64, 0, 2, 2, 16, 16, 4, 32, 4, 2]",down,512
301,4262,"[2, 512, 0, 0, 64, 0, 0, 0, 4, 32, 0, 2, 4, 32, 4, 2]",left,512
302,4300,"[0, 0, 0, 0, 2, 0, 0, 2, 64, 512, 0, 0, 8, 64, 4, 4]",down,512
303,4300,"[2, 512, 4, 2, 64, 64, 0, 4, 8, 0, 0, 0, 0, 0, 2, 0]",up,512
304,4428,"[2, 512, 4, 2, 128, 4, 0, 0, 8, 0, 0, 0, 2, 0, 2, 0]",left,512
305,4432,"[2, 512, 4, 2, 128, 4, 0, 2, 8, 0, 0, 0, 4, 0, 0, 0]",left,512
306,4436,"[2, 512, 4, 4, 128, 4, 0, 0, 8, 0, 0, 2, 4, 0, 0, 0]",up,512
307,4436,"[2, 512, 4, 4, 128, 4, 0, 2, 8, 0, 0, 0, 4, 2, 0, 0]",up,512
308,4436,"[2, 512, 4, 4, 128, 4, 0, 2, 8, 2, 0, 0, 4, 2, 0, 0]",up,512
309,4444,"[0, 2, 512, 8, 2, 128, 4, 2, 0, 0, 8, 2, 0, 0, 4, 2]",right,512
310,4448,"[2, 2, 512, 8, 0, 128, 4, 4, 2, 0, 8, 2, 0, 0, 4, 0]",up,512
311,4460,"[4, 512, 8, 0, 128, 8, 0, 0, 2, 8, 2, 2, 4, 0, 0, 0]",left,512
312,4464,"[0, 4, 512, 8, 0, 0, 128, 8, 0, 2, 8, 4, 0, 2, 0, 4]",right,512
313,4478,"[0, 0, 0, 0, 0, 0, 512, 2, 0, 4, 128, 16, 0, 4, 8, 8]",down,512
314,4494,"[0, 0, 0, 0, 512, 2, 0, 0, 4, 128, 16, 0, 4, 16, 0, 2]",left,512
315,4498,"[2, 0, 0, 0, 0, 2, 0, 0, 512, 128, 0, 0, 8, 16, 16, 2]",down,512
316,4498,"[4, 0, 0, 0, 2, 2, 0, 0, 512, 128, 0, 0, 8, 16, 16, 2]",down,512
317,4498,"[4, 2, 16, 2, 2, 128, 0, 0, 512, 16, 0, 0, 8, 0, 2, 0]",up,512
318,4498,"[4, 0, 0, 0, 2, 2, 2, 0, 512, 128, 16, 0, 8, 16, 2, 2]",down,512
319,4506,"[2, 0, 0, 4, 0, 0, 2, 4, 0, 512, 128, 16, 0, 8, 16, 4]",right,512
320,4510,"[0, 0, 0, 0, 2, 0, 2, 8, 0, 512, 128, 16, 2, 8, 16, 4]",down,512
321,4514,"[0, 0, 0, 0, 4, 8, 2, 0, 512, 128, 16, 0, 2, 8, 16, 4]",left,512
322,4546,"[4, 8, 2, 4, 512, 128, 32, 0, 2, 8, 2, 0, 0, 0, 0, 0]",up,512
323,4546,"[4, 8, 2, 4, 0, 512, 128, 32, 0, 2, 8, 2, 0, 2, 0, 0]",right,512
324,4548,"[0, 0, 0, 0, 0, 8, 2, 4, 4, 512, 128, 32, 4, 4, 8, 2]",down,512
325,4552,"[2, 0, 0, 0, 0, 8, 2, 4, 0, 512, 128, 32, 8, 4, 8, 2]",down,512
326,4552,"[0, 0, 2, 0, 0, 8, 2, 4, 2, 512, 128, 32, 8, 4, 8, 2]",down,512
327,4556,"[2, 8, 4, 4, 8, 512, 128, 32, 0, 4, 8, 2, 0, 2, 0, 0]",up,512
328,4564,"[0, 2, 8, 8, 8, 512, 128, 32, 0, 4, 8, 2, 2, 0, 0, 2]",right,512
329,4584,"[0, 2, 2, 16, 8, 512, 128, 32, 0, 4, 8, 2, 0, 0, 0, 4]",right,512
330,4588,"[4, 16, 0, 0, 8, 512, 128, 32, 4, 8, 2, 0, 4, 2, 0, 0]",left,512
331,4596,"[4, 16, 128, 32, 8, 512, 2, 0, 8, 8, 0, 0, 0, 2, 2, 0]",up,512
332,4616,"[4, 16, 128, 32, 16, 512, 4, 0, 0, 8, 0, 2, 0, 2, 0, 0]",up,512
333,4616,"[4, 16, 128, 32, 0, 16, 512, 4, 0, 0, 8, 2, 2, 0, 0, 2]",right,512
334,4652,"[4, 32, 128, 32, 2, 0, 512, 4, 0, 2, 8, 4, 0, 0, 0, 0]",up,512
335,4652,"[4, 32, 128, 32, 0, 2, 512, 4, 0, 2, 8, 4, 0, 0, 0, 2]",right,512
336,4664,"[4, 32, 128, 32, 0, 4, 512, 8, 0, 0, 8, 2, 2, 0, 0, 0]",up,512
337,4664,"[4, 32, 128, 32, 0, 4, 512, 8, 2, 0, 8, 2, 0, 0, 0, 2]",right,512
338,4664,"[4, 32, 128, 32, 0, 4, 512, 8, 0, 2, 8, 2, 0, 0, 2, 2]",right,512
339,4666,"[0, 2, 128, 0, 0, 32, 512, 32, 0, 4, 8, 8, 4, 2, 2, 4]",down,512
340,4686,"[0, 0, 2, 128, 0, 32, 512, 32, 0, 2, 4, 16, 0, 4, 4, 4]",right,512
341,4694,"[0, 0, 2, 128, 0, 32, 512, 32, 0, 2, 4, 16, 2, 0, 4, 8]",right,512
342,4698,"[0, 0, 0, 128, 2, 0, 2, 32, 0, 32, 512, 16, 2, 2, 8, 8]",down,512
343,4700,"[0, 0, 0, 128, 0, 2, 2, 32, 0, 32, 512, 16, 4, 2, 8, 8]",down,512
344,4720,"[0, 0, 0, 128, 0, 0, 4, 32, 0, 32, 512, 16, 2, 4, 2, 16]",right,512
345,4752,"[2, 32, 4, 128, 0, 4, 512, 32, 0, 0, 2, 32, 2, 0, 0, 0]",up,512
346,4820,"[4, 32, 4, 128, 0, 4, 512, 64, 0, 0, 2, 0, 4, 0, 0, 0]",up,512
347,4828,"[8, 32, 4, 128, 0, 4, 512, 64, 2, 0, 2, 0, 0, 0, 0, 0]",up,512
348,4828,"[8, 32, 4, 128, 2, 4, 512, 64, 0, 0, 2, 0, 0, 0, 4, 0]",up,512
349,4828,"[8, 32, 4, 128, 2, 4, 512, 64, 2, 0, 0, 0, 4, 0, 2, 0]",left,512
350,4828,"[8, 32, 4, 128, 2, 4, 512, 64, 2, 0, 2, 0, 4, 2, 0, 0]",left,512
351,4832,"[8, 32, 4, 128, 4, 4, 512, 64, 4, 2, 2, 0, 0, 0, 2, 0]",up,512
352,4844,"[8, 32, 4, 128, 2, 8, 512, 64, 0, 0, 4, 4, 0, 0, 0, 2]",right,512
353,4844,"[0, 2, 0, 128, 0, 0, 4, 64, 8, 32, 512, 4, 2, 8, 4, 2]",down,512
354,4844,"[8, 2, 4, 128, 2, 32, 512, 64, 0, 8, 4, 4, 0, 0, 2, 2]",up,512
355,4844,"[2, 0, 4, 128, 0, 2, 512, 64, 8, 32, 4, 4, 2, 8, 2, 2]",down,512
356,4844,"[2, 2, 4, 128, 8, 32, 512, 64, 2, 8, 4, 4, 2, 0, 2, 2]",up,512
357,4848,"[2, 2, 4, 128, 8, 32, 512, 64, 4, 8, 4, 4, 4, 0, 2, 2]",up,512
358,4852,"[2, 0, 4, 128, 2, 2, 512, 64, 8, 32, 4, 4, 8, 8, 2, 2]",down,512
359,4884,"[2, 4, 128, 0, 4, 512, 64, 0, 8, 32, 8, 0, 16, 4, 2, 0]",left,512
360,4884,"[0, 2, 4, 128, 0, 4, 512, 64, 2, 8, 32, 8, 0, 16, 4, 2]",right,512
361,4884,"[2, 2, 4, 128, 2, 4, 512, 64, 0, 8, 32, 8, 0, 16, 4, 2]",up,512
362,4888,"[0, 4, 4, 128, 2, 4, 512, 64, 4, 8, 32, 8, 0, 16, 4, 2]",right,512
363,4896,"[2, 8, 4, 128, 4, 8, 512, 64, 0, 16, 32, 8, 0, 2, 4, 2]",up,512
364,4904,"[0, 2, 4, 128, 0, 16, 512, 64, 2, 16, 32, 8, 4, 2, 4, 2]",down,512
365,4936,"[2, 2, 4, 128, 4, 32, 512, 64, 0, 2, 32, 8, 4, 0, 4, 2]",up,512
366,4940,"[0, 0, 4, 128, 2, 2, 512, 64, 2, 32, 32, 8, 8, 2, 4, 2]",down,512
367,5008,"[4, 128, 0, 2, 4, 512, 64, 0, 2, 64, 8, 0, 8, 2, 4, 2]",left,512
368,5008,"[4, 128, 2, 0, 4, 512, 64, 2, 2, 64, 8, 0, 8, 2, 4, 2]",left,512
369,5008,"[0, 4, 128, 2, 4, 512, 64, 2, 2, 2, 64, 8, 8, 2, 4, 2]",right,512
370,5076,"[0, 2, 0, 0, 4, 4, 128, 4, 2, 512, 128, 8, 8, 4, 4, 2]",down,512
371,5092,"[0, 0, 0, 2, 0, 8, 128, 4, 2, 512, 128, 8, 2, 8, 8, 2]",right,512
372,5352,"[4, 8, 256, 2, 0, 512, 8, 4, 0, 8, 2, 8, 0, 0, 0, 2]",up,512
373,5352,"[4, 8, 256, 2, 512, 8, 4, 0, 8, 2, 8, 2, 2, 0, 0, 0]",left,512
374,5372,"[4, 16, 256, 4, 512, 2, 4, 0, 8, 0, 8, 0, 2, 0, 0, 2]",up,512
375,5392,"[4, 16, 256, 4, 512, 2, 4, 0, 16, 0, 0, 2, 4, 0, 0, 0]",left,512
376,5392,"[4, 16, 256, 4, 512, 2, 4, 2, 16, 2, 0, 0, 4, 0, 0, 0]",up,512
377,5392,"[4, 16, 256, 4, 512, 2, 4, 2, 0, 0, 16, 2, 2, 0, 0, 4]",right,512
378,5394,"[0, 0, 2, 0, 4, 0, 256, 4, 512, 16, 4, 4, 2, 2, 16, 4]",down,512
379,5402,"[4, 16, 2, 8, 512, 2, 256, 4, 2, 0, 4, 0, 0, 2, 16, 0]",up,512
380,5406,"[4, 16, 2, 8, 512, 4, 256, 4, 2, 2, 4, 0, 0, 0, 16, 0]",up,512
381,5406,"[0, 0, 2, 2, 4, 16, 256, 0, 512, 4, 4, 8, 2, 2, 16, 4]",down,512
382,5422,"[0, 0, 2, 4, 0, 4, 16, 256, 0, 512, 8, 8, 0, 4, 16, 4]",right,512
383,5422,"[0, 4, 2, 4, 0, 512, 16, 256, 0, 4, 8, 8, 2, 0, 16, 4]",up,512
384,5422,"[0, 0, 2, 4, 4, 4, 16, 256, 0, 512, 8, 8, 2, 4, 16, 4]",down,512
385,5446,"[2, 0, 2, 4, 0, 8, 16, 256, 0, 0, 512, 16, 2, 4, 16, 4]",right,512
386,5448,"[0, 0, 2, 4, 2, 0, 16, 256, 0, 8, 512, 16, 4, 4, 16, 4]",down,512
387,5456,"[2, 4, 2, 0, 2, 16, 256, 0, 8, 512, 16, 0, 8, 16, 4, 0]",left,512
388,5476,"[4, 4, 2, 0, 16, 16, 256, 0, 0, 512, 16, 0, 2, 16, 4, 0]",up,512
389,5516,"[2, 0, 8, 2, 0, 0, 32, 256, 0, 0, 512, 16, 0, 2, 16, 4]",right,512
390,5516,"[2, 8, 2, 0, 32, 256, 0, 2, 512, 16, 0, 0, 2, 16, 4, 0]",left,512
391,5516,"[2, 8, 2, 0, 32, 256, 2, 0, 512, 16, 0, 2, 2, 16, 4, 0]",left,512
392,5534,"[2, 0, 2, 0, 32, 8, 0, 0, 512, 256, 4, 0, 2, 32, 4, 2]",down,512
393,5538,"[2, 0, 0, 0, 32, 8, 0, 0, 512, 256, 2, 2, 2, 32, 8, 2]",down,512
394,5542,"[0, 0, 0, 2, 0, 2, 32, 8, 0, 512, 256, 4, 2, 32, 8, 2]",right,512
395,5542,"[2, 2, 32, 2, 2, 512, 256, 8, 0, 32, 8, 4, 0, 0, 0, 2]",up,512
396,5546,"[0, 4, 32, 2, 2, 512, 256, 8, 0, 32, 8, 4, 0, 0, 2, 2]",right,512
397,5546,"[2, 4, 32, 2, 0, 512, 256, 8, 0, 32, 8, 4, 2, 0, 2, 2]",up,512
398,5550,"[2, 4, 32, 2, 512, 256, 8, 0, 32, 8, 4, 0, 4, 2, 2, 0]",left,512
399,5554,"[2, 4, 32, 2, 512, 256, 8, 0, 32, 8, 4, 0, 4, 4, 0, 4]",left,512
400,5562,"[2, 4, 32, 2, 0, 512, 256, 8, 0, 32, 8, 4, 2, 0, 4, 8]",right,512
401,5566,"[4, 4, 32, 2, 0, 512, 256, 8, 0, 32, 8, 4, 2, 0, 4, 8]",up,512
402,5574,"[8, 32, 2, 2, 512, 256, 8, 0, 32, 8, 4, 0, 2, 4, 8, 0]",left,512
403,5578,"[0, 8, 32, 4, 2, 512, 256, 8, 0, 32, 8, 4, 0, 2, 4, 8]",right,512
404,5578,"[0, 8, 32, 4, 2, 512, 256, 8, 0, 32, 8, 4, 2, 2, 4, 8]",down,512
405,5582,"[0, 8, 32, 4, 2, 512, 256, 8, 0, 32, 8, 4, 2, 4, 4, 8]",right,512
406,5584,"[0, 8, 32, 4, 2, 512, 256, 8, 0, 32, 8, 4, 4, 4, 4, 8]",down,512
407,5592,"[0, 8, 32, 4, 2, 512, 256, 8, 0, 32, 8, 4, 2, 4, 8, 8]",right,512
408,5602,"[0, 8, 0, 4, 4, 512, 32, 8, 0, 32, 256, 4, 4, 4, 16, 8]",down,512
409,5610,"[2, 0, 8, 4, 4, 512, 32, 8, 0, 32, 256, 4, 0, 8, 16, 8]",right,512
410,5610,"[0, 0, 8, 4, 4, 512, 32, 8, 2, 32, 256, 4, 4, 8, 16, 8]",down,512
411,5610,"[4, 512, 8, 4, 2, 32, 32, 8, 4, 8, 256, 4, 0, 2, 16, 8]",up,512
412,5674,"[4, 512, 8, 4, 0, 2, 64, 8, 4, 8, 256, 4, 2, 2, 16, 8]",right,512
413,5678,"[4, 512, 8, 4, 2, 2, 64, 8, 4, 8, 256, 4, 0, 4, 16, 8]",right,512
414,5682,"[4, 512, 8, 4, 4, 64, 8, 2, 4, 8, 256, 4, 4, 16, 8, 0]",left,512
415,5714,"[8, 512, 16, 4, 8, 64, 256, 2, 0, 8, 8, 4, 0, 16, 0, 2]",up,512
416,5730,"[8, 512, 16, 4, 8, 64, 256, 2, 16, 4, 0, 0, 16, 2, 0, 4]",left,512
417,5754,"[0, 512, 2, 0, 0, 64, 0, 4, 16, 4, 16, 2, 32, 2, 256, 4]",down,512
418,5754,"[0, 0, 512, 2, 2, 0, 64, 4, 16, 4, 16, 2, 32, 2, 256, 4]",right,512
419,5754,"[2, 4, 512, 2, 16, 2, 64, 4, 32, 0, 16, 2, 4, 0, 256, 4]",up,512
420,5754,"[2, 4, 512, 2, 16, 2, 64, 4, 32, 16, 2, 0, 4, 256, 4, 2]",left,512
421,5754,"[2, 4, 512, 2, 16, 2, 64, 4, 32, 16, 2, 2, 4, 256, 4, 2]",up,512
422,5756,"[2, 4, 512, 2, 16, 2, 64, 2, 32, 16, 2, 4, 4, 256, 4, 4]",down,512
423,5762,"[2, 4, 512, 0, 16, 2, 64, 2, 32, 16, 2, 4, 4, 256, 4, 8]",down,512
424,5762,"[2, 2, 4, 512, 16, 2, 64, 2, 32, 16, 2, 4, 4, 256, 4, 8]",right,512
425,5766,"[2, 4, 4, 512, 16, 16, 64, 2, 32, 256, 2, 4, 4, 2, 4, 8]",up,512
426,5806,"[2, 8, 512, 0, 32, 64, 2, 2, 32, 256, 2, 4, 4, 2, 4, 8]",left,512
427,5840,"[0, 8, 2, 0, 2, 64, 512, 2, 64, 256, 4, 4, 4, 2, 4, 8]",down,512
428,5848,"[2, 8, 2, 2, 64, 64, 512, 4, 4, 256, 8, 8, 0, 2, 0, 2]",up,512
429,6000,"[0, 2, 8, 4, 2, 128, 512, 4, 0, 4, 256, 16, 0, 0, 0, 4]",right,512
430,6000,"[2, 8, 4, 0, 2, 128, 512, 4, 4, 256, 16, 0, 4, 0, 2, 0]",left,512
431,6006,"[2, 0, 4, 0, 0, 8, 512, 0, 4, 128, 16, 0, 8, 256, 2, 4]",down,512
432,6006,"[2, 8, 4, 4, 4, 128, 512, 0, 8, 256, 16, 0, 0, 0, 2, 2]",up,512
433,6018,"[0, 2, 8, 8, 0, 4, 128, 512, 0, 8, 256, 16, 2, 0, 0, 4]",right,512
434,6018,"[2, 2, 8, 8, 0, 4, 128, 512, 2, 8, 256, 16, 0, 0, 0, 4]",up,512
435,6038,"[4, 16, 0, 0, 4, 128, 512, 0, 2, 8, 256, 16, 4, 2, 0, 0]",left,512
436,6046,"[8, 16, 512, 16, 2, 128, 256, 4, 4, 8, 0, 0, 0, 2, 0, 0]",up,512
437,6046,"[8, 16, 512, 16, 2, 128, 256, 4, 4, 8, 2, 0, 2, 0, 0, 0]",left,512
438,6046,"[8, 16, 512, 16, 2, 128, 256, 4, 0, 4, 8, 2, 2, 0, 0, 2]",right,512
439,6050,"[0, 0, 0, 4, 0, 16, 512, 16, 8, 128, 256, 4, 4, 4, 8, 4]",down,512
440,6058,"[8, 16, 512, 4, 4, 128, 256, 16, 0, 4, 8, 8, 0, 0, 0, 2]",up,512
441,6074,"[8, 16, 512, 4, 4, 128, 256, 16, 4, 16, 0, 0, 2, 0, 0, 2]",left,512
442,6082,"[8, 16, 512, 4, 8, 128, 256, 16, 2, 16, 0, 2, 2, 0, 0, 0]",up,512
443,6092,"[0, 0, 2, 0, 0, 16, 0, 4, 16, 128, 512, 16, 4, 16, 256, 2]",down,512
444,6092,"[0, 0, 2, 2, 0, 0, 16, 4, 16, 128, 512, 16, 4, 16, 256, 2]",right,512
445,6096,"[4, 0, 0, 0, 16, 4, 2, 0, 16, 128, 512, 16, 4, 16, 256, 2]",left,512
446,6128,"[4, 4, 2, 16, 32, 128, 512, 2, 4, 16, 256, 0, 0, 0, 2, 0]",up,512
447,6128,"[0, 2, 2, 0, 4, 4, 512, 0, 32, 128, 256, 16, 4, 16, 2, 2]",down,512
448,6144,"[0, 0, 0, 4, 0, 2, 8, 512, 32, 128, 256, 16, 0, 4, 16, 4]",right,512
449,6144,"[0, 2, 0, 4, 0, 2, 8, 512, 0, 128, 256, 16, 32, 4, 16, 4]",down,512
450,6144,"[2, 4, 0, 0, 2, 8, 512, 4, 128, 256, 16, 0, 32, 4, 16, 4]",left,512
451,6188,"[4, 4, 512, 8, 128, 8, 32, 0, 32, 256, 0, 0, 0, 4, 2, 0]",up,512
452,6188,"[4, 4, 512, 8, 128, 8, 32, 0, 32, 256, 2, 0, 0, 4, 2, 0]",up,512
453,6190,"[0, 4, 0, 2, 4, 8, 512, 0, 128, 256, 32, 0, 32, 4, 4, 8]",down,512
454,6198,"[0, 0, 4, 2, 0, 4, 8, 512, 0, 128, 256, 32, 2, 32, 8, 8]",right,512
455,6198,"[2, 4, 4, 2, 0, 128, 8, 512, 2, 32, 256, 32, 0, 0, 8, 8]",up,512
456,6200,"[0, 0, 4, 2, 0, 4, 8, 512, 2, 128, 256, 32, 4, 32, 8, 8]",down,512
457,6200,"[2, 4, 4, 2, 4, 128, 8, 512, 0, 32, 256, 32, 0, 2, 8, 8]",up,512
458,6224,"[2, 8, 2, 0, 4, 128, 8, 512, 32, 256, 32, 0, 2, 16, 0, 4]",left,512
459,6224,"[2, 8, 2, 0, 4, 128, 8, 512, 32, 256, 32, 0, 2, 16, 4, 2]",left,512
460,6224,"[2, 8, 2, 512, 4, 128, 8, 2, 32, 256, 32, 2, 2, 16, 4, 0]",up,512
461,6226,"[2, 8, 2, 2, 4, 128, 8, 0, 32, 256, 32, 512, 2, 16, 4, 4]",down,512
462,6238,"[2, 8, 4, 2, 4, 128, 8, 0, 32, 256, 32, 512, 2, 16, 8, 0]",left,512
463,6238,"[2, 8, 4, 2, 4, 128, 8, 0, 32, 256, 32, 2, 2, 16, 8, 512]",down,512
464,6242,"[2, 8, 4, 4, 4, 128, 8, 512, 32, 256, 32, 2, 2, 16, 8, 0]",up,512
465,6250,"[2, 8, 8, 2, 4, 128, 8, 512, 32, 256, 32, 2, 2, 16, 8, 0]",left,512
466,6258,"[2, 8, 0, 2, 4, 128, 16, 2, 32, 256, 32, 512, 2, 16, 8, 2]",down,512
467,6258,"[2, 8, 2, 2, 4, 128, 16, 2, 32, 256, 32, 512, 2, 16, 8, 2]",left,512
468,6262,"[2, 2, 8, 4, 4, 128, 16, 2, 32, 256, 32, 512, 2, 16, 8, 2]",right,512
469,6266,"[4, 8, 4, 2, 4, 128, 16, 2, 32, 256, 32, 512, 2, 16, 8, 2]",left,512
470,6278,"[8, 8, 4, 4, 32, 128, 16, 512, 2, 256, 32, 2, 2, 16, 8, 0]",up,512
471,6302,"[0, 2, 16, 8, 32, 128, 16, 512, 2, 256, 32, 2, 0, 2, 16, 8]",right,512
472,6318,"[2, 2, 0, 8, 0, 128, 32, 512, 32, 256, 32, 2, 2, 2, 16, 8]",down,512
473,6350,"[0, 2, 0, 8, 2, 128, 2, 512, 32, 256, 64, 2, 2, 2, 16, 8]",down,512
474,6354,"[2, 8, 2, 0, 2, 128, 2, 512, 32, 256, 64, 2, 4, 16, 8, 0]",left,512
475,6362,"[4, 8, 4, 512, 32, 128, 64, 2, 4, 256, 8, 0, 0, 16, 0, 2]",up,512
476,6364,"[0, 8, 0, 0, 4, 128, 4, 2, 32, 256, 64, 512, 4, 16, 8, 4]",down,512
477,6364,"[2, 0, 0, 8, 4, 128, 4, 2, 32, 256, 64, 512, 4, 16, 8, 4]",right,512
478,6364,"[2, 8, 2, 0, 4, 128, 4, 2, 32, 256, 64, 512, 4, 16, 8, 4]",left,512
479,6364,"[2, 2, 8, 2, 4, 128, 4, 2, 32, 256, 64, 512, 4, 16, 8, 4]",right,512
480,6366,"[2, 2, 8, 2, 4, 128, 4, 4, 32, 256, 64, 512, 4, 16, 8, 4]",down,512
481,6378,"[2, 4, 8, 2, 0, 4, 128, 8, 32, 256, 64, 512, 4, 16, 8, 4]",right,512
482,6386,"[2, 8, 8, 2, 32, 256, 128, 8, 4, 16, 64, 512, 0, 4, 8, 4]",up,512
483,6386,"[2, 8, 8, 2, 2, 256, 128, 8, 32, 16, 64, 512, 4, 4, 8, 4]",down,512
484,6388,"[2, 8, 8, 2, 4, 256, 128, 8, 32, 16, 64, 512, 4, 4, 8, 4]",down,512
485,6412,"[0, 2, 16, 2, 4, 256, 128, 8, 32, 16, 64, 512, 2, 8, 8, 4]",right,512
486,6428,"[2, 16, 2, 2, 4, 256, 128, 8, 32, 16, 64, 512, 2, 16, 4, 0]",left,512
487,6460,"[2, 16, 2, 2, 4, 256, 128, 8, 32, 32, 64, 512, 2, 4, 4, 0]",up,512
488,6536,"[2, 16, 4, 0, 4, 256, 128, 8, 64, 64, 512, 0, 2, 8, 4, 0]",left,512
489,6664,"[0, 2, 16, 4, 4, 256, 128, 8, 4, 0, 128, 512, 0, 2, 8, 4]",right,512
490,6796,"[2, 0, 0, 4, 0, 2, 16, 8, 0, 256, 256, 512, 8, 2, 8, 4]",down,512
491,7308,"[2, 4, 0, 0, 2, 16, 8, 0, 512, 512, 2, 0, 8, 2, 8, 4]",left,512
492,7312,"[4, 4, 8, 4, 512, 16, 2, 0, 8, 512, 8, 0, 0, 2, 2, 0]",up,512
493,7312,"[2, 4, 8, 0, 4, 16, 2, 0, 512, 512, 8, 0, 8, 2, 2, 4]",down,512
494,7312,"[2, 4, 8, 4, 4, 16, 2, 0, 512, 512, 8, 0, 8, 2, 2, 2]",up,512
495,8340,"[2, 4, 8, 4, 4, 16, 2, 2, 1024, 8, 0, 0, 8, 4, 2, 0]",left,1024
496,8342,"[2, 4, 0, 2, 4, 16, 0, 0, 1024, 8, 8, 4, 8, 4, 4, 2]",down,1024
497,8342,"[2, 4, 0, 0, 4, 16, 2, 2, 1024, 8, 8, 4, 8, 4, 4, 2]",down,1024
498,8370,"[2, 4, 2, 0, 4, 16, 4, 0, 1024, 16, 4, 0, 8, 8, 2, 0]",left,1024
499,8410,"[2, 4, 2, 0, 4, 32, 8, 0, 1024, 8, 2, 0, 8, 4, 0, 0]",up,1024
500,8410,"[2, 4, 0, 0, 4, 32, 2, 4, 1024, 8, 8, 0, 8, 4, 2, 0]",down,1024
501,8426,"[2, 4, 0, 2, 4, 32, 2, 4, 1024, 16, 0, 0, 8, 4, 2, 0]",left,1024
502,8428,"[2, 4, 0, 0, 4, 32, 0, 0, 1024, 16, 2, 2, 8, 4, 4, 4]",down,1024
503,8440,"[2, 4, 2, 0, 4, 32, 0, 0, 1024, 16, 4, 0, 8, 8, 4, 0]",left,1024
504,8456,"[0, 2, 4, 2, 0, 2, 4, 32, 0, 1024, 16, 4, 0, 0, 16, 4]",right,1024
505,8482,"[0, 0, 0, 0, 2, 0, 0, 2, 0, 4, 8, 32, 0, 1024, 32, 8]",down,1024
506,8482,"[0, 2, 0, 0, 0, 0, 0, 2, 0, 4, 8, 32, 2, 1024, 32, 8]",down,1024
507,8482,"[0, 2, 0, 0, 0, 2, 0, 2, 0, 4, 8, 32, 2, 1024, 32, 8]",down,1024
508,8486,"[2, 4, 8, 2, 0, 4, 32, 32, 0, 1024, 0, 8, 2, 0, 0, 0]",up,1024
509,8498,"[4, 8, 8, 2, 0, 1024, 32, 32, 0, 0, 0, 8, 4, 0, 0, 0]",up,1024
510,8502,"[0, 2, 0, 0, 0, 0, 0, 2, 0, 8, 8, 32, 8, 1024, 32, 8]",down,1024
511,8518,"[2, 0, 0, 0, 2, 4, 0, 0, 16, 32, 0, 0, 8, 1024, 32, 8]",left,1024
512,8522,"[4, 4, 32, 8, 16, 32, 0, 0, 8, 1024, 0, 0, 0, 0, 2, 0]",up,1024
513,8530,"[0, 8, 32, 8, 0, 0, 16, 32, 0, 0, 8, 1024, 0, 2, 0, 2]",right,1024
514,8534,"[2, 8, 32, 8, 0, 0, 16, 32, 0, 0, 8, 1024, 0, 0, 0, 4]",right,1024
515,8534,"[0, 0, 0, 8, 0, 0, 32, 32, 2, 0, 16, 1024, 2, 8, 8, 4]",down,1024
516,8536,"[0, 0, 2, 8, 0, 0, 32, 32, 0, 0, 16, 1024, 4, 8, 8, 4]",down,1024
517,8616,"[2, 8, 0, 0, 64, 0, 2, 0, 16, 1024, 0, 0, 4, 16, 4, 0]",left,1024
518,8616,"[2, 8, 0, 0, 64, 2, 4, 0, 16, 1024, 0, 0, 4, 16, 4, 0]",left,1024
519,8624,"[2, 8, 8, 0, 64, 2, 0, 2, 16, 1024, 0, 0, 4, 16, 0, 0]",up,1024
520,8644,"[2, 16, 0, 0, 64, 4, 0, 0, 16, 1024, 0, 2, 4, 16, 0, 0]",left,1024
521,8644,"[2, 16, 2, 0, 64, 4, 0, 0, 16, 1024, 0, 0, 4, 16, 0, 2]",down,1024
522,8644,"[2, 16, 2, 0, 64, 4, 0, 0, 16, 1024, 0, 0, 4, 16, 2, 2]",down,1024
523,8648,"[2, 16, 2, 2, 64, 4, 0, 0, 16, 1024, 0, 0, 4, 16, 4, 0]",left,1024
524,8648,"[2, 16, 0, 0, 64, 4, 2, 0, 16, 1024, 2, 0, 4, 16, 4, 2]",down,1024
525,8648,"[0, 0, 2, 16, 0, 64, 4, 2, 2, 16, 1024, 2, 4, 16, 4, 2]",right,1024
526,8648,"[2, 16, 2, 0, 64, 4, 2, 0, 2, 16, 1024, 2, 4, 16, 4, 2]",left,1024
527,8648,"[2, 2, 16, 2, 0, 64, 4, 2, 2, 16, 1024, 2, 4, 16, 4, 2]",right,1024
528,8670,"[0, 0, 16, 0, 2, 2, 4, 0, 4, 64, 1024, 4, 4, 32, 4, 4]",down,1024
529,8682,"[0, 2, 0, 16, 0, 0, 4, 4, 4, 64, 1024, 4, 0, 4, 32, 8]",right,1024
530,8690,"[4, 2, 4, 16, 0, 64, 1024, 8, 0, 4, 32, 8, 0, 0, 2, 0]",up,1024
531,8690,"[4, 2, 4, 16, 2, 64, 1024, 8, 0, 4, 32, 8, 0, 0, 0, 2]",right,1024
532,8706,"[4, 2, 4, 16, 2, 64, 1024, 16, 0, 4, 32, 2, 0, 0, 2, 0]",up,1024
533,8722,"[0, 0, 4, 0, 0, 2, 1024, 2, 4, 64, 32, 32, 2, 4, 2, 2]",down,1024
534,8790,"[2, 0, 0, 4, 0, 2, 1024, 2, 0, 4, 64, 64, 0, 2, 4, 4]",right,1024
535,8790,"[2, 2, 1024, 4, 0, 4, 64, 2, 0, 2, 4, 64, 4, 0, 0, 4]",up,1024
536,8802,"[0, 4, 1024, 4, 0, 4, 64, 2, 0, 2, 4, 64, 0, 2, 0, 8]",right,1024
537,8808,"[0, 4, 0, 4, 0, 0, 1024, 2, 0, 8, 64, 64, 0, 4, 4, 8]",down,1024
538,8952,"[0, 0, 0, 8, 0, 0, 1024, 2, 0, 0, 8, 128, 0, 2, 8, 8]",right,1024
539,8960,"[0, 0, 0, 8, 2, 0, 0, 2, 0, 0, 1024, 128, 0, 2, 16, 8]",down,1024
540,8964,"[8, 0, 0, 2, 4, 0, 0, 0, 1024, 128, 0, 0, 2, 16, 8, 0]",left,1024
541,8964,"[8, 2, 2, 0, 4, 0, 0, 0, 1024, 128, 0, 0, 2, 16, 8, 0]",left,1024
542,8968,"[0, 0, 8, 4, 0, 0, 2, 4, 0, 0, 1024, 128, 0, 2, 16, 8]",right,1024
543,8976,"[0, 2, 8, 8, 0, 0, 2, 128, 0, 0, 1024, 8, 0, 2, 16, 0]",up,1024
544,8978,"[0, 0, 8, 0, 2, 0, 2, 8, 0, 0, 1024, 128, 0, 4, 16, 8]",down,1024
545,8978,"[2, 4, 8, 8, 0, 0, 2, 128, 0, 2, 1024, 8, 0, 0, 16, 0]",up,1024
546,8978,"[2, 4, 8, 8, 0, 2, 2, 128, 0, 2, 1024, 8, 0, 0, 16, 0]",up,1024
547,8982,"[2, 4, 8, 8, 0, 4, 2, 128, 2, 0, 1024, 8, 0, 0, 16, 0]",up,1024
548,8994,"[4, 8, 8, 8, 0, 0, 2, 128, 0, 0, 1024, 8, 0, 2, 16, 0]",up,1024
549,8994,"[4, 8, 8, 8, 0, 2, 2, 128, 2, 0, 1024, 8, 0, 0, 16, 0]",up,1024
550,9014,"[0, 4, 8, 16, 0, 0, 4, 128, 0, 2, 1024, 8, 2, 0, 0, 16]",right,1024
551,9014,"[2, 4, 8, 16, 0, 2, 4, 128, 2, 0, 1024, 8, 0, 0, 0, 16]",up,1024
552,9014,"[2, 4, 8, 16, 0, 2, 4, 128, 2, 2, 1024, 8, 0, 0, 0, 16]",right,1024
553,9022,"[4, 4, 8, 16, 0, 4, 4, 128, 0, 0, 1024, 8, 0, 2, 0, 16]",up,1024
554,9030,"[4, 8, 8, 16, 0, 2, 4, 128, 0, 2, 1024, 8, 0, 0, 0, 16]",up,1024
555,9046,"[4, 16, 16, 0, 2, 4, 128, 0, 2, 1024, 8, 0, 16, 0, 0, 2]",left,1024
556,9048,"[0, 0, 0, 2, 4, 16, 16, 0, 4, 4, 128, 0, 16, 1024, 8, 2]",down,1024
557,9088,"[2, 0, 0, 0, 4, 32, 0, 0, 8, 128, 2, 0, 16, 1024, 8, 2]",left,1024
558,9088,"[2, 32, 2, 2, 4, 128, 8, 0, 8, 1024, 2, 0, 16, 0, 0, 0]",up,1024
559,9092,"[0, 2, 32, 4, 0, 4, 128, 8, 0, 8, 1024, 2, 0, 0, 2, 16]",right,1024
560,9092,"[0, 2, 32, 4, 0, 2, 128, 8, 0, 4, 1024, 2, 0, 8, 2, 16]",down,1024
561,9092,"[2, 32, 4, 0, 2, 128, 8, 0, 4, 1024, 2, 2, 8, 2, 16, 0]",left,1024
562,9094,"[0, 32, 4, 2, 4, 128, 8, 0, 4, 1024, 2, 0, 8, 2, 16, 2]",down,1024
563,9106,"[8, 32, 4, 4, 8, 128, 8, 0, 0, 1024, 2, 0, 0, 2, 16, 2]",up,1024
564,9114,"[0, 8, 32, 8, 2, 8, 128, 8, 0, 0, 1024, 2, 0, 2, 16, 2]",right,1024
565,9150,"[2, 16, 32, 16, 0, 2, 128, 4, 0, 0, 1024, 0, 0, 0, 16, 2]",up,1024
566,9150,"[2, 16, 32, 16, 2, 128, 4, 0, 1024, 0, 0, 0, 16, 2, 2, 0]",left,1024
567,9154,"[2, 16, 32, 16, 2, 128, 4, 0, 1024, 0, 0, 2, 16, 4, 0, 0]",left,1024
568,9156,"[0, 0, 0, 2, 4, 16, 0, 0, 1024, 128, 32, 16, 16, 4, 4, 2]",down,1024
569,9164,"[2, 0, 0, 0, 4, 16, 0, 2, 1024, 128, 32, 16, 16, 8, 2, 0]",left,1024
570,9164,"[2, 0, 2, 0, 4, 16, 0, 0, 1024, 128, 32, 2, 16, 8, 2, 16]",down,1024
571,9168,"[0, 2, 0, 4, 0, 0, 4, 16, 1024, 128, 32, 2, 16, 8, 2, 16]",right,1024
572,9168,"[2, 4, 2, 0, 4, 16, 0, 0, 1024, 128, 32, 2, 16, 8, 2, 16]",left,1024
573,9168,"[2, 2, 4, 2, 0, 0, 4, 16, 1024, 128, 32, 2, 16, 8, 2, 16]",right,1024
574,9172,"[2, 4, 4, 2, 0, 0, 4, 16, 1024, 128, 32, 2, 16, 8, 2, 16]",right,1024
575,9176,"[0, 0, 2, 2, 2, 4, 8, 16, 1024, 128, 32, 2, 16, 8, 2, 16]",down,1024
576,9180,"[4, 0, 0, 2, 2, 4, 8, 16, 1024, 128, 32, 2, 16, 8, 2, 16]",left,1024
577,9180,"[4, 4, 8, 2, 2, 128, 32, 16, 1024, 8, 2, 2, 16, 0, 2, 16]",up,1024
578,9192,"[0, 8, 8, 2, 2, 128, 32, 16, 0, 1024, 8, 4, 2, 16, 2, 16]",right,1024
579,9196,"[4, 8, 8, 2, 0, 128, 32, 16, 0, 1024, 8, 4, 2, 16, 2, 16]",up,1024
580,9212,"[0, 4, 16, 2, 0, 128, 32, 16, 2, 1024, 8, 4, 2, 16, 2, 16]",right,1024
581,9214,"[0, 4, 16, 2, 2, 128, 32, 16, 0, 1024, 8, 4, 4, 16, 2, 16]",down,1024
582,9214,"[0, 4, 16, 2, 2, 128, 32, 16, 2, 1024, 8, 4, 4, 16, 2, 16]",down,1024
583,9216,"[2, 4, 16, 2, 0, 128, 32, 16, 4, 1024, 8, 4, 4, 16, 2, 16]",down,1024
584,9216,"[2, 4, 16, 2, 128, 32, 16, 2, 4, 1024, 8, 4, 4, 16, 2, 16]",left,1024
585,9260,"[2, 4, 32, 4, 128, 32, 8, 4, 8, 1024, 2, 16, 0, 16, 0, 2]",up,1024
586,9264,"[0, 4, 2, 0, 2, 32, 32, 8, 128, 1024, 8, 16, 8, 16, 2, 2]",down,1024
587,9332,"[2, 0, 4, 2, 0, 2, 64, 8, 128, 1024, 8, 16, 0, 8, 16, 4]",right,1024
588,9332,"[2, 2, 4, 2, 128, 1024, 64, 8, 0, 8, 8, 16, 2, 0, 16, 4]",up,1024
589,9352,"[0, 4, 4, 2, 128, 1024, 64, 8, 0, 2, 16, 16, 0, 2, 16, 4]",right,1024
590,9388,"[128, 4, 4, 2, 0, 1024, 64, 8, 0, 4, 32, 16, 0, 2, 0, 4]",up,1024
591,9388,"[2, 4, 0, 2, 0, 1024, 4, 8, 0, 4, 64, 16, 128, 2, 32, 4]",down,1024
592,9388,"[2, 4, 2, 2, 1024, 4, 8, 0, 4, 64, 16, 0, 128, 2, 32, 4]",left,1024
593,9396,"[2, 8, 2, 2, 1024, 64, 8, 4, 4, 2, 16, 2, 128, 0, 32, 0]",up,1024
594,9400,"[0, 2, 8, 4, 1024, 64, 8, 4, 4, 2, 16, 2, 2, 0, 128, 32]",right,1024
595,9412,"[4, 0, 0, 0, 1024, 2, 16, 8, 4, 64, 16, 2, 2, 2, 128, 32]",down,1024
596,9428,"[4, 2, 0, 0, 1024, 2, 0, 8, 4, 64, 32, 2, 2, 2, 128, 32]",down,1024
597,9432,"[4, 2, 4, 0, 1024, 2, 8, 0, 4, 64, 32, 2, 4, 128, 32, 0]",left,1024
598,9470,"[0, 0, 0, 0, 4, 4, 4, 2, 1024, 64, 8, 0, 8, 128, 64, 2]",down,1024
599,9474,"[4, 4, 4, 4, 1024, 64, 8, 0, 8, 128, 64, 0, 0, 0, 2, 0]",up,1024
600,9490,"[0, 2, 8, 8, 0, 1024, 64, 8, 0, 8, 128, 64, 0, 0, 0, 2]",right,1024
601,9506,"[2, 16, 0, 2, 1024, 64, 8, 0, 8, 128, 64, 0, 2, 0, 0, 0]",left,1024
602,9506,"[2, 16, 8, 2, 1024, 64, 64, 0, 8, 128, 0, 0, 2, 0, 0, 2]",up,1024
603,9508,"[2, 0, 0, 0, 1024, 16, 0, 2, 8, 64, 8, 0, 2, 128, 64, 4]",down,1024
604,9508,"[2, 0, 0, 0, 1024, 16, 2, 0, 8, 64, 8, 2, 2, 128, 64, 4]",left,1024
605,9508,"[0, 0, 2, 2, 0, 1024, 16, 2, 8, 64, 8, 2, 2, 128, 64, 4]",right,1024
606,9512,"[4, 0, 0, 0, 1024, 16, 2, 2, 8, 64, 8, 2, 2, 128, 64, 4]",left,1024
607,9514,"[4, 0, 4, 0, 1024, 16, 2, 0, 8, 64, 8, 4, 2, 128, 64, 4]",down,1024
608,9522,"[8, 2, 0, 0, 1024, 16, 2, 0, 8, 64, 8, 4, 2, 128, 64, 4]",left,1024
609,9526,"[8, 2, 0, 0, 1024, 16, 2, 2, 8, 64, 8, 0, 2, 128, 64, 8]",down,1024
610,9530,"[8, 2, 0, 2, 1024, 16, 4, 0, 8, 64, 8, 0, 2, 128, 64, 8]",left,1024
611,9534,"[0, 0, 8, 4, 0, 1024, 16, 4, 2, 8, 64, 8, 2, 128, 64, 8]",right,1024
612,9690,"[4, 1024, 8, 8, 0, 8, 16, 16, 0, 128, 128, 0, 0, 0, 4, 0]",up,1024
613,9690,"[0, 0, 8, 2, 0, 1024, 16, 0, 0, 8, 128, 8, 4, 128, 4, 16]",down,1024
614,9690,"[4, 1024, 8, 2, 0, 8, 16, 8, 0, 128, 128, 16, 0, 2, 4, 0]",up,1024
615,9946,"[4, 1024, 8, 2, 0, 8, 16, 8, 0, 0, 256, 16, 0, 2, 2, 4]",right,1024
616,9950,"[4, 1024, 8, 2, 8, 16, 8, 2, 256, 16, 0, 0, 4, 4, 0, 0]",left,1024
617,9976,"[4, 0, 0, 0, 8, 1024, 0, 2, 256, 32, 0, 0, 4, 4, 16, 4]",down,1024
618,9984,"[2, 0, 0, 4, 0, 8, 1024, 2, 0, 0, 256, 32, 0, 8, 16, 4]",right,1024
619,9992,"[0, 0, 0, 4, 2, 0, 1024, 2, 0, 0, 256, 32, 2, 16, 16, 4]",down,1024
620,10024,"[4, 0, 0, 0, 2, 1024, 2, 0, 256, 32, 2, 0, 2, 32, 4, 0]",left,1024
621,10092,"[4, 1024, 4, 2, 2, 64, 4, 0, 256, 0, 0, 0, 2, 0, 0, 0]",up,1024
622,10100,"[4, 1024, 8, 2, 2, 64, 0, 0, 256, 0, 0, 0, 2, 0, 2, 0]",up,1024
623,10100,"[4, 1024, 8, 2, 2, 64, 2, 0, 256, 0, 2, 0, 2, 0, 0, 0]",up,1024
624,10102,"[4, 0, 0, 0, 2, 4, 0, 0, 256, 1024, 8, 0, 2, 64, 4, 2]",down,1024
625,10102,"[4, 4, 8, 2, 2, 1024, 4, 0, 256, 64, 2, 0, 2, 0, 0, 0]",up,1024
626,10102,"[4, 2, 0, 0, 2, 4, 8, 0, 256, 1024, 4, 0, 2, 64, 2, 2]",down,1024
627,10106,"[0, 2, 4, 2, 0, 2, 4, 8, 0, 256, 1024, 4, 0, 2, 64, 4]",right,1024
628,10116,"[4, 0, 0, 0, 0, 4, 8, 2, 0, 256, 1024, 8, 0, 2, 64, 8]",down,1024
629,10132,"[4, 4, 8, 2, 2, 256, 1024, 16, 0, 2, 64, 0, 0, 0, 0, 0]",up,1024
630,10140,"[8, 8, 2, 0, 2, 256, 1024, 16, 2, 64, 0, 0, 2, 0, 0, 0]",left,1024
631,10156,"[2, 0, 16, 2, 2, 256, 1024, 16, 0, 0, 2, 64, 0, 0, 0, 2]",right,1024
632,10158,"[0, 0, 0, 2, 2, 0, 16, 16, 0, 0, 1024, 64, 4, 256, 2, 2]",down,1024
633,10158,"[0, 0, 2, 2, 0, 0, 16, 16, 2, 0, 1024, 64, 4, 256, 2, 2]",down,1024
634,10158,"[2, 256, 2, 2, 4, 0, 16, 16, 2, 0, 1024, 64, 0, 0, 2, 2]",up,1024
635,10158,"[0, 0, 2, 2, 2, 0, 16, 16, 4, 2, 1024, 64, 2, 256, 2, 2]",down,1024
636,10158,"[2, 2, 2, 2, 4, 256, 16, 16, 2, 0, 1024, 64, 0, 2, 2, 2]",up,1024
637,10158,"[2, 0, 2, 2, 2, 2, 16, 16, 4, 256, 1024, 64, 2, 2, 2, 2]",down,1024
638,10206,"[4, 2, 0, 2, 4, 32, 0, 0, 4, 256, 1024, 64, 4, 4, 0, 0]",left,1024
639,10222,"[8, 2, 1024, 2, 8, 32, 0, 64, 0, 256, 0, 2, 0, 4, 0, 0]",up,1024
640,10222,"[8, 2, 1024, 2, 8, 32, 64, 0, 256, 2, 0, 0, 4, 0, 0, 4]",left,1024
641,10230,"[8, 2, 1024, 2, 8, 32, 64, 0, 256, 2, 0, 0, 8, 2, 0, 0]",left,1024
642,10250,"[16, 2, 1024, 2, 256, 32, 64, 0, 8, 4, 0, 0, 0, 0, 0, 2]",up,1024
643,10250,"[16, 2, 1024, 2, 256, 32, 64, 2, 8, 4, 0, 0, 2, 0, 0, 0]",left,1024
644,10254,"[16, 2, 1024, 4, 256, 32, 64, 0, 8, 4, 0, 2, 2, 0, 0, 0]",up,1024
645,10254,"[16, 2, 1024, 4, 256, 32, 64, 2, 8, 4, 0, 0, 2, 0, 4, 0]",up,1024
646,10254,"[16, 4, 0, 0, 256, 2, 1024, 0, 8, 32, 64, 4, 2, 4, 4, 2]",down,1024
647,10262,"[16, 4, 0, 0, 256, 2, 1024, 0, 8, 32, 64, 4, 2, 8, 2, 2]",left,1024
648,10262,"[16, 4, 1024, 4, 256, 2, 64, 2, 8, 32, 2, 4, 2, 8, 0, 0]",up,1024
649,10262,"[16, 4, 1024, 4, 256, 2, 64, 2, 8, 32, 2, 4, 0, 2, 2, 8]",right,1024
650,10266,"[16, 4, 1024, 4, 256, 2, 64, 2, 8, 32, 4, 4, 0, 2, 4, 8]",up,1024
651,10274,"[16, 4, 1024, 4, 256, 2, 64, 2, 2, 8, 32, 8, 0, 2, 4, 8]",right,1024
652,10282,"[0, 4, 1024, 2, 16, 2, 64, 4, 256, 8, 32, 2, 2, 2, 4, 16]",down,1024
653,10286,"[0, 4, 1024, 2, 16, 2, 64, 4, 256, 8, 32, 2, 2, 4, 4, 16]",right,1024
654,10294,"[4, 1024, 2, 0, 16, 2, 64, 4, 256, 8, 32, 2, 2, 8, 16, 4]",left,1024
655,10302,"[4, 2, 2, 0, 16, 1024, 64, 4, 256, 2, 32, 2, 2, 16, 16, 4]",down,1024
656,10338,"[0, 0, 4, 4, 16, 1024, 64, 4, 256, 2, 32, 2, 2, 2, 32, 4]",right,1024
657,10376,"[0, 0, 0, 2, 16, 0, 4, 8, 256, 1024, 64, 2, 2, 4, 64, 4]",down,1024
658,10504,"[16, 1024, 4, 2, 256, 4, 128, 8, 2, 0, 0, 2, 0, 2, 0, 4]",up,1024
659,10504,"[2, 0, 0, 2, 16, 1024, 0, 8, 256, 4, 4, 2, 2, 2, 128, 4]",down,1024
660,10520,"[4, 0, 0, 0, 16, 1024, 8, 0, 256, 8, 2, 0, 4, 128, 4, 2]",left,1024
661,10520,"[4, 1024, 8, 2, 16, 8, 2, 2, 256, 128, 4, 0, 4, 0, 0, 0]",up,1024
662,10524,"[4, 1024, 8, 2, 16, 8, 4, 0, 256, 128, 4, 0, 4, 0, 4, 0]",left,1024
663,10532,"[4, 1024, 8, 2, 0, 16, 8, 4, 0, 256, 128, 4, 0, 0, 2, 8]",right,1024
664,10556,"[4, 1024, 16, 2, 0, 16, 128, 8, 0, 256, 2, 8, 0, 2, 0, 0]",up,1024
665,10564,"[0, 1024, 0, 2, 0, 16, 16, 0, 0, 256, 128, 2, 4, 2, 2, 16]",down,1024
666,10566,"[0, 1024, 0, 0, 0, 16, 16, 2, 0, 256, 128, 4, 4, 2, 2, 16]",down,1024
667,10602,"[0, 4, 0, 1024, 0, 0, 32, 2, 0, 256, 128, 4, 0, 4, 4, 16]",right,1024
668,10602,"[2, 4, 32, 1024, 0, 256, 128, 2, 0, 4, 4, 4, 0, 0, 0, 16]",up,1024
669,10610,"[2, 4, 32, 1024, 256, 128, 2, 0, 8, 4, 0, 4, 16, 0, 0, 0]",left,1024
670,10618,"[2, 4, 32, 1024, 256, 128, 2, 0, 8, 8, 0, 0, 16, 0, 0, 4]",left,1024
671,10634,"[2, 4, 32, 1024, 0, 256, 128, 2, 0, 0, 2, 16, 0, 0, 16, 4]",right,1024
672,10634,"[2, 4, 32, 1024, 256, 128, 2, 0, 2, 16, 0, 2, 16, 4, 0, 0]",left,1024
673,10634,"[2, 4, 4, 0, 256, 128, 0, 0, 2, 16, 32, 1024, 16, 4, 2, 2]",down,1024
674,10646,"[2, 0, 2, 8, 0, 0, 256, 128, 2, 16, 32, 1024, 0, 16, 4, 4]",right,1024
675,10664,"[0, 0, 2, 8, 2, 0, 256, 128, 0, 0, 32, 1024, 4, 32, 4, 4]",down,1024
676,10664,"[0, 0, 2, 8, 0, 2, 256, 128, 2, 0, 32, 1024, 4, 32, 4, 4]",down,1024
677,10664,"[0, 0, 2, 8, 0, 2, 256, 128, 2, 2, 32, 1024, 4, 32, 4, 4]",down,1024
678,10676,"[2, 0, 2, 8, 0, 2, 256, 128, 0, 4, 32, 1024, 0, 4, 32, 8]",right,1024
679,10680,"[2, 0, 4, 8, 0, 2, 256, 128, 0, 4, 32, 1024, 0, 4, 32, 8]",right,1024
680,10752,"[2, 2, 4, 8, 0, 8, 256, 128, 0, 2, 64, 1024, 0, 0, 0, 8]",up,1024
681,10756,"[4, 4, 8, 0, 8, 256, 128, 0, 2, 64, 1024, 0, 8, 0, 2, 0]",left,1024
682,10756,"[4, 0, 8, 0, 8, 4, 128, 4, 2, 256, 1024, 0, 8, 64, 2, 0]",down,1024
683,10756,"[4, 4, 8, 4, 8, 256, 128, 2, 2, 64, 1024, 0, 8, 0, 2, 0]",up,1024
684,10764,"[8, 8, 4, 2, 8, 256, 128, 2, 2, 64, 1024, 0, 8, 2, 0, 0]",left,1024
685,10784,"[16, 8, 4, 4, 2, 256, 128, 0, 8, 64, 1024, 0, 0, 2, 4, 0]",up,1024
686,10792,"[0, 16, 8, 8, 0, 2, 256, 128, 0, 8, 64, 1024, 2, 0, 2, 4]",right,1024
687,10792,"[0, 2, 8, 8, 0, 16, 256, 128, 0, 2, 64, 1024, 2, 8, 2, 4]",down,1024
688,10808,"[0, 0, 2, 16, 0, 16, 256, 128, 2, 2, 64, 1024, 2, 8, 2, 4]",right,1024
689,10812,"[4, 16, 2, 16, 0, 2, 256, 128, 0, 8, 64, 1024, 0, 2, 2, 4]",up,1024
690,10816,"[4, 16, 2, 16, 2, 256, 128, 0, 8, 64, 1024, 0, 4, 4, 0, 2]",left,1024
691,10824,"[4, 16, 2, 16, 2, 256, 128, 0, 8, 64, 1024, 0, 8, 2, 0, 2]",left,1024
692,10840,"[4, 16, 2, 16, 2, 256, 128, 2, 16, 64, 1024, 2, 0, 2, 0, 0]",up,1024
693,10840,"[4, 16, 2, 16, 2, 256, 128, 2, 16, 64, 1024, 2, 2, 0, 0, 2]",left,1024
694,10842,"[4, 2, 0, 0, 2, 16, 2, 16, 16, 256, 128, 2, 2, 64, 1024, 4]",down,1024
695,10842,"[4, 2, 2, 16, 2, 16, 128, 2, 16, 256, 1024, 4, 2, 64, 0, 2]",up,1024
696,10846,"[4, 4, 16, 2, 2, 16, 128, 2, 16, 256, 1024, 4, 2, 64, 2, 0]",left,1024
697,10850,"[4, 4, 16, 4, 2, 16, 128, 4, 16, 256, 1024, 0, 2, 64, 2, 2]",up,1024
698,10858,"[4, 4, 16, 8, 2, 16, 128, 2, 16, 256, 1024, 2, 2, 64, 2, 0]",up,1024
699,10862,"[4, 4, 16, 8, 2, 16, 128, 4, 16, 256, 1024, 0, 2, 64, 2, 2]",up,1024
700,10862,"[4, 4, 16, 8, 2, 16, 128, 4, 16, 256, 1024, 2, 2, 64, 2, 2]",up,1024
701,10866,"[4, 4, 16, 8, 2, 16, 128, 4, 16, 256, 1024, 4, 2, 64, 2, 2]",up,1024
702,10878,"[0, 8, 16, 8, 2, 16, 128, 4, 16, 256, 1024, 4, 2, 2, 64, 4]",right,1024
703,10882,"[2, 8, 16, 8, 2, 16, 128, 4, 16, 256, 1024, 4, 0, 4, 64, 4]",right,1024
704,10894,"[4, 8, 16, 8, 16, 16, 128, 8, 0, 256, 1024, 4, 2, 4, 64, 0]",up,1024
705,10926,"[4, 8, 16, 8, 0, 32, 128, 8, 0, 256, 1024, 4, 2, 2, 4, 64]",right,1024
706,10942,"[4, 8, 16, 16, 2, 32, 128, 4, 0, 256, 1024, 64, 0, 2, 4, 2]",up,1024
707,10974,"[0, 4, 8, 32, 2, 32, 128, 4, 2, 256, 1024, 64, 0, 2, 4, 2]",right,1024
708,10974,"[4, 8, 32, 2, 2, 32, 128, 4, 2, 256, 1024, 64, 2, 4, 2, 0]",left,1024
709,10976,"[0, 8, 32, 2, 4, 32, 128, 2, 2, 256, 1024, 4, 4, 4, 2, 64]",down,1024
710,10978,"[0, 8, 32, 2, 4, 32, 128, 4, 2, 256, 1024, 4, 4, 4, 2, 64]",down,1024
711,10986,"[8, 32, 2, 0, 4, 32, 128, 4, 2, 256, 1024, 4, 8, 2, 64, 2]",left,1024
712,11058,"[8, 64, 2, 8, 4, 256, 128, 2, 2, 2, 1024, 2, 8, 0, 64, 0]",up,1024
713,11062,"[8, 64, 2, 8, 4, 256, 128, 2, 4, 1024, 2, 0, 8, 64, 2, 0]",left,1024
714,11074,"[8, 64, 2, 8, 8, 256, 128, 2, 8, 1024, 4, 0, 0, 64, 2, 0]",up,1024
715,11082,"[2, 64, 2, 0, 0, 256, 128, 0, 8, 1024, 4, 8, 16, 64, 2, 2]",down,1024
716,11086,"[2, 64, 2, 0, 256, 128, 0, 2, 8, 1024, 4, 8, 16, 64, 4, 0]",left,1024
717,11090,"[2, 64, 0, 0, 256, 128, 0, 2, 8, 1024, 2, 2, 16, 64, 8, 8]",down,1024
718,11110,"[2, 64, 0, 0, 256, 128, 2, 0, 8, 1024, 4, 2, 16, 64, 16, 0]",left,1024
719,11110,"[2, 64, 2, 0, 256, 128, 2, 0, 8, 1024, 4, 0, 16, 64, 16, 2]",down,1024
720,11114,"[2, 64, 4, 2, 256, 128, 4, 2, 8, 1024, 16, 0, 16, 64, 0, 0]",up,1024
721,11126,"[2, 64, 8, 4, 256, 128, 16, 0, 8, 1024, 0, 4, 16, 64, 0, 0]",up,1024
722,11134,"[2, 64, 8, 8, 256, 128, 16, 2, 8, 1024, 0, 0, 16, 64, 0, 0]",up,1024
723,11150,"[2, 64, 16, 0, 256, 128, 16, 2, 8, 1024, 0, 0, 16, 64, 2, 0]",left,1024
724,11182,"[2, 64, 32, 2, 256, 128, 2, 0, 8, 1024, 0, 0, 16, 64, 2, 0]",up,1024
725,11182,"[2, 64, 32, 2, 0, 256, 128, 2, 0, 4, 8, 1024, 0, 16, 64, 2]",right,1024
726,11186,"[2, 64, 32, 4, 0, 256, 128, 1024, 2, 4, 8, 2, 0, 16, 64, 0]",up,1024
727,11190,"[4, 64, 32, 4, 2, 256, 128, 1024, 0, 4, 8, 2, 0, 16, 64, 0]",up,1024
728,11190,"[2, 64, 32, 0, 0, 256, 128, 4, 4, 4, 8, 1024, 2, 16, 64, 2]",down,1024
729,11190,"[2, 64, 32, 0, 2, 256, 128, 4, 4, 4, 8, 1024, 2, 16, 64, 2]",down,1024
730,11198,"[2, 2, 64, 32, 2, 256, 128, 4, 0, 8, 8, 1024, 2, 16, 64, 2]",right,1024
731,11202,"[4, 2, 64, 32, 2, 256, 128, 4, 0, 8, 8, 1024, 4, 16, 64, 2]",up,1024
732,11202,"[4, 2, 64, 32, 4, 256, 128, 4, 2, 8, 8, 1024, 4, 16, 64, 2]",down,1024
733,11218,"[4, 2, 64, 32, 4, 256, 128, 4, 4, 2, 16, 1024, 4, 16, 64, 2]",right,1024
734,11234,"[8, 2, 64, 32, 8, 256, 128, 4, 2, 2, 16, 1024, 0, 16, 64, 2]",up,1024
735,11250,"[16, 2, 64, 32, 2, 256, 128, 4, 2, 2, 16, 1024, 0, 16, 64, 2]",up,1024
736,11254,"[16, 2, 64, 32, 4, 256, 128, 4, 0, 2, 16, 1024, 2, 16, 64, 2]",up,1024
737,11254,"[16, 2, 64, 32, 4, 256, 128, 4, 2, 16, 1024, 2, 2, 16, 64, 2]",left,1024
738,11294,"[16, 2, 64, 32, 4, 256, 128, 4, 4, 32, 1024, 4, 0, 0, 64, 2]",up,1024
739,11294,"[16, 2, 64, 32, 4, 256, 128, 4, 4, 32, 1024, 4, 64, 2, 0, 2]",left,1024
740,11298,"[16, 2, 64, 32, 4, 256, 128, 4, 4, 32, 1024, 4, 64, 4, 2, 0]",left,1024
741,11314,"[16, 2, 64, 32, 8, 256, 128, 8, 64, 32, 1024, 2, 0, 4, 2, 0]",up,1024
742,11314,"[0, 2, 64, 2, 16, 256, 128, 32, 8, 32, 1024, 8, 64, 4, 2, 2]",down,1024
743,11318,"[2, 2, 64, 2, 16, 256, 128, 32, 8, 32, 1024, 8, 0, 64, 4, 4]",right,1024
744,11318,"[2, 2, 64, 2, 2, 256, 128, 32, 16, 32, 1024, 8, 8, 64, 4, 4]",down,1024
745,11330,"[4, 64, 2, 0, 2, 256, 128, 32, 16, 32, 1024, 8, 8, 64, 8, 2]",left,1024
746,11330,"[4, 64, 2, 32, 2, 256, 128, 8, 16, 32, 1024, 2, 8, 64, 8, 4]",up,1024
1,0,"[4, 0, 0, 0, 0, 0, 2, 0, 0, 0, 0, 0, 0, 0, 0, 0]",up,4
2,0,"[0, 0, 0, 0, 0, 0, 0, 0, 0, 0, 2, 0, 4, 0, 2, 0]",down,4
3,2,"[0, 0, 0, 0, 0, 0, 0, 0, 0, 0, 0, 0, 4, 2, 4, 0]",down,4
4,2,"[0, 0, 0, 0, 0, 0, 0, 0, 0, 2, 0, 0, 0, 4, 2, 4]",right,4
5,2,"[0, 2, 2, 4, 0, 4, 0, 0, 0, 0, 0, 0, 0, 0, 0, 2]",up,4
6,2,"[2, 0, 0, 0, 0, 0, 0, 0, 0, 2, 0, 4, 0, 4, 2, 2]",down,4
7,6,"[0, 0, 0, 2, 0, 2, 0, 0, 0, 0, 2, 4, 0, 0, 4, 4]",right,4
8,10,"[2, 0, 0, 0, 0, 0, 0, 0, 0, 0, 2, 2, 0, 2, 4, 8]",down,8
9,10,"[0, 0, 4, 0, 0, 0, 0, 0, 0, 0, 2, 2, 2, 2, 4, 8]",down,8
10,10,"[2, 0, 0, 0, 0, 0, 4, 0, 0, 0, 2, 2, 2, 2, 4, 8]",down,8
11,14,"[4, 2, 4, 2, 0, 0, 2, 8, 2, 0, 4, 0, 0, 0, 0, 0]",up,8
12,14,"[4, 2, 4, 2, 0, 0, 2, 8, 0, 0, 2, 4, 0, 2, 0, 0]",right,8
13,14,"[4, 2, 4, 2, 2, 8, 0, 0, 2, 4, 0, 0, 2, 0, 2, 0]",left,8
14,16,"[0, 0, 0, 2, 4, 2, 0, 0, 2, 8, 4, 0, 4, 4, 2, 2]",down,8
15,20,"[4, 2, 4, 4, 2, 8, 2, 0, 4, 4, 0, 2, 0, 0, 0, 0]",up,8
16,20,"[4, 2, 4, 4, 2, 8, 2, 2, 4, 4, 0, 0, 2, 0, 0, 0]",up,8
17,40,"[4, 2, 8, 0, 2, 8, 4, 0, 8, 2, 0, 0, 2, 0, 0, 0]",left,8
18,40,"[0, 4, 2, 8, 0, 2, 8, 4, 0, 0, 8, 2, 2, 0, 0, 2]",right,8
19,50,"[0, 0, 2, 0, 0, 0, 0, 8, 0, 4, 2, 4, 2, 2, 16, 4]",down,16
20,54,"[2, 0, 0, 0, 8, 0, 2, 0, 4, 2, 4, 0, 4, 16, 4, 0]",left,16
21,54,"[0, 0, 0, 2, 0, 0, 8, 2, 0, 4, 2, 4, 2, 4, 16, 4]",right,16
22,64,"[0, 2, 0, 0, 0, 0, 8, 0, 0, 0, 2, 4, 2, 8, 16, 8]",down,16
23,64,"[2, 2, 8, 4, 0, 8, 2, 8, 2, 0, 16, 0, 0, 0, 0, 0]",up,16
24,68,"[4, 2, 8, 4, 0, 8, 2, 8, 0, 0, 16, 2, 0, 0, 0, 0]",up,16
25,68,"[0, 2, 0, 0, 0, 0, 8, 4, 0, 2, 2, 8, 4, 8, 16, 2]",down,16
26,72,"[0, 0, 0, 2, 0, 0, 8, 4, 2, 0, 4, 8, 4, 8, 16, 2]",right,16
27,72,"[2, 8, 8, 2, 4, 0, 4, 4, 0, 0, 16, 8, 0, 2, 0, 2]",up,16
28,72,"[2, 8, 8, 2, 4, 2, 4, 4, 0, 0, 16, 8, 4, 0, 0, 2]",up,16
29,76,"[0, 0, 0, 2, 0, 2, 8, 4, 2, 8, 4, 8, 8, 2, 16, 2]",down,16
30,76,"[2, 2, 8, 2, 8, 8, 4, 4, 0, 2, 16, 8, 0, 0, 2, 2]",up,16
31,76,"[0, 0, 8, 2, 2, 2, 4, 4, 2, 8, 16, 8, 8, 2, 2, 2]",down,16
32,78,"[0, 0, 8, 2, 2, 2, 4, 4, 4, 8, 16, 8, 8, 2, 2, 2]",down,16
33,94,"[8, 2, 2, 0, 4, 8, 0, 0, 4, 8, 16, 8, 8, 4, 2, 0]",left,16
34,98,"[0, 2, 8, 4, 0, 0, 4, 8, 4, 8, 16, 8, 0, 8, 4, 2]",right,16
35,98,"[2, 8, 4, 0, 4, 8, 0, 0, 4, 8, 16, 8, 8, 4, 2, 2]",left,16
36,102,"[2, 8, 4, 0, 4, 8, 2, 0, 4, 8, 16, 8, 8, 4, 4, 0]",left,16
37,110,"[0, 2, 8, 4, 0, 4, 8, 2, 4, 8, 16, 8, 2, 0, 8, 8]",right,16
38,126,"[2, 8, 4, 0, 4, 8, 2, 2, 4, 8, 16, 8, 2, 16, 0, 0]",left,16
39,130,"[0, 2, 8, 4, 0, 4, 8, 4, 4, 8, 16, 8, 2, 0, 2, 16]",right,16
40,134,"[0, 2, 8, 4, 0, 4, 8, 4, 4, 8, 16, 8, 2, 0, 4, 16]",right,16
41,134,"[0, 2, 8, 4, 0, 4, 8, 4, 4, 8, 16, 8, 4, 2, 4, 16]",right,16
42,150,"[0, 2, 0, 0, 0, 4, 16, 8, 2, 8, 16, 8, 8, 2, 4, 16]",down,16
43,174,"[0, 2, 2, 0, 0, 4, 0, 0, 2, 8, 32, 16, 8, 2, 4, 16]",down,32
44,206,"[2, 2, 2, 32, 8, 4, 32, 0, 2, 8, 4, 0, 0, 2, 0, 0]",up,32
45,210,"[0, 2, 4, 32, 2, 8, 4, 32, 0, 2, 8, 4, 0, 0, 0, 2]",right,32
46,246,"[0, 0, 0, 0, 0, 2, 0, 64, 2, 8, 8, 4, 2, 2, 8, 2]",down,64
47,266,"[2, 0, 0, 0, 2, 64, 0, 0, 2, 16, 4, 0, 4, 8, 2, 0]",left,64
48,268,"[0, 0, 0, 2, 2, 64, 0, 0, 4, 16, 4, 0, 4, 8, 2, 0]",down,64
49,272,"[0, 0, 0, 0, 0, 64, 0, 4, 2, 16, 4, 0, 8, 8, 2, 2]",down,64
50,292,"[0, 0, 0, 0, 2, 0, 64, 4, 0, 2, 16, 4, 0, 0, 16, 4]",right,64
51,292,"[0, 0, 2, 0, 0, 2, 64, 4, 0, 2, 16, 4, 0, 0, 16, 4]",right,64
52,292,"[0, 0, 0, 2, 2, 2, 64, 4, 0, 2, 16, 4, 0, 0, 16, 4]",right,64
53,296,"[0, 0, 0, 2, 2, 4, 64, 4, 0, 2, 16, 4, 0, 0, 16, 4]",right,64
54,296,"[2, 0, 2, 0, 2, 4, 64, 4, 2, 16, 4, 0, 16, 4, 0, 0]",left,64
55,300,"[4, 4, 2, 4, 2, 16, 64, 0, 16, 4, 4, 0, 0, 2, 0, 0]",up,64
56,300,"[0, 4, 2, 0, 4, 16, 2, 0, 2, 4, 64, 0, 16, 2, 4, 4]",down,64
57,308,"[4, 2, 0, 0, 4, 16, 2, 0, 2, 4, 64, 2, 16, 2, 8, 0]",left,64
58,316,"[8, 2, 2, 2, 2, 16, 64, 0, 16, 4, 8, 0, 0, 2, 4, 0]",up,64
59,320,"[0, 8, 2, 4, 0, 2, 16, 64, 0, 16, 4, 8, 2, 0, 2, 4]",right,64
60,324,"[8, 2, 4, 0, 2, 16, 64, 0, 16, 4, 8, 2, 4, 4, 0, 0]",left,64
61,332,"[8, 2, 4, 2, 2, 16, 64, 2, 16, 8, 8, 0, 4, 0, 0, 0]",up,64
62,336,"[8, 2, 4, 4, 2, 16, 64, 0, 16, 8, 8, 0, 4, 0, 2, 0]",up,64
63,336,"[8, 0, 4, 2, 2, 2, 64, 0, 16, 16, 8, 0, 4, 8, 2, 4]",down,64
64,336,"[8, 2, 4, 2, 2, 16, 64, 4, 16, 8, 8, 2, 4, 0, 2, 0]",up,64
65,336,"[8, 2, 4, 0, 2, 2, 64, 2, 16, 16, 8, 4, 4, 8, 2, 2]",down,64
66,340,"[8, 4, 4, 2, 2, 16, 64, 4, 16, 8, 8, 2, 4, 0, 2, 4]",up,64
67,364,"[0, 8, 8, 2, 2, 16, 64, 4, 2, 16, 16, 2, 0, 4, 2, 4]",right,64
68,412,"[0, 0, 16, 2, 2, 16, 64, 4, 0, 2, 32, 2, 4, 4, 2, 4]",right,64
69,412,"[0, 0, 16, 2, 2, 16, 64, 4, 2, 2, 32, 2, 4, 4, 2, 4]",down,64
70,424,"[16, 2, 0, 0, 2, 16, 64, 4, 4, 32, 2, 0, 8, 2, 4, 2]",left,64
71,424,"[16, 2, 0, 2, 2, 16, 64, 0, 4, 32, 2, 4, 8, 2, 4, 2]",down,64
72,428,"[2, 0, 16, 4, 0, 2, 16, 64, 4, 32, 2, 4, 8, 2, 4, 2]",right,64
73,444,"[2, 0, 0, 4, 2, 2, 32, 64, 4, 32, 2, 4, 8, 2, 4, 2]",down,64
74,448,"[4, 2, 32, 4, 4, 32, 2, 64, 8, 2, 4, 4, 2, 0, 0, 2]",up,64
75,460,"[4, 2, 32, 4, 4, 32, 2, 64, 8, 2, 8, 0, 4, 0, 0, 2]",left,64
76,460,"[4, 2, 32, 4, 4, 32, 2, 64, 8, 2, 8, 2, 4, 2, 0, 0]",left,64
77,466,"[0, 2, 0, 0, 8, 2, 32, 4, 8, 32, 2, 64, 4, 4, 8, 2]",down,64
78,474,"[2, 0, 0, 0, 8, 2, 32, 4, 8, 32, 2, 64, 8, 8, 2, 4]",left,64
79,484,"[0, 0, 2, 0, 2, 2, 0, 4, 8, 32, 32, 64, 16, 8, 4, 4]",down,64
80,560,"[2, 0, 0, 0, 4, 4, 0, 0, 8, 64, 64, 2, 16, 8, 8, 0]",left,64
81,560,"[2, 4, 64, 2, 4, 64, 8, 0, 8, 8, 2, 0, 16, 0, 0, 0]",up,64
82,560,"[2, 0, 0, 0, 4, 4, 64, 4, 8, 64, 8, 0, 16, 8, 2, 2]",down,64
83,572,"[2, 0, 0, 0, 8, 64, 4, 2, 8, 64, 8, 0, 16, 8, 4, 0]",left,64
84,572,"[0, 0, 2, 2, 8, 64, 4, 2, 0, 8, 64, 8, 0, 16, 8, 4]",right,64
85,576,"[4, 2, 0, 0, 8, 64, 4, 2, 8, 64, 8, 0, 16, 8, 4, 0]",left,64
86,648,"[0, 0, 2, 0, 4, 2, 4, 0, 16, 128, 8, 0, 16, 8, 4, 2]",down,128
87,648,"[2, 0, 2, 0, 4, 2, 4, 0, 16, 128, 8, 0, 16, 8, 4, 2]",left,128
88,652,"[2, 0, 0, 4, 0, 4, 2, 4, 0, 16, 128, 8, 16, 8, 4, 2]",right,128
89,656,"[0, 0, 2, 0, 0, 4, 2, 8, 2, 16, 128, 8, 16, 8, 4, 2]",down,128
90,656,"[0, 2, 0, 2, 0, 4, 2, 8, 2, 16, 128, 8, 16, 8, 4, 2]",right,128
91,672,"[2, 2, 2, 2, 16, 4, 128, 16, 0, 16, 4, 2, 0, 8, 0, 4]",up,128
92,680,"[0, 2, 4, 4, 16, 4, 128, 16, 0, 16, 4, 2, 0, 0, 8, 4]",right,128
93,680,"[16, 2, 4, 4, 2, 4, 128, 16, 0, 16, 4, 2, 0, 0, 8, 4]",up,128
94,688,"[16, 2, 8, 0, 2, 4, 128, 16, 16, 4, 2, 0, 8, 4, 4, 0]",left,128
95,696,"[16, 2, 8, 16, 2, 8, 128, 2, 16, 4, 2, 0, 8, 0, 4, 0]",up,128
96,696,"[16, 2, 8, 16, 2, 8, 128, 2, 16, 4, 2, 0, 8, 4, 0, 2]",left,128
97,696,"[16, 2, 8, 16, 2, 8, 128, 2, 0, 16, 4, 2, 2, 8, 4, 2]",right,128
98,712,"[16, 2, 8, 16, 4, 8, 128, 4, 0, 16, 8, 2, 0, 8, 0, 4]",up,128
99,712,"[0, 2, 0, 16, 2, 8, 8, 4, 16, 16, 128, 2, 4, 8, 8, 4]",down,128
100,712,"[2, 2, 8, 16, 16, 8, 128, 4, 4, 16, 8, 2, 2, 8, 0, 4]",up,128
101,716,"[4, 8, 16, 0, 16, 8, 128, 4, 4, 16, 8, 2, 2, 8, 4, 2]",left,128
102,726,"[4, 2, 16, 0, 16, 16, 128, 0, 4, 16, 8, 4, 2, 8, 4, 4]",down,128
103,746,"[4, 0, 16, 0, 16, 2, 128, 0, 4, 32, 8, 2, 2, 8, 4, 8]",down,128
104,746,"[4, 16, 2, 0, 16, 2, 128, 0, 4, 32, 8, 2, 2, 8, 4, 8]",left,128
105,746,"[0, 4, 16, 2, 2, 16, 2, 128, 4, 32, 8, 2, 2, 8, 4, 8]",right,128
106,746,"[2, 4, 16, 2, 4, 16, 2, 128, 2, 32, 8, 2, 2, 8, 4, 8]",up,128
107,748,"[2, 4, 16, 2, 2, 16, 2, 128, 4, 32, 8, 2, 4, 8, 4, 8]",down,128
108,760,"[4, 4, 16, 2, 8, 16, 2, 128, 4, 32, 8, 2, 0, 8, 4, 8]",up,128
109,768,"[8, 16, 2, 0, 8, 16, 2, 128, 4, 32, 8, 2, 8, 4, 8, 2]",left,128
110,804,"[0, 0, 2, 0, 16, 32, 0, 0, 4, 32, 4, 128, 8, 4, 16, 4]",down,128
111,804,"[2, 0, 0, 0, 16, 32, 0, 2, 4, 32, 4, 128, 8, 4, 16, 4]",left,128
112,804,"[0, 2, 0, 2, 0, 16, 32, 2, 4, 32, 4, 128, 8, 4, 16, 4]",right,128
113,808,"[4, 2, 32, 4, 8, 16, 4, 128, 0, 32, 16, 4, 0, 4, 0, 2]",up,128
114,808,"[4, 2, 32, 4, 8, 16, 4, 128, 0, 32, 16, 4, 2, 0, 4, 2]",right,128
115,808,"[0, 2, 32, 4, 4, 2, 4, 128, 8, 16, 16, 4, 2, 32, 4, 2]",down,128
116,810,"[0, 2, 32, 4, 4, 4, 4, 128, 8, 16, 16, 4, 2, 32, 4, 2]",down,128
117,850,"[0, 2, 32, 4, 2, 4, 8, 128, 0, 8, 32, 4, 2, 32, 4, 2]",right,128
118,854,"[4, 2, 32, 4, 2, 4, 8, 128, 0, 8, 32, 4, 0, 32, 4, 2]",up,128
119,854,"[2, 2, 32, 4, 0, 4, 8, 128, 4, 8, 32, 4, 2, 32, 4, 2]",down,128
120,854,"[2, 2, 32, 4, 2, 4, 8, 128, 4, 8, 32, 4, 2, 32, 4, 2]",down,128
121,858,"[4, 2, 32, 4, 4, 4, 8, 128, 2, 8, 32, 4, 4, 32, 4, 2]",up,128
122,866,"[4, 2, 32, 4, 2, 8, 8, 128, 2, 8, 32, 4, 4, 32, 4, 2]",right,128
123,882,"[4, 2, 32, 4, 2, 16, 128, 2, 2, 8, 32, 4, 4, 32, 4, 2]",left,128
124,884,"[2, 2, 32, 4, 4, 16, 128, 2, 4, 8, 32, 4, 4, 32, 4, 2]",down,128
125,888,"[2, 2, 32, 4, 2, 16, 128, 2, 4, 8, 32, 4, 8, 32, 4, 2]",down,128
126,892,"[2, 4, 32, 4, 2, 16, 128, 2, 4, 8, 32, 4, 8, 32, 4, 2]",right,128
127,896,"[4, 4, 32, 4, 4, 16, 128, 2, 8, 8, 32, 4, 2, 32, 4, 2]",up,128
128,920,"[2, 8, 32, 4, 4, 16, 128, 2, 0, 16, 32, 4, 2, 32, 4, 2]",right,128
129,936,"[2, 0, 32, 4, 2, 8, 128, 2, 4, 32, 32, 4, 2, 32, 4, 2]",down,128
130,970,"[0, 0, 32, 4, 4, 2, 128, 2, 4, 8, 32, 4, 2, 64, 4, 2]",down,128
131,974,"[0, 0, 32, 4, 2, 2, 128, 2, 8, 8, 32, 4, 2, 64, 4, 2]",down,128
132,994,"[32, 4, 0, 0, 4, 128, 2, 2, 16, 32, 4, 0, 2, 64, 4, 2]",left,128
133,998,"[32, 4, 0, 2, 4, 128, 4, 0, 16, 32, 4, 0, 2, 64, 4, 2]",left,128
134,1010,"[32, 4, 8, 4, 4, 128, 4, 0, 16, 32, 0, 2, 2, 64, 0, 0]",up,128
135,1010,"[32, 4, 2, 0, 4, 128, 0, 0, 16, 32, 8, 4, 2, 64, 4, 2]",down,128
136,1010,"[0, 32, 4, 2, 2, 0, 4, 128, 16, 32, 8, 4, 2, 64, 4, 2]",right,128
137,1082,"[2, 64, 8, 2, 16, 64, 8, 128, 2, 0, 4, 4, 2, 0, 0, 2]",up,128
138,1230,"[2, 128, 16, 2, 16, 0, 4, 128, 4, 0, 0, 4, 0, 4, 0, 2]",up,128
139,1238,"[2, 128, 16, 2, 16, 4, 128, 0, 8, 2, 0, 0, 4, 2, 0, 0]",left,128
140,1242,"[2, 128, 16, 2, 16, 4, 128, 0, 8, 4, 0, 0, 4, 0, 2, 0]",up,128
141,1246,"[2, 0, 4, 0, 16, 0, 16, 0, 8, 128, 128, 0, 4, 8, 2, 2]",down,128
142,1538,"[2, 4, 0, 0, 32, 0, 0, 2, 8, 256, 0, 0, 4, 8, 4, 0]",left,256
143,1538,"[2, 4, 4, 0, 32, 2, 0, 0, 8, 256, 0, 0, 4, 8, 4, 0]",left,256
144,1542,"[2, 4, 2, 0, 32, 2, 0, 0, 8, 256, 0, 0, 4, 8, 8, 0]",down,256
145,1558,"[2, 4, 2, 0, 32, 2, 0, 0, 8, 256, 2, 0, 4, 16, 0, 0]",left,256
146,1558,"[2, 2, 4, 2, 0, 0, 32, 2, 0, 8, 256, 2, 0, 0, 4, 16]",right,256
147,1562,"[2, 2, 4, 4, 0, 8, 32, 2, 0, 2, 256, 16, 0, 0, 4, 0]",up,256
148,1574,"[4, 8, 0, 2, 8, 32, 2, 0, 2, 256, 16, 0, 4, 0, 0, 0]",left,256
149,1574,"[4, 8, 2, 2, 8, 32, 16, 2, 2, 256, 0, 0, 4, 0, 0, 0]",up,256
150,1578,"[4, 8, 2, 4, 8, 32, 16, 0, 2, 256, 0, 0, 4, 2, 0, 0]",up,256
151,1578,"[4, 8, 2, 4, 2, 8, 32, 16, 0, 0, 2, 256, 0, 0, 4, 2]",right,256
152,1586,"[0, 0, 2, 4, 2, 0, 32, 16, 4, 0, 2, 256, 2, 16, 4, 2]",down,256
153,1586,"[2, 16, 2, 4, 4, 0, 32, 16, 2, 0, 2, 256, 0, 4, 4, 2]",up,256
154,1586,"[2, 0, 2, 4, 2, 0, 32, 16, 4, 16, 2, 256, 2, 4, 4, 2]",down,256
155,1598,"[4, 4, 0, 0, 2, 32, 16, 0, 4, 16, 2, 256, 2, 8, 2, 2]",left,256
156,1600,"[4, 4, 2, 0, 2, 32, 0, 0, 4, 16, 16, 256, 2, 8, 4, 2]",down,256
157,1640,"[0, 2, 8, 2, 0, 0, 2, 32, 0, 4, 32, 256, 2, 8, 4, 2]",right,256
158,1640,"[2, 2, 8, 2, 0, 4, 2, 32, 0, 8, 32, 256, 0, 2, 4, 2]",up,256
159,1640,"[4, 2, 8, 2, 0, 4, 2, 32, 0, 8, 32, 256, 2, 2, 4, 2]",down,256
160,1644,"[4, 2, 8, 2, 0, 4, 2, 32, 0, 8, 32, 256, 2, 4, 4, 2]",right,256
161,1652,"[4, 2, 8, 2, 4, 2, 32, 0, 8, 32, 256, 0, 2, 8, 2, 2]",left,256
162,1656,"[4, 2, 8, 2, 0, 4, 2, 32, 0, 8, 32, 256, 2, 2, 8, 4]",right,256
163,1660,"[4, 2, 8, 2, 0, 4, 2, 32, 2, 8, 32, 256, 0, 4, 8, 4]",right,256
164,1660,"[2, 2, 8, 2, 0, 4, 2, 32, 4, 8, 32, 256, 2, 4, 8, 4]",down,256
165,1660,"[2, 2, 8, 2, 2, 4, 2, 32, 4, 8, 32, 256, 2, 4, 8, 4]",down,256
166,1664,"[4, 8, 2, 2, 2, 4, 2, 32, 4, 8, 32, 256, 2, 4, 8, 4]",left,256
167,1666,"[4, 8, 2, 2, 2, 4, 4, 32, 4, 8, 32, 256, 2, 4, 8, 4]",down,256
168,1678,"[0, 4, 8, 4, 2, 2, 8, 32, 4, 8, 32, 256, 2, 4, 8, 4]",right,256
169,1682,"[4, 4, 8, 4, 0, 4, 8, 32, 4, 8, 32, 256, 2, 4, 8, 4]",right,256
170,1714,"[8, 8, 16, 4, 2, 8, 32, 32, 2, 4, 8, 256, 0, 0, 0, 4]",up,256
171,1734,"[8, 16, 16, 4, 4, 4, 32, 32, 0, 2, 8, 256, 0, 0, 0, 4]",up,256
172,1838,"[8, 32, 4, 0, 8, 64, 0, 0, 2, 8, 256, 0, 4, 0, 0, 2]",left,256
173,1854,"[16, 32, 4, 2, 2, 64, 256, 0, 4, 8, 2, 0, 0, 0, 0, 0]",up,256
174,1854,"[16, 32, 4, 2, 0, 2, 64, 256, 0, 4, 8, 2, 2, 0, 0, 0]",right,256
175,1854,"[16, 32, 4, 2, 2, 2, 64, 256, 2, 4, 8, 2, 0, 0, 0, 0]",up,256
176,1856,"[0, 0, 0, 0, 2, 32, 4, 2, 16, 2, 64, 256, 4, 4, 8, 2]",down,256
177,1864,"[2, 0, 0, 0, 2, 32, 4, 2, 16, 2, 64, 256, 8, 8, 2, 0]",left,256
178,1880,"[2, 0, 0, 0, 2, 32, 4, 2, 16, 2, 64, 256, 16, 2, 2, 0]",left,256
179,1900,"[0, 0, 2, 0, 0, 0, 4, 0, 4, 32, 64, 2, 32, 4, 2, 256]",down,256
180,1900,"[4, 32, 2, 2, 32, 4, 4, 256, 0, 2, 64, 0, 0, 0, 2, 0]",up,256
181,1912,"[0, 4, 32, 4, 0, 32, 8, 256, 0, 0, 2, 64, 0, 2, 0, 2]",right,256
182,1912,"[0, 4, 32, 4, 0, 32, 8, 256, 2, 2, 2, 64, 0, 0, 0, 2]",up,256
183,1912,"[2, 4, 32, 4, 0, 32, 8, 256, 2, 2, 2, 64, 0, 0, 0, 2]",up,256
184,1916,"[4, 4, 32, 4, 0, 32, 8, 256, 0, 2, 2, 64, 2, 0, 0, 2]",up,256
185,1916,"[4, 4, 32, 4, 2, 32, 8, 256, 0, 2, 2, 64, 0, 2, 0, 2]",up,256
186,1932,"[0, 8, 32, 4, 2, 32, 8, 256, 4, 0, 4, 64, 0, 0, 0, 4]",right,256
187,1940,"[8, 32, 4, 0, 2, 32, 8, 256, 8, 64, 0, 0, 4, 0, 2, 0]",left,256
188,1972,"[8, 4, 0, 0, 2, 0, 4, 0, 8, 64, 8, 0, 4, 64, 2, 256]",down,256
189,1972,"[8, 4, 0, 0, 2, 4, 2, 0, 8, 64, 8, 0, 4, 64, 2, 256]",left,256
190,1972,"[0, 2, 8, 4, 0, 2, 4, 2, 0, 8, 64, 8, 4, 64, 2, 256]",right,256
191,1974,"[0, 0, 8, 4, 0, 4, 4, 2, 2, 8, 64, 8, 4, 64, 2, 256]",down,256
192,1982,"[2, 0, 8, 4, 0, 0, 8, 2, 2, 8, 64, 8, 4, 64, 2, 256]",right,256
193,1992,"[0, 0, 2, 4, 0, 0, 16, 2, 4, 8, 64, 8, 4, 64, 2, 256]",down,256
194,2000,"[8, 8, 2, 4, 2, 64, 16, 2, 0, 0, 64, 8, 0, 0, 2, 256]",up,256
195,2000,"[0, 0, 2, 4, 0, 2, 16, 2, 8, 8, 64, 8, 2, 64, 2, 256]",down,256
196,2016,"[2, 4, 2, 0, 2, 16, 2, 0, 16, 64, 8, 0, 2, 64, 2, 256]",left,256
197,2016,"[0, 2, 4, 2, 2, 2, 16, 2, 0, 16, 64, 8, 2, 64, 2, 256]",right,256
198,2028,"[4, 4, 4, 4, 0, 16, 16, 8, 0, 64, 64, 256, 2, 0, 2, 0]",up,256
199,2028,"[4, 4, 4, 4, 2, 16, 16, 8, 0, 64, 64, 256, 2, 0, 2, 0]",up,256
200,2208,"[8, 8, 0, 0, 2, 32, 8, 2, 128, 256, 0, 0, 4, 0, 0, 0]",left,256
201,2208,"[8, 0, 0, 0, 2, 8, 2, 0, 128, 32, 0, 0, 4, 256, 8, 2]",down,256
202,2208,"[0, 4, 0, 8, 0, 2, 8, 2, 0, 0, 128, 32, 4, 256, 8, 2]",right,256
203,2208,"[4, 8, 0, 0, 2, 8, 2, 0, 128, 32, 0, 2, 4, 256, 8, 2]",left,256
204,2208,"[2, 0, 4, 8, 0, 2, 8, 2, 0, 128, 32, 2, 4, 256, 8, 2]",right,256
205,2212,"[2, 2, 4, 8, 4, 128, 8, 4, 2, 256, 32, 2, 0, 0, 8, 0]",up,256
206,2212,"[0, 0, 4, 2, 2, 2, 8, 8, 4, 128, 32, 4, 2, 256, 8, 2]",down,256
207,2232,"[4, 2, 0, 0, 4, 16, 2, 0, 4, 128, 32, 4, 2, 256, 8, 2]",left,256
208,2240,"[8, 2, 2, 4, 4, 16, 32, 2, 2, 128, 8, 0, 2, 256, 0, 0]",up,256
209,2242,"[0, 2, 2, 0, 8, 16, 2, 0, 4, 128, 32, 4, 4, 256, 8, 2]",down,256
210,2248,"[0, 2, 0, 0, 2, 16, 4, 0, 8, 128, 32, 4, 8, 256, 8, 2]",down,256
211,2264,"[2, 2, 4, 4, 16, 16, 32, 2, 0, 128, 8, 2, 0, 256, 0, 0]",up,256
212,2266,"[0, 2, 0, 0, 0, 16, 4, 2, 2, 128, 32, 4, 16, 256, 8, 4]",down,256
213,2274,"[2, 2, 4, 2, 16, 16, 32, 8, 0, 128, 8, 0, 0, 256, 0, 2]",up,256
214,2310,"[4, 4, 2, 0, 32, 32, 8, 0, 128, 8, 2, 0, 256, 2, 0, 0]",left,256
215,2310,"[4, 4, 0, 0, 32, 32, 2, 0, 128, 8, 8, 0, 256, 2, 2, 2]",down,256
216,2310,"[4, 4, 2, 2, 32, 32, 8, 0, 128, 8, 2, 0, 256, 2, 2, 0]",up,256
217,2312,"[4, 4, 0, 0, 32, 32, 2, 2, 128, 8, 8, 0, 256, 2, 4, 2]",down,256
218,2316,"[4, 4, 2, 4, 32, 32, 8, 0, 128, 8, 4, 4, 256, 2, 0, 0]",up,256
219,2320,"[4, 4, 0, 0, 32, 32, 2, 2, 128, 8, 8, 0, 256, 2, 4, 8]",down,256
220,2320,"[4, 4, 2, 2, 32, 32, 8, 8, 128, 8, 4, 2, 256, 2, 0, 0]",up,256
221,2320,"[4, 4, 2, 0, 32, 32, 2, 2, 128, 8, 8, 8, 256, 2, 4, 2]",down,256
222,2324,"[4, 4, 4, 2, 32, 32, 8, 8, 128, 8, 4, 2, 256, 2, 0, 2]",up,256
223,2328,"[4, 4, 4, 2, 32, 32, 8, 8, 128, 8, 4, 4, 256, 2, 2, 0]",up,256
224,2328,"[4, 4, 4, 4, 32, 32, 8, 2, 128, 8, 4, 8, 256, 2, 2, 4]",down,256
225,2412,"[8, 8, 0, 0, 64, 8, 2, 2, 128, 8, 4, 8, 256, 4, 4, 0]",left,256
226,2436,"[8, 16, 2, 2, 64, 8, 8, 8, 128, 4, 0, 0, 256, 0, 2, 0]",up,256
227,2436,"[8, 2, 0, 0, 64, 16, 2, 0, 128, 8, 8, 2, 256, 4, 2, 8]",down,256
228,2436,"[8, 2, 2, 2, 64, 16, 8, 8, 128, 8, 2, 0, 256, 4, 0, 2]",up,256
229,2436,"[8, 2, 2, 0, 64, 16, 2, 2, 128, 8, 8, 8, 256, 4, 2, 2]",down,256
230,2464,"[0, 0, 8, 4, 2, 64, 16, 4, 0, 128, 8, 16, 0, 256, 4, 4]",right,256
231,2468,"[0, 2, 8, 0, 0, 64, 16, 8, 0, 128, 8, 16, 2, 256, 4, 4]",down,256
232,2476,"[0, 2, 2, 8, 0, 64, 16, 8, 0, 128, 8, 16, 0, 2, 256, 8]",right,256
233,2484,"[0, 2, 2, 0, 0, 64, 16, 16, 2, 128, 8, 16, 0, 2, 256, 8]",down,256
234,2520,"[0, 0, 2, 4, 0, 0, 64, 32, 2, 128, 8, 16, 0, 2, 256, 8]",right,256
235,2520,"[2, 4, 0, 0, 64, 32, 0, 2, 2, 128, 8, 16, 2, 256, 8, 0]",left,256
236,2530,"[0, 4, 0, 0, 2, 32, 0, 0, 64, 128, 2, 2, 4, 256, 16, 16]",down,256
237,2530,"[2, 4, 2, 2, 64, 32, 16, 16, 4, 128, 0, 2, 0, 256, 0, 0]",up,256
238,2566,"[2, 4, 4, 0, 64, 32, 32, 0, 4, 128, 2, 0, 256, 0, 0, 4]",left,256
239,2638,"[0, 0, 2, 8, 0, 0, 64, 64, 0, 4, 128, 2, 2, 0, 256, 4]",right,256
240,2638,"[2, 4, 2, 8, 2, 0, 64, 64, 0, 0, 128, 2, 0, 0, 256, 4]",up,256
241,2640,"[0, 2, 2, 8, 0, 0, 64, 64, 0, 0, 128, 2, 4, 4, 256, 4]",down,256
242,2640,"[4, 2, 2, 8, 0, 4, 64, 64, 2, 0, 128, 2, 0, 0, 256, 4]",up,256
243,2640,"[4, 2, 2, 8, 2, 4, 64, 64, 0, 0, 128, 2, 2, 0, 256, 4]",up,256
244,2644,"[4, 2, 2, 8, 4, 4, 64, 64, 0, 0, 128, 2, 2, 0, 256, 4]",up,256
245,2784,"[4, 4, 8, 0, 8, 128, 0, 0, 128, 2, 2, 0, 2, 256, 4, 0]",left,256
246,2784,"[4, 4, 8, 0, 8, 128, 2, 0, 128, 2, 4, 0, 2, 256, 0, 2]",up,256
247,2784,"[4, 4, 8, 2, 8, 128, 2, 0, 128, 2, 4, 2, 2, 256, 0, 0]",up,256
248,2786,"[4, 4, 2, 0, 8, 128, 8, 0, 128, 2, 2, 0, 2, 256, 4, 4]",down,256
249,2786,"[4, 4, 2, 4, 8, 128, 8, 0, 128, 2, 2, 0, 2, 256, 4, 2]",up,256
250,2786,"[4, 4, 2, 2, 8, 128, 8, 0, 128, 2, 2, 4, 2, 256, 4, 2]",down,256
251,2786,"[4, 4, 2, 2, 8, 128, 8, 2, 128, 2, 2, 4, 2, 256, 4, 2]",down,256
252,2802,"[2, 0, 8, 4, 8, 128, 8, 2, 0, 128, 4, 4, 2, 256, 4, 2]",right,256
253,2810,"[2, 8, 4, 0, 8, 128, 8, 2, 128, 8, 0, 2, 2, 256, 4, 2]",left,256
254,2810,"[2, 8, 4, 2, 8, 128, 8, 2, 128, 8, 2, 0, 2, 256, 4, 2]",left,256
255,2810,"[2, 8, 4, 2, 8, 128, 8, 2, 2, 128, 8, 2, 2, 256, 4, 2]",right,256
256,2952,"[0, 0, 2, 0, 2, 8, 4, 0, 8, 256, 16, 4, 4, 256, 4, 4]",down,256
257,2960,"[2, 0, 0, 2, 2, 8, 4, 0, 8, 256, 16, 4, 4, 256, 8, 0]",left,256
258,2964,"[4, 0, 0, 2, 2, 8, 4, 0, 8, 256, 16, 4, 4, 256, 8, 0]",left,256
259,2964,"[4, 2, 0, 0, 2, 8, 4, 0, 8, 256, 16, 4, 4, 256, 8, 2]",left,256
260,2964,"[2, 0, 4, 2, 0, 2, 8, 4, 8, 256, 16, 4, 4, 256, 8, 2]",right,256
261,2964,"[2, 2, 4, 2, 0, 2, 8, 4, 8, 256, 16, 4, 4, 256, 8, 2]",right,256
262,2968,"[0, 4, 4, 2, 2, 2, 8, 4, 8, 256, 16, 4, 4, 256, 8, 2]",right,256
263,2980,"[0, 0, 8, 2, 2, 4, 8, 4, 8, 256, 16, 4, 4, 256, 8, 2]",right,256
264,3248,"[0, 0, 0, 0, 2, 4, 16, 2, 8, 4, 16, 8, 4, 512, 8, 2]",down,512
265,3268,"[0, 0, 0, 0, 2, 0, 2, 2, 8, 8, 32, 8, 4, 512, 8, 2]",down,512
266,3288,"[0, 0, 0, 2, 4, 2, 0, 0, 16, 32, 8, 0, 4, 512, 8, 2]",left,512
267,3288,"[2, 0, 0, 0, 4, 2, 0, 2, 16, 32, 8, 0, 4, 512, 8, 2]",left,512
268,3292,"[0, 0, 0, 2, 0, 2, 4, 4, 0, 16, 32, 8, 4, 512, 8, 2]",right,512
269,3300,"[2, 2, 0, 0, 2, 8, 0, 0, 16, 32, 8, 0, 4, 512, 8, 2]",left,512
270,3320,"[4, 2, 16, 2, 16, 8, 0, 0, 4, 32, 0, 2, 0, 512, 0, 0]",up,512
271,3320,"[4, 2, 16, 2, 16, 8, 0, 0, 4, 32, 2, 0, 512, 0, 2, 0]",left,512
272,3320,"[4, 2, 16, 2, 2, 0, 16, 8, 0, 4, 32, 2, 0, 0, 512, 2]",right,512
273,3320,"[4, 2, 16, 2, 2, 16, 8, 0, 4, 32, 2, 0, 512, 2, 0, 2]",left,512
274,3324,"[4, 2, 16, 2, 2, 16, 8, 0, 4, 32, 2, 2, 512, 4, 0, 0]",left,512
275,3328,"[4, 2, 16, 2, 2, 16, 8, 0, 4, 32, 4, 0, 512, 4, 0, 2]",left,512
276,3332,"[4, 2, 16, 4, 2, 16, 8, 0, 4, 32, 4, 0, 512, 4, 0, 2]",up,512
277,3332,"[4, 2, 16, 4, 2, 16, 8, 0, 4, 32, 4, 0, 512, 4, 2, 4]",left,512
278,3340,"[4, 2, 16, 8, 2, 16, 8, 2, 4, 32, 4, 0, 512, 4, 2, 0]",up,512
279,3340,"[4, 2, 16, 8, 2, 16, 8, 2, 0, 4, 32, 4, 2, 512, 4, 2]",right,512
280,3342,"[0, 2, 16, 8, 2, 16, 8, 2, 4, 4, 32, 4, 4, 512, 4, 2]",down,512
281,3346,"[2, 2, 16, 8, 0, 16, 8, 2, 2, 4, 32, 4, 8, 512, 4, 2]",down,512
282,3348,"[2, 2, 16, 8, 0, 16, 8, 2, 4, 4, 32, 4, 8, 512, 4, 2]",down,512
283,3348,"[2, 2, 16, 8, 2, 16, 8, 2, 4, 4, 32, 4, 8, 512, 4, 2]",down,512
284,3360,"[4, 16, 8, 2, 2, 16, 8, 2, 8, 32, 4, 0, 8, 512, 4, 2]",left,512
285,3398,"[0, 0, 0, 0, 4, 32, 0, 2, 2, 32, 16, 2, 16, 512, 8, 4]",down,512
286,3398,"[0, 0, 0, 0, 4, 32, 2, 2, 2, 32, 16, 2, 16, 512, 8, 4]",left,512
287,3402,"[0, 0, 0, 4, 0, 4, 32, 4, 2, 32, 16, 2, 16, 512, 8, 4]",right,512
288,3406,"[0, 2, 0, 0, 0, 4, 32, 8, 2, 32, 16, 2, 16, 512, 8, 4]",down,512
289,3406,"[2, 2, 32, 8, 16, 4, 16, 2, 0, 32, 8, 4, 0, 512, 0, 2]",up,512
290,3410,"[0, 4, 32, 8, 16, 4, 16, 2, 2, 32, 8, 4, 0, 0, 512, 2]",right,512
291,3418,"[16, 8, 32, 8, 2, 32, 16, 2, 0, 0, 8, 4, 0, 2, 512, 2]",up,512
292,3418,"[0, 0, 32, 8, 2, 8, 16, 2, 16, 32, 8, 4, 2, 2, 512, 2]",down,512
293,3422,"[32, 8, 2, 0, 2, 8, 16, 2, 16, 32, 8, 4, 4, 512, 2, 0]",left,512
294,3438,"[32, 16, 2, 2, 2, 32, 16, 4, 16, 512, 8, 2, 4, 0, 2, 0]",up,512
295,3442,"[0, 32, 16, 4, 2, 32, 16, 4, 16, 512, 8, 2, 2, 0, 4, 2]",right,512
296,3442,"[2, 32, 16, 4, 2, 32, 16, 4, 16, 512, 8, 2, 0, 2, 4, 2]",right,512
297,3442,"[2, 32, 16, 4, 2, 32, 16, 4, 16, 512, 8, 2, 2, 4, 2, 2]",left,512
298,3446,"[2, 32, 16, 4, 2, 32, 16, 4, 16, 512, 8, 2, 2, 2, 4, 4]",right,512
299,3458,"[2, 32, 16, 4, 2, 32, 16, 4, 16, 512, 8, 2, 0, 2, 4, 8]",right,512
300,3458,"[2, 32, 16, 4, 2, 32, 16, 4, 16, 512, 8, 2, 2, 4, 8, 2]",left,512
301,3586,"[4, 64, 32, 8, 16, 512, 16, 4, 2, 4, 0, 0, 0, 2, 0, 0]",up,512
302,3586,"[0, 64, 2, 0, 4, 512, 0, 0, 16, 4, 32, 8, 2, 2, 16, 4]",down,512
303,3590,"[0, 2, 64, 2, 0, 0, 4, 512, 16, 4, 32, 8, 0, 4, 16, 4]",right,512
304,3590,"[2, 64, 2, 0, 4, 512, 0, 2, 16, 4, 32, 8, 4, 16, 4, 0]",left,512
305,3590,"[2, 64, 2, 0, 4, 512, 2, 0, 16, 4, 32, 8, 4, 16, 4, 2]",left,512
306,3590,"[2, 2, 64, 2, 0, 4, 512, 2, 16, 4, 32, 8, 4, 16, 4, 2]",right,512
307,3594,"[0, 4, 64, 2, 2, 4, 512, 2, 16, 4, 32, 8, 4, 16, 4, 2]",right,512
308,3606,"[2, 8, 64, 4, 16, 4, 512, 8, 4, 16, 32, 2, 2, 0, 4, 0]",up,512
309,3606,"[2, 8, 64, 4, 16, 4, 512, 8, 4, 16, 32, 2, 4, 0, 2, 4]",right,512
310,3614,"[2, 8, 64, 4, 16, 4, 512, 8, 8, 16, 32, 2, 0, 2, 2, 4]",up,512
311,3614,"[2, 8, 64, 4, 2, 4, 512, 8, 16, 16, 32, 2, 8, 2, 2, 4]",down,512
312,3650,"[2, 8, 64, 4, 2, 4, 512, 8, 0, 32, 32, 2, 2, 8, 4, 4]",right,512
313,3722,"[2, 8, 64, 4, 2, 4, 512, 8, 64, 2, 0, 2, 2, 8, 8, 0]",left,512
314,3742,"[2, 8, 64, 4, 2, 4, 512, 8, 64, 4, 0, 0, 2, 16, 0, 2]",left,512
315,3748,"[2, 0, 0, 0, 4, 8, 0, 4, 64, 8, 64, 8, 2, 16, 512, 2]",down,512
316,3756,"[2, 0, 0, 0, 4, 2, 0, 4, 64, 16, 64, 8, 2, 16, 512, 2]",down,512
317,3756,"[2, 0, 2, 0, 4, 2, 4, 0, 64, 16, 64, 8, 2, 16, 512, 2]",left,512
318,3772,"[2, 0, 2, 0, 4, 2, 4, 0, 64, 2, 64, 8, 2, 32, 512, 2]",down,512
319,3776,"[2, 4, 2, 8, 4, 32, 4, 2, 64, 0, 64, 0, 2, 0, 512, 4]",up,512
320,3776,"[2, 4, 2, 8, 4, 32, 4, 2, 64, 2, 64, 4, 2, 0, 512, 0]",up,512
321,3776,"[2, 2, 2, 0, 4, 4, 4, 8, 64, 32, 64, 2, 2, 2, 512, 4]",down,512
322,3776,"[2, 2, 2, 8, 4, 4, 4, 2, 64, 32, 64, 4, 2, 2, 512, 2]",up,512
323,3792,"[0, 2, 4, 8, 2, 4, 8, 2, 64, 32, 64, 4, 0, 4, 512, 2]",right,512
324,3792,"[2, 2, 4, 8, 0, 4, 8, 2, 2, 32, 64, 4, 64, 4, 512, 2]",down,512
325,3794,"[0, 2, 4, 8, 4, 4, 8, 2, 4, 32, 64, 4, 64, 4, 512, 2]",down,512
326,3802,"[2, 4, 8, 4, 8, 8, 2, 0, 4, 32, 64, 4, 64, 4, 512, 2]",left,512
327,3810,"[2, 4, 8, 8, 8, 8, 2, 2, 4, 32, 64, 2, 64, 4, 512, 0]",up,512
328,3846,"[0, 2, 4, 16, 0, 0, 16, 4, 4, 32, 64, 2, 2, 64, 4, 512]",right,512
329,3846,"[2, 0, 4, 16, 0, 2, 16, 4, 4, 32, 64, 2, 2, 64, 4, 512]",down,512
330,3846,"[0, 2, 4, 16, 2, 2, 16, 4, 4, 32, 64, 2, 2, 64, 4, 512]",down,512
331,3850,"[2, 4, 16, 0, 4, 16, 4, 4, 4, 32, 64, 2, 2, 64, 4, 512]",left,512
332,3854,"[0, 4, 16, 2, 2, 16, 4, 4, 8, 32, 64, 2, 2, 64, 4, 512]",down,512
333,3862,"[4, 16, 2, 2, 2, 16, 8, 0, 8, 32, 64, 2, 2, 64, 4, 512]",left,512
334,3866,"[0, 4, 16, 4, 2, 2, 16, 8, 8, 32, 64, 2, 2, 64, 4, 512]",right,512
335,3870,"[4, 16, 4, 2, 4, 16, 8, 0, 8, 32, 64, 2, 2, 64, 4, 512]",left,512
336,3892,"[0, 2, 4, 0, 8, 32, 8, 0, 8, 32, 64, 4, 2, 64, 4, 512]",down,512
337,3892,"[2, 4, 2, 0, 8, 32, 8, 0, 8, 32, 64, 4, 2, 64, 4, 512]",left,512
338,3932,"[0, 0, 2, 2, 2, 4, 8, 0, 16, 64, 64, 4, 2, 64, 4, 512]",down,512
339,4064,"[4, 0, 2, 0, 2, 4, 8, 0, 16, 128, 4, 0, 2, 64, 4, 512]",left,512
340,4072,"[4, 4, 2, 512, 2, 128, 8, 2, 16, 64, 8, 0, 2, 0, 0, 0]",up,512
341,4080,"[0, 8, 2, 512, 2, 128, 8, 2, 0, 16, 64, 8, 0, 2, 0, 2]",right,512
342,4080,"[2, 8, 2, 512, 2, 128, 8, 2, 0, 16, 64, 8, 0, 2, 0, 2]",up,512
343,4084,"[4, 8, 2, 512, 0, 128, 8, 2, 0, 16, 64, 8, 0, 2, 2, 2]",up,512
344,4088,"[4, 8, 2, 512, 0, 128, 8, 2, 0, 16, 64, 8, 0, 2, 2, 4]",right,512
345,4092,"[4, 8, 2, 512, 128, 8, 2, 0, 16, 64, 8, 2, 4, 4, 0, 0]",left,512
346,4100,"[4, 8, 2, 512, 128, 8, 2, 0, 16, 64, 8, 2, 8, 0, 2, 0]",left,512
347,4110,"[4, 0, 0, 0, 128, 0, 4, 2, 16, 16, 8, 512, 8, 64, 2, 2]",down,512
348,4146,"[4, 2, 0, 0, 128, 4, 2, 0, 32, 8, 512, 0, 8, 64, 4, 0]",left,512
349,4146,"[0, 0, 4, 2, 2, 128, 4, 2, 0, 32, 8, 512, 0, 8, 64, 4]",right,512
350,4146,"[4, 2, 2, 0, 2, 128, 4, 2, 32, 8, 512, 0, 8, 64, 4, 0]",left,512
351,4150,"[4, 4, 2, 0, 2, 128, 4, 2, 32, 8, 512, 0, 8, 64, 4, 0]",left,512
352,4150,"[4, 4, 2, 0, 2, 128, 4, 0, 32, 8, 512, 2, 8, 64, 4, 2]",down,512
353,4154,"[4, 4, 2, 4, 2, 128, 4, 0, 32, 8, 512, 0, 8, 64, 4, 2]",up,512
354,4162,"[4, 8, 2, 4, 0, 2, 128, 4, 0, 32, 8, 512, 8, 64, 4, 2]",right,512
355,4162,"[4, 8, 2, 4, 2, 128, 4, 2, 32, 8, 512, 0, 8, 64, 4, 2]",left,512
356,4164,"[4, 8, 2, 0, 2, 128, 4, 2, 32, 8, 512, 4, 8, 64, 4, 4]",down,512
357,4172,"[0, 4, 8, 2, 2, 128, 4, 2, 32, 8, 512, 4, 2, 8, 64, 8]",right,512
358,4172,"[4, 8, 2, 2, 2, 128, 4, 2, 32, 8, 512, 4, 2, 8, 64, 8]",left,512
359,4176,"[4, 8, 4, 2, 2, 128, 4, 2, 32, 8, 512, 4, 2, 8, 64, 8]",left,512
360,4190,"[4, 2, 0, 0, 2, 8, 8, 4, 32, 128, 512, 4, 2, 16, 64, 8]",down,512
361,4206,"[0, 0, 4, 2, 2, 2, 16, 4, 32, 128, 512, 4, 2, 16, 64, 8]",right,512
362,4210,"[2, 0, 4, 2, 0, 4, 16, 4, 32, 128, 512, 4, 2, 16, 64, 8]",right,512
363,4214,"[0, 2, 4, 0, 2, 4, 16, 2, 32, 128, 512, 8, 2, 16, 64, 8]",down,512
364,4214,"[2, 4, 0, 2, 2, 4, 16, 2, 32, 128, 512, 8, 2, 16, 64, 8]",left,512
365,4214,"[2, 2, 4, 2, 2, 4, 16, 2, 32, 128, 512, 8, 2, 16, 64, 8]",right,512
366,4226,"[2, 2, 4, 0, 4, 4, 16, 0, 32, 128, 512, 4, 2, 16, 64, 16]",down,512
367,4238,"[4, 4, 0, 2, 8, 16, 0, 0, 32, 128, 512, 4, 2, 16, 64, 16]",left,512
368,4246,"[8, 2, 0, 0, 8, 16, 0, 2, 32, 128, 512, 4, 2, 16, 64, 16]",left,512
369,4254,"[0, 2, 0, 2, 16, 16, 0, 2, 32, 128, 512, 4, 2, 16, 64, 16]",down,512
370,4290,"[4, 0, 0, 2, 32, 2, 0, 0, 32, 128, 512, 4, 2, 16, 64, 16]",left,512
371,4354,"[4, 2, 512, 2, 64, 128, 64, 4, 2, 16, 2, 16, 0, 0, 0, 0]",up,512
372,4354,"[0, 0, 0, 2, 4, 2, 512, 2, 64, 128, 64, 4, 2, 16, 2, 16]",down,512
373,4356,"[4, 0, 0, 0, 4, 2, 512, 4, 64, 128, 64, 4, 2, 16, 2, 16]",down,512
374,4372,"[8, 2, 512, 8, 64, 128, 64, 16, 2, 16, 2, 0, 0, 0, 0, 2]",up,512
375,4372,"[8, 2, 512, 8, 64, 128, 64, 16, 0, 2, 16, 2, 0, 2, 0, 2]",right,512
376,4376,"[8, 2, 512, 8, 64, 128, 64, 16, 2, 16, 2, 0, 4, 0, 2, 0]",left,512
377,4378,"[8, 0, 2, 0, 64, 2, 512, 0, 2, 128, 64, 8, 4, 16, 4, 16]",down,512
378,4378,"[0, 0, 8, 2, 2, 64, 2, 512, 2, 128, 64, 8, 4, 16, 4, 16]",right,512
379,4378,"[8, 2, 4, 0, 2, 64, 2, 512, 2, 128, 64, 8, 4, 16, 4, 16]",left,512
380,4382,"[8, 2, 4, 512, 4, 64, 2, 8, 4, 128, 64, 16, 0, 16, 4, 2]",up,512
381,4390,"[8, 2, 4, 512, 8, 64, 2, 8, 0, 128, 64, 16, 2, 16, 4, 2]",up,512
382,4390,"[8, 2, 4, 512, 8, 64, 2, 8, 128, 64, 16, 2, 2, 16, 4, 2]",left,512
383,4538,"[16, 2, 4, 512, 128, 128, 2, 8, 2, 16, 16, 4, 2, 0, 4, 0]",up,512
384,4542,"[16, 2, 4, 512, 128, 128, 2, 8, 4, 16, 16, 4, 2, 0, 4, 0]",up,512
385,4542,"[16, 2, 4, 0, 128, 2, 2, 512, 4, 128, 16, 8, 2, 16, 4, 4]",down,512
386,4554,"[2, 16, 2, 4, 0, 128, 4, 512, 4, 128, 16, 8, 0, 2, 16, 8]",right,512
387,4706,"[2, 0, 0, 0, 0, 16, 2, 4, 2, 256, 4, 512, 4, 2, 32, 16]",down,512
388,4706,"[0, 2, 0, 2, 0, 16, 2, 4, 2, 256, 4, 512, 4, 2, 32, 16]",right,512
389,4706,"[2, 2, 2, 2, 4, 16, 4, 4, 0, 256, 32, 512, 2, 2, 0, 16]",up,512
390,4726,"[2, 0, 4, 4, 0, 4, 16, 8, 0, 256, 32, 512, 0, 0, 4, 16]",right,512
391,4734,"[2, 8, 0, 0, 4, 16, 8, 2, 256, 32, 512, 0, 4, 16, 0, 0]",left,512
392,4734,"[2, 8, 8, 2, 4, 16, 512, 2, 256, 32, 0, 0, 4, 16, 0, 0]",up,512
393,4750,"[2, 16, 2, 0, 4, 16, 512, 2, 256, 32, 0, 0, 4, 16, 2, 0]",left,512
394,4766,"[2, 2, 0, 0, 4, 32, 2, 0, 256, 32, 512, 0, 4, 16, 2, 2]",down,512
395,4774,"[4, 0, 0, 0, 4, 32, 2, 0, 256, 32, 512, 0, 4, 16, 4, 2]",left,512
396,4774,"[2, 0, 0, 4, 0, 4, 32, 2, 0, 256, 32, 512, 4, 16, 4, 2]",right,512
397,4774,"[2, 0, 2, 4, 0, 4, 32, 2, 0, 256, 32, 512, 4, 16, 4, 2]",right,512
398,4778,"[0, 0, 4, 4, 2, 4, 32, 2, 0, 256, 32, 512, 4, 16, 4, 2]",right,512
399,4786,"[8, 0, 2, 0, 2, 4, 32, 2, 256, 32, 512, 0, 4, 16, 4, 2]",left,512
400,4786,"[0, 2, 8, 2, 2, 4, 32, 2, 0, 256, 32, 512, 4, 16, 4, 2]",right,512
401,4786,"[2, 8, 2, 0, 2, 4, 32, 2, 256, 32, 512, 4, 4, 16, 4, 2]",left,512
402,4786,"[2, 2, 8, 2, 2, 4, 32, 2, 256, 32, 512, 4, 4, 16, 4, 2]",right,512
403,4790,"[2, 4, 8, 2, 2, 4, 32, 2, 256, 32, 512, 4, 4, 16, 4, 2]",right,512
404,4806,"[4, 8, 8, 4, 256, 32, 32, 4, 4, 16, 512, 2, 0, 0, 4, 2]",up,512
405,4818,"[4, 8, 8, 8, 256, 32, 32, 4, 4, 16, 512, 2, 0, 0, 4, 0]",up,512
406,4898,"[0, 4, 8, 16, 0, 256, 64, 4, 4, 16, 512, 2, 0, 0, 2, 4]",right,512
407,4898,"[4, 4, 8, 16, 0, 256, 64, 4, 0, 16, 512, 2, 0, 2, 2, 4]",up,512
408,4910,"[8, 8, 16, 0, 256, 64, 4, 0, 16, 512, 2, 2, 4, 4, 0, 0]",left,512
409,4910,"[8, 8, 16, 2, 256, 64, 4, 0, 16, 512, 2, 0, 4, 4, 0, 4]",up,512
410,4910,"[8, 8, 0, 2, 256, 64, 16, 0, 16, 512, 4, 2, 4, 4, 2, 4]",down,512
411,4912,"[8, 8, 0, 4, 256, 64, 16, 0, 16, 512, 4, 4, 4, 4, 2, 4]",down,512
412,4916,"[8, 8, 0, 2, 256, 64, 16, 0, 16, 512, 4, 4, 4, 4, 2, 8]",down,512
413,4916,"[8, 8, 16, 2, 256, 64, 4, 4, 16, 512, 2, 8, 4, 4, 0, 2]",up,512
414,4948,"[16, 16, 2, 2, 256, 64, 8, 0, 16, 512, 2, 8, 8, 2, 0, 0]",left,512
415,4948,"[16, 16, 2, 2, 256, 64, 8, 8, 16, 512, 2, 2, 8, 2, 0, 0]",up,512
416,4948,"[16, 16, 0, 2, 256, 64, 2, 2, 16, 512, 8, 8, 8, 2, 2, 2]",down,512
417,4952,"[16, 16, 2, 4, 256, 64, 8, 8, 16, 512, 2, 2, 8, 2, 2, 0]",up,512
418,4956,"[16, 16, 2, 4, 256, 64, 8, 8, 16, 512, 4, 2, 8, 2, 0, 2]",up,512
419,4958,"[16, 16, 2, 0, 256, 64, 2, 4, 16, 512, 8, 8, 8, 2, 4, 4]",down,512
420,4962,"[16, 16, 4, 4, 256, 64, 8, 8, 16, 512, 4, 4, 8, 2, 0, 2]",up,512
421,5030,"[32, 8, 0, 0, 256, 64, 16, 0, 16, 512, 8, 2, 8, 4, 0, 0]",left,512
422,5030,"[0, 0, 32, 8, 0, 256, 64, 16, 16, 512, 8, 2, 2, 0, 8, 4]",right,512
423,5030,"[32, 8, 2, 0, 256, 64, 16, 0, 16, 512, 8, 2, 2, 8, 4, 0]",left,512
424,5030,"[32, 8, 2, 2, 256, 64, 16, 0, 16, 512, 8, 0, 2, 8, 4, 2]",up,512
425,5034,"[32, 8, 4, 0, 256, 64, 16, 0, 16, 512, 8, 4, 2, 8, 4, 2]",left,512
426,5034,"[32, 8, 4, 4, 256, 64, 16, 2, 16, 512, 8, 0, 2, 8, 4, 2]",up,512
427,5042,"[32, 8, 8, 2, 256, 64, 16, 2, 16, 512, 8, 0, 2, 8, 4, 2]",left,512
428,5046,"[32, 8, 8, 4, 256, 64, 16, 2, 16, 512, 8, 2, 2, 8, 4, 0]",up,512
429,5062,"[0, 32, 16, 4, 256, 64, 16, 2, 16, 512, 8, 2, 2, 2, 8, 4]",right,512
430,5114,"[256, 32, 32, 4, 16, 64, 16, 4, 2, 512, 0, 4, 0, 2, 0, 2]",up,512
431,5182,"[0, 256, 64, 4, 16, 64, 16, 4, 2, 2, 512, 4, 0, 0, 0, 4]",right,512
432,5198,"[16, 256, 64, 8, 2, 64, 16, 8, 0, 2, 512, 0, 0, 0, 2, 0]",up,512
433,5206,"[0, 2, 64, 0, 0, 256, 16, 0, 16, 64, 512, 0, 2, 2, 2, 16]",down,512
434,5206,"[16, 2, 64, 16, 2, 256, 16, 0, 0, 64, 512, 2, 0, 2, 2, 0]",up,512
435,5210,"[16, 2, 64, 16, 2, 256, 16, 0, 64, 512, 2, 2, 4, 0, 0, 0]",left,512
436,5210,"[16, 0, 0, 0, 2, 2, 64, 2, 64, 256, 16, 16, 4, 512, 2, 2]",down,512
437,5250,"[2, 0, 0, 16, 0, 4, 64, 2, 0, 64, 256, 32, 0, 4, 512, 4]",right,512
438,5250,"[2, 4, 64, 16, 2, 64, 256, 2, 0, 4, 512, 32, 0, 0, 0, 4]",up,512
439,5250,"[2, 4, 64, 16, 2, 64, 256, 2, 4, 512, 32, 0, 4, 0, 0, 2]",left,512
440,5250,"[2, 4, 64, 16, 2, 64, 256, 2, 4, 512, 32, 2, 4, 2, 0, 0]",left,512
441,5266,"[4, 4, 64, 16, 8, 64, 256, 4, 0, 512, 32, 2, 0, 2, 0, 0]",up,512
442,5274,"[2, 8, 64, 16, 8, 64, 256, 4, 0, 512, 32, 2, 0, 0, 0, 2]",right,512
443,5276,"[2, 0, 0, 0, 0, 8, 64, 16, 2, 64, 256, 4, 8, 512, 32, 4]",down,512
444,5276,"[2, 0, 2, 0, 8, 64, 16, 0, 2, 64, 256, 4, 8, 512, 32, 4]",left,512
445,5280,"[4, 4, 0, 0, 8, 64, 16, 0, 2, 64, 256, 4, 8, 512, 32, 4]",left,512
446,5288,"[8, 2, 0, 0, 8, 64, 16, 0, 2, 64, 256, 4, 8, 512, 32, 4]",left,512
447,5440,"[16, 2, 16, 8, 2, 128, 256, 0, 8, 512, 32, 0, 2, 0, 0, 0]",up,512
448,5440,"[16, 0, 0, 0, 2, 2, 16, 2, 8, 128, 256, 0, 2, 512, 32, 8]",down,512
449,5444,"[0, 2, 0, 16, 0, 4, 16, 2, 0, 8, 128, 256, 2, 512, 32, 8]",right,512
450,5444,"[2, 2, 16, 16, 0, 4, 128, 2, 0, 8, 32, 256, 0, 512, 2, 8]",up,512
451,5444,"[2, 2, 16, 16, 0, 4, 128, 2, 0, 8, 32, 256, 2, 512, 2, 8]",down,512
452,5480,"[4, 32, 0, 0, 4, 128, 2, 2, 8, 32, 256, 0, 2, 512, 2, 8]",left,512
453,5484,"[0, 32, 0, 2, 8, 128, 2, 0, 8, 32, 256, 2, 2, 512, 2, 8]",down,512
454,5484,"[32, 2, 2, 0, 8, 128, 2, 0, 8, 32, 256, 2, 2, 512, 2, 8]",left,512
455,5494,"[4, 2, 0, 0, 32, 128, 4, 0, 16, 32, 256, 2, 2, 512, 2, 8]",down,512
456,5494,"[2, 0, 4, 2, 0, 32, 128, 4, 16, 32, 256, 2, 2, 512, 2, 8]",right,512
457,5494,"[2, 4, 2, 2, 32, 128, 4, 0, 16, 32, 256, 2, 2, 512, 2, 8]",left,512
458,5496,"[2, 4, 2, 2, 32, 128, 4, 0, 16, 32, 256, 4, 2, 512, 2, 8]",down,512
459,5500,"[2, 2, 4, 4, 0, 32, 128, 4, 16, 32, 256, 4, 2, 512, 2, 8]",right,512
460,5512,"[0, 0, 4, 8, 2, 32, 128, 4, 16, 32, 256, 4, 2, 512, 2, 8]",right,512
461,5512,"[4, 8, 4, 0, 2, 32, 128, 4, 16, 32, 256, 4, 2, 512, 2, 8]",left,512
462,5512,"[2, 4, 8, 4, 2, 32, 128, 4, 16, 32, 256, 4, 2, 512, 2, 8]",right,512
463,5588,"[4, 4, 8, 8, 16, 64, 128, 4, 2, 512, 256, 8, 2, 0, 2, 0]",up,512
464,5590,"[2, 0, 8, 0, 4, 4, 128, 8, 16, 64, 256, 4, 4, 512, 2, 8]",down,512
465,5598,"[2, 8, 0, 0, 8, 128, 8, 2, 16, 64, 256, 4, 4, 512, 2, 8]",left,512
466,5598,"[4, 0, 2, 8, 8, 128, 8, 2, 16, 64, 256, 4, 4, 512, 2, 8]",right,512
467,5598,"[4, 2, 8, 2, 8, 128, 8, 2, 16, 64, 256, 4, 4, 512, 2, 8]",left,512
468,5608,"[4, 2, 0, 2, 8, 128, 16, 4, 16, 64, 256, 4, 4, 512, 2, 8]",down,512
469,5612,"[4, 4, 0, 2, 8, 128, 16, 4, 16, 64, 256, 4, 4, 512, 2, 8]",left,512
470,5620,"[8, 2, 4, 0, 8, 128, 16, 4, 16, 64, 256, 4, 4, 512, 2, 8]",left,512
471,5632,"[0, 2, 4, 0, 16, 128, 16, 2, 16, 64, 256, 8, 4, 512, 2, 8]",down,512
472,5632,"[2, 4, 0, 2, 16, 128, 16, 2, 16, 64, 256, 8, 4, 512, 2, 8]",left,512
473,5684,"[2, 4, 16, 4, 32, 128, 256, 16, 4, 64, 2, 0, 2, 512, 0, 0]",up,512
474,5684,"[2, 4, 16, 4, 32, 128, 256, 16, 0, 4, 64, 2, 0, 2, 2, 512]",right,512
475,5684,"[0, 4, 16, 4, 2, 128, 256, 16, 2, 4, 64, 2, 32, 2, 2, 512]",down,512
476,5688,"[2, 4, 16, 4, 2, 128, 256, 16, 2, 4, 64, 2, 0, 32, 4, 512]",right,512
477,5690,"[0, 4, 16, 4, 2, 128, 256, 16, 2, 4, 64, 2, 4, 32, 4, 512]",down,512
478,5694,"[4, 4, 16, 4, 4, 128, 256, 16, 0, 4, 64, 2, 2, 32, 4, 512]",up,512
479,5702,"[8, 16, 4, 2, 4, 128, 256, 16, 4, 64, 2, 0, 2, 32, 4, 512]",left,512
480,5710,"[8, 16, 4, 2, 8, 128, 256, 16, 2, 64, 2, 512, 2, 32, 4, 0]",up,512
481,5720,"[0, 16, 4, 2, 0, 128, 256, 2, 16, 64, 2, 16, 4, 32, 4, 512]",down,512
482,5724,"[16, 16, 4, 4, 4, 128, 256, 16, 0, 64, 2, 512, 0, 32, 4, 2]",up,512
483,5764,"[32, 8, 0, 2, 4, 128, 256, 16, 64, 2, 512, 0, 32, 4, 2, 0]",left,512
484,5764,"[32, 8, 256, 2, 4, 128, 512, 16, 64, 2, 2, 2, 32, 4, 0, 0]",up,512
485,5764,"[32, 8, 0, 2, 4, 128, 256, 2, 64, 2, 512, 16, 32, 4, 2, 2]",down,512
486,5768,"[32, 8, 256, 4, 4, 128, 512, 16, 64, 2, 2, 2, 32, 4, 0, 2]",up,512
487,5772,"[32, 8, 256, 4, 4, 128, 512, 16, 64, 4, 2, 2, 32, 4, 2, 0]",left,512
488,5776,"[32, 8, 256, 4, 4, 128, 512, 16, 64, 4, 4, 0, 32, 4, 2, 2]",left,512
489,5788,"[32, 8, 256, 4, 4, 128, 512, 16, 0, 0, 64, 8, 4, 32, 4, 4]",right,512
490,5796,"[32, 8, 256, 4, 8, 128, 512, 16, 0, 32, 64, 8, 2, 0, 4, 4]",up,512
491,5796,"[4, 0, 256, 4, 32, 8, 512, 16, 8, 128, 64, 8, 2, 32, 4, 4]",down,512
492,5804,"[0, 4, 256, 4, 32, 8, 512, 16, 8, 128, 64, 8, 2, 2, 32, 8]",right,512
493,5812,"[2, 4, 256, 0, 32, 8, 512, 4, 8, 128, 64, 16, 2, 2, 32, 16]",down,512
494,5816,"[0, 2, 4, 256, 32, 8, 512, 4, 8, 128, 64, 16, 4, 4, 32, 16]",right,512
495,5832,"[0, 2, 4, 2, 32, 8, 512, 256, 8, 128, 64, 4, 4, 4, 32, 32]",down,512
496,5904,"[2, 4, 2, 2, 32, 8, 512, 256, 8, 128, 64, 4, 8, 64, 0, 0]",left,512
497,5908,"[2, 2, 4, 4, 32, 8, 512, 256, 8, 128, 64, 4, 0, 0, 8, 64]",right,512
498,5920,"[4, 8, 0, 0, 32, 8, 512, 256, 8, 128, 64, 4, 8, 64, 2, 0]",left,512
499,5920,"[0, 2, 4, 8, 32, 8, 512, 256, 8, 128, 64, 4, 0, 8, 64, 2]",right,512
500,6048,"[32, 2, 4, 8, 8, 8, 512, 256, 0, 128, 128, 4, 0, 8, 2, 2]",up,512
501,6324,"[32, 2, 4, 8, 0, 16, 512, 256, 0, 0, 256, 4, 0, 2, 8, 4]",right,512
502,6332,"[32, 2, 4, 8, 0, 16, 512, 256, 0, 2, 256, 8, 2, 0, 8, 0]",up,512
503,6332,"[2, 0, 4, 0, 0, 2, 512, 8, 32, 16, 256, 256, 2, 2, 8, 8]",down,512
504,6864,"[2, 4, 0, 2, 2, 512, 8, 0, 32, 16, 512, 0, 4, 16, 0, 0]",left,512
505,6882,"[0, 4, 0, 0, 4, 4, 0, 0, 32, 512, 8, 0, 4, 32, 512, 2]",down,512
506,6886,"[0, 0, 0, 2, 4, 8, 0, 0, 32, 512, 8, 0, 4, 32, 512, 2]",down,512
507,6886,"[2, 0, 0, 2, 4, 8, 0, 0, 32, 512, 8, 0, 4, 32, 512, 2]",left,512
508,6890,"[0, 0, 2, 4, 0, 0, 4, 8, 0, 32, 512, 8, 4, 32, 512, 2]",right,512
509,6890,"[2, 4, 0, 0, 4, 8, 0, 0, 32, 512, 8, 2, 4, 32, 512, 2]",left,512
510,6890,"[2, 0, 2, 4, 0, 0, 4, 8, 32, 512, 8, 2, 4, 32, 512, 2]",right,512
511,6892,"[0, 0, 2, 0, 2, 4, 4, 4, 32, 512, 8, 8, 4, 32, 512, 4]",down,512
512,6916,"[0, 0, 0, 2, 0, 2, 4, 8, 2, 32, 512, 16, 4, 32, 512, 4]",right,512
513,6916,"[2, 0, 0, 2, 2, 4, 8, 0, 2, 32, 512, 16, 4, 32, 512, 4]",left,512
514,6920,"[2, 0, 0, 4, 0, 2, 4, 8, 2, 32, 512, 16, 4, 32, 512, 4]",right,512
515,6920,"[0, 0, 2, 4, 2, 2, 4, 8, 2, 32, 512, 16, 4, 32, 512, 4]",right,512
516,6924,"[2, 0, 2, 4, 0, 4, 4, 8, 2, 32, 512, 16, 4, 32, 512, 4]",right,512
517,6936,"[4, 4, 0, 0, 8, 8, 0, 4, 2, 32, 512, 16, 4, 32, 512, 4]",left,512
518,6960,"[0, 2, 0, 8, 0, 0, 16, 4, 2, 32, 512, 16, 4, 32, 512, 4]",right,512
519,6960,"[0, 2, 2, 8, 0, 0, 16, 4, 2, 32, 512, 16, 4, 32, 512, 4]",right,512
520,6964,"[0, 0, 4, 8, 2, 0, 16, 4, 2, 32, 512, 16, 4, 32, 512, 4]",right,512
521,6964,"[2, 0, 4, 8, 0, 2, 16, 4, 2, 32, 512, 16, 4, 32, 512, 4]",right,512
522,6964,"[0, 2, 4, 8, 4, 2, 16, 4, 2, 32, 512, 16, 4, 32, 512, 4]",right,512
523,7510,"[0, 0, 2, 8, 4, 0, 4, 4, 2, 4, 16, 16, 4, 64, 1024, 4]",down,1024
524,7510,"[4, 4, 2, 8, 2, 64, 4, 4, 4, 0, 16, 16, 4, 0, 1024, 4]",up,1024
525,7514,"[2, 0, 2, 8, 4, 0, 4, 4, 2, 4, 16, 16, 8, 64, 1024, 4]",down,1024
526,7514,"[2, 4, 2, 8, 4, 64, 4, 4, 2, 2, 16, 16, 8, 0, 1024, 4]",up,1024
527,7558,"[2, 4, 2, 8, 4, 64, 8, 2, 4, 32, 0, 0, 8, 1024, 4, 0]",left,1024
528,7558,"[2, 4, 2, 8, 4, 64, 8, 2, 2, 0, 4, 32, 0, 8, 1024, 4]",right,1024
529,7558,"[0, 4, 2, 8, 2, 4, 8, 2, 4, 64, 4, 32, 2, 8, 1024, 4]",down,1024
530,7562,"[0, 2, 2, 8, 2, 8, 8, 2, 4, 64, 4, 32, 2, 8, 1024, 4]",down,1024
531,7562,"[2, 2, 2, 8, 4, 8, 8, 2, 2, 64, 4, 32, 2, 8, 1024, 4]",up,1024
532,7582,"[4, 2, 4, 8, 0, 4, 16, 2, 2, 64, 4, 32, 2, 8, 1024, 4]",right,1024
533,7584,"[2, 2, 4, 8, 0, 4, 16, 2, 4, 64, 4, 32, 4, 8, 1024, 4]",down,1024
534,7588,"[4, 4, 8, 2, 4, 16, 2, 0, 4, 64, 4, 32, 4, 8, 1024, 4]",left,1024
535,7596,"[0, 8, 8, 2, 2, 4, 16, 2, 4, 64, 4, 32, 4, 8, 1024, 4]",right,1024
536,7612,"[0, 2, 16, 2, 2, 4, 16, 2, 4, 64, 4, 32, 4, 8, 1024, 4]",right,1024
537,7656,"[2, 2, 32, 4, 8, 4, 4, 32, 0, 64, 1024, 4, 0, 8, 2, 0]",up,1024
538,7668,"[0, 4, 32, 4, 0, 8, 8, 32, 2, 64, 1024, 4, 0, 0, 8, 2]",right,1024
539,7684,"[0, 4, 32, 4, 0, 0, 16, 32, 2, 64, 1024, 4, 2, 0, 8, 2]",right,1024
540,7684,"[4, 32, 4, 2, 16, 32, 0, 0, 2, 64, 1024, 4, 2, 8, 2, 0]",left,1024
541,7684,"[4, 32, 4, 2, 0, 2, 16, 32, 2, 64, 1024, 4, 0, 2, 8, 2]",right,1024
542,7684,"[4, 32, 4, 2, 2, 16, 32, 0, 2, 64, 1024, 4, 2, 8, 2, 2]",left,1024
543,7686,"[2, 32, 4, 0, 4, 16, 32, 2, 2, 64, 1024, 4, 4, 8, 2, 2]",down,1024
544,7690,"[0, 2, 32, 4, 4, 16, 32, 2, 2, 64, 1024, 4, 2, 4, 8, 4]",right,1024
545,7690,"[2, 32, 4, 2, 4, 16, 32, 2, 2, 64, 1024, 4, 2, 4, 8, 4]",left,1024
546,7706,"[2, 32, 4, 4, 4, 16, 32, 8, 4, 64, 1024, 0, 2, 4, 8, 0]",up,1024
547,7714,"[0, 2, 32, 8, 4, 16, 32, 8, 2, 4, 64, 1024, 0, 2, 4, 8]",right,1024
548,7714,"[2, 32, 8, 4, 4, 16, 32, 8, 2, 4, 64, 1024, 2, 4, 8, 0]",left,1024
549,7720,"[0, 0, 8, 2, 2, 32, 32, 4, 4, 16, 64, 8, 4, 8, 8, 1024]",down,1024
550,7728,"[2, 32, 8, 2, 8, 16, 32, 4, 0, 8, 64, 8, 2, 0, 8, 1024]",up,1024
551,7728,"[2, 32, 8, 2, 8, 16, 32, 4, 8, 64, 8, 0, 2, 8, 1024, 4]",left,1024
552,7752,"[2, 32, 8, 2, 16, 16, 32, 8, 2, 64, 8, 4, 0, 8, 1024, 0]",up,1024
553,7752,"[2, 32, 8, 0, 2, 16, 32, 2, 16, 64, 8, 8, 2, 8, 1024, 4]",down,1024
554,7754,"[0, 32, 8, 2, 4, 16, 32, 2, 16, 64, 8, 8, 2, 8, 1024, 4]",down,1024
555,7758,"[4, 32, 8, 4, 16, 16, 32, 8, 2, 64, 8, 4, 0, 8, 1024, 2]",up,1024
556,7790,"[4, 32, 8, 4, 32, 32, 8, 0, 2, 64, 8, 4, 8, 1024, 2, 2]",left,1024
557,7834,"[4, 0, 2, 0, 32, 64, 8, 0, 2, 64, 16, 8, 8, 1024, 2, 2]",down,1024
558,7838,"[0, 2, 4, 2, 0, 32, 64, 8, 2, 64, 16, 8, 0, 8, 1024, 4]",right,1024
559,7838,"[2, 4, 2, 0, 32, 64, 8, 0, 2, 64, 16, 8, 8, 1024, 4, 2]",left,1024
560,7838,"[2, 2, 4, 2, 0, 32, 64, 8, 2, 64, 16, 8, 8, 1024, 4, 2]",right,1024
561,7842,"[4, 4, 2, 2, 32, 64, 8, 0, 2, 64, 16, 8, 8, 1024, 4, 2]",left,1024
562,7854,"[2, 0, 8, 4, 0, 32, 64, 8, 2, 64, 16, 8, 8, 1024, 4, 2]",right,1024
563,7854,"[2, 2, 8, 4, 0, 32, 64, 8, 2, 64, 16, 8, 8, 1024, 4, 2]",right,1024
564,7858,"[0, 4, 8, 4, 2, 32, 64, 8, 2, 64, 16, 8, 8, 1024, 4, 2]",right,1024
565,7878,"[4, 4, 8, 4, 8, 32, 64, 16, 0, 64, 16, 2, 0, 1024, 4, 2]",up,1024
566,7880,"[2, 4, 8, 0, 0, 32, 64, 4, 4, 64, 16, 16, 8, 1024, 4, 4]",down,1024
567,7880,"[2, 4, 8, 0, 2, 32, 64, 4, 4, 64, 16, 16, 8, 1024, 4, 4]",down,1024
568,7882,"[2, 4, 8, 0, 4, 32, 64, 4, 4, 64, 16, 16, 8, 1024, 4, 4]",down,1024
569,7922,"[2, 4, 8, 2, 4, 32, 64, 4, 4, 64, 32, 0, 8, 1024, 8, 0]",left,1024
570,7926,"[0, 4, 8, 0, 2, 32, 64, 2, 8, 64, 32, 2, 8, 1024, 8, 4]",down,1024
571,7936,"[4, 4, 8, 0, 0, 32, 64, 0, 2, 64, 32, 4, 16, 1024, 8, 4]",down,1024
572,7944,"[0, 0, 8, 8, 0, 2, 32, 64, 2, 64, 32, 4, 16, 1024, 8, 4]",right,1024
573,7980,"[0, 0, 2, 0, 0, 2, 8, 8, 2, 64, 64, 64, 16, 1024, 8, 8]",down,1024
574,7980,"[2, 2, 2, 8, 16, 64, 8, 64, 0, 1024, 64, 8, 2, 0, 8, 0]",up,1024
575,7984,"[0, 2, 4, 8, 16, 64, 8, 64, 0, 1024, 64, 8, 4, 0, 2, 8]",right,1024
576,7984,"[2, 2, 4, 8, 16, 64, 8, 64, 0, 1024, 64, 8, 0, 4, 2, 8]",right,1024
577,7988,"[4, 4, 8, 2, 16, 64, 8, 64, 1024, 64, 8, 0, 4, 2, 8, 0]",left,1024
578,7996,"[8, 8, 2, 0, 16, 64, 8, 64, 1024, 64, 8, 0, 4, 2, 8, 2]",left,1024
579,8012,"[16, 2, 0, 2, 16, 64, 8, 64, 1024, 64, 8, 0, 4, 2, 8, 2]",left,1024
580,8016,"[16, 4, 0, 0, 16, 64, 8, 64, 1024, 64, 8, 2, 4, 2, 8, 2]",left,1024
581,8196,"[32, 4, 16, 64, 1024, 128, 8, 4, 4, 2, 0, 0, 0, 0, 2, 0]",up,1024
582,8196,"[32, 4, 16, 64, 1024, 128, 8, 4, 4, 2, 2, 2, 0, 0, 0, 0]",up,1024
583,8200,"[32, 4, 16, 64, 1024, 128, 8, 4, 0, 4, 2, 4, 2, 0, 0, 0]",right,1024
584,8200,"[32, 4, 16, 64, 1024, 128, 8, 4, 2, 4, 2, 4, 0, 0, 0, 2]",right,1024
585,8204,"[2, 0, 0, 0, 32, 4, 16, 64, 1024, 128, 8, 8, 2, 4, 2, 2]",down,1024
586,8224,"[2, 0, 0, 2, 32, 4, 16, 64, 1024, 128, 16, 0, 2, 4, 4, 0]",left,1024
587,8240,"[2, 0, 0, 0, 32, 4, 2, 0, 1024, 128, 32, 2, 2, 4, 4, 64]",down,1024
588,8248,"[2, 4, 0, 0, 32, 4, 2, 0, 1024, 128, 32, 2, 2, 8, 64, 0]",left,1024
589,8248,"[0, 0, 2, 4, 0, 32, 4, 2, 1024, 128, 32, 2, 2, 2, 8, 64]",right,1024
590,8250,"[2, 0, 2, 0, 0, 32, 4, 4, 1024, 128, 32, 4, 2, 2, 8, 64]",down,1024
591,8266,"[4, 2, 0, 0, 32, 8, 0, 0, 1024, 128, 32, 4, 4, 8, 64, 0]",left,1024
592,8266,"[4, 2, 32, 4, 32, 8, 64, 0, 1024, 128, 0, 0, 4, 8, 0, 4]",up,1024
593,8274,"[4, 2, 32, 8, 32, 8, 64, 0, 1024, 128, 2, 0, 4, 8, 0, 0]",up,1024
594,8274,"[4, 2, 32, 8, 2, 32, 8, 64, 0, 1024, 128, 2, 0, 0, 4, 8]",right,1024
595,8274,"[4, 2, 32, 8, 2, 32, 8, 64, 1024, 128, 2, 0, 4, 8, 2, 0]",left,1024
596,8278,"[4, 2, 32, 8, 2, 32, 8, 64, 1024, 128, 4, 0, 4, 8, 2, 0]",up,1024
597,8278,"[4, 2, 32, 8, 2, 32, 8, 64, 0, 1024, 128, 4, 4, 4, 8, 2]",right,1024
598,8278,"[2, 2, 32, 8, 4, 32, 8, 64, 2, 1024, 128, 4, 4, 4, 8, 2]",down,1024
599,8290,"[4, 32, 8, 2, 4, 32, 8, 64, 2, 1024, 128, 4, 8, 8, 2, 0]",left,1024
600,8306,"[4, 32, 8, 2, 4, 32, 8, 64, 2, 1024, 128, 4, 16, 2, 0, 2]",left,1024
601,8350,"[0, 2, 0, 2, 8, 64, 0, 64, 2, 1024, 16, 4, 16, 2, 128, 2]",down,1024
602,8482,"[4, 0, 0, 0, 8, 128, 2, 0, 2, 1024, 16, 4, 16, 2, 128, 2]",left,1024
603,8482,"[4, 128, 2, 4, 8, 1024, 16, 2, 2, 2, 128, 0, 16, 2, 0, 0]",up,1024
604,8486,"[4, 128, 2, 4, 8, 1024, 16, 2, 2, 4, 128, 0, 16, 0, 0, 2]",up,1024
605,8490,"[4, 128, 2, 4, 8, 1024, 16, 4, 2, 4, 128, 2, 16, 0, 0, 0]",up,1024
606,8490,"[4, 128, 2, 4, 8, 1024, 16, 4, 2, 4, 128, 2, 0, 0, 2, 16]",right,1024
607,8498,"[4, 128, 2, 8, 8, 1024, 16, 2, 2, 4, 128, 16, 2, 0, 2, 0]",up,1024
608,8500,"[0, 2, 2, 0, 4, 128, 16, 8, 8, 1024, 128, 2, 4, 4, 2, 16]",down,1024
609,8500,"[4, 2, 2, 8, 8, 128, 16, 2, 4, 1024, 128, 16, 2, 4, 2, 0]",up,1024
610,8504,"[2, 4, 4, 8, 8, 128, 16, 2, 4, 1024, 128, 16, 0, 2, 4, 2]",right,1024
611,8512,"[0, 2, 8, 8, 8, 128, 16, 2, 4, 1024, 128, 16, 2, 2, 4, 2]",right,1024
612,8532,"[2, 16, 2, 0, 8, 128, 16, 2, 4, 1024, 128, 16, 4, 4, 2, 0]",left,1024
613,8536,"[4, 16, 2, 0, 2, 128, 16, 0, 8, 1024, 128, 2, 8, 4, 2, 16]",down,1024
614,8536,"[0, 4, 16, 2, 2, 2, 128, 16, 8, 1024, 128, 2, 8, 4, 2, 16]",right,1024
615,8540,"[4, 16, 2, 2, 4, 128, 16, 0, 8, 1024, 128, 2, 8, 4, 2, 16]",left,1024
616,8568,"[8, 16, 2, 4, 16, 128, 16, 16, 0, 1024, 128, 2, 0, 4, 2, 0]",up,1024
617,8600,"[8, 16, 2, 4, 4, 16, 128, 32, 0, 1024, 128, 2, 0, 0, 4, 2]",right,1024
618,8892,"[8, 32, 2, 4, 4, 1024, 256, 32, 0, 0, 4, 4, 2, 0, 0, 0]",up,1024
619,8900,"[8, 32, 2, 4, 4, 1024, 256, 32, 0, 0, 2, 8, 0, 0, 0, 2]",right,1024
620,8900,"[0, 0, 0, 4, 0, 2, 2, 32, 8, 32, 256, 8, 4, 1024, 2, 2]",down,1024
621,8908,"[4, 0, 2, 0, 4, 32, 0, 0, 8, 32, 256, 8, 4, 1024, 4, 0]",left,1024
622,8944,"[0, 0, 0, 0, 8, 2, 2, 0, 8, 64, 256, 0, 4, 1024, 4, 8]",down,1024
623,8960,"[16, 2, 2, 8, 4, 64, 256, 2, 0, 1024, 4, 0, 0, 0, 0, 0]",up,1024
624,8964,"[16, 4, 8, 2, 4, 64, 256, 2, 1024, 4, 0, 0, 0, 0, 0, 0]",left,1024
625,8966,"[0, 2, 0, 0, 16, 4, 0, 0, 4, 64, 8, 0, 1024, 4, 256, 4]",down,1024
626,8966,"[0, 0, 0, 2, 2, 0, 16, 4, 0, 4, 64, 8, 1024, 4, 256, 4]",right,1024
627,8966,"[2, 0, 0, 2, 0, 2, 16, 4, 0, 4, 64, 8, 1024, 4, 256, 4]",right,1024
628,8970,"[4, 0, 0, 2, 0, 0, 16, 4, 2, 2, 64, 8, 1024, 8, 256, 4]",down,1024
629,8974,"[0, 2, 4, 2, 0, 0, 16, 4, 0, 4, 64, 8, 1024, 8, 256, 4]",right,1024
630,8974,"[0, 0, 4, 2, 0, 2, 16, 4, 4, 4, 64, 8, 1024, 8, 256, 4]",down,1024
631,8974,"[4, 2, 4, 2, 1024, 4, 16, 4, 0, 8, 64, 8, 2, 0, 256, 4]",up,1024
632,8974,"[2, 0, 4, 2, 4, 2, 16, 4, 1024, 4, 64, 8, 2, 8, 256, 4]",down,1024
633,8974,"[2, 2, 4, 2, 4, 2, 16, 4, 1024, 4, 64, 8, 2, 8, 256, 4]",right,1024
634,8978,"[4, 4, 2, 2, 4, 2, 16, 4, 1024, 4, 64, 8, 2, 8, 256, 4]",left,1024
635,8986,"[8, 4, 2, 2, 1024, 2, 16, 4, 2, 4, 64, 8, 2, 8, 256, 4]",up,1024
636,8990,"[8, 4, 4, 2, 1024, 2, 16, 4, 2, 4, 64, 8, 2, 8, 256, 4]",left,1024
637,8998,"[2, 8, 8, 2, 1024, 2, 16, 4, 2, 4, 64, 8, 2, 8, 256, 4]",right,1024
638,9014,"[2, 16, 2, 4, 1024, 2, 16, 4, 2, 4, 64, 8, 2, 8, 256, 4]",left,1024
639,9020,"[0, 16, 2, 4, 2, 2, 16, 8, 1024, 4, 64, 8, 4, 8, 256, 4]",down,1024
640,9024,"[2, 16, 2, 4, 0, 4, 16, 8, 1024, 4, 64, 8, 4, 8, 256, 4]",right,1024
641,9036,"[2, 0, 2, 0, 2, 16, 16, 4, 1024, 8, 64, 16, 4, 8, 256, 4]",down,1024
642,9046,"[2, 0, 2, 0, 4, 0, 16, 4, 1024, 16, 64, 16, 4, 16, 256, 4]",down,1024
643,9062,"[2, 0, 2, 0, 4, 0, 16, 4, 1024, 2, 64, 16, 4, 32, 256, 4]",down,1024
644,9062,"[2, 2, 2, 4, 4, 32, 16, 16, 1024, 0, 64, 4, 4, 2, 256, 0]",up,1024
645,9098,"[0, 2, 4, 4, 0, 4, 32, 32, 2, 1024, 64, 4, 0, 4, 2, 256]",right,1024
646,9098,"[2, 2, 4, 4, 0, 4, 32, 32, 2, 1024, 64, 4, 0, 4, 2, 256]",up,1024
647,9102,"[4, 2, 4, 4, 0, 4, 32, 32, 2, 1024, 64, 4, 0, 4, 2, 256]",up,1024
648,9102,"[4, 2, 4, 4, 2, 4, 32, 32, 0, 1024, 64, 4, 2, 4, 2, 256]",up,1024
649,9106,"[4, 2, 4, 4, 4, 4, 32, 32, 0, 1024, 64, 4, 2, 4, 2, 256]",up,1024
650,9114,"[8, 2, 4, 4, 2, 4, 32, 32, 2, 1024, 64, 4, 0, 4, 2, 256]",up,1024
651,9116,"[2, 2, 4, 4, 0, 4, 32, 32, 8, 1024, 64, 4, 4, 4, 2, 256]",down,1024
652,9200,"[4, 8, 0, 2, 4, 64, 0, 0, 8, 1024, 64, 4, 8, 2, 256, 0]",left,1024
653,9224,"[8, 8, 64, 2, 16, 64, 256, 4, 0, 1024, 0, 0, 2, 2, 0, 0]",up,1024
654,9224,"[8, 8, 64, 2, 16, 64, 256, 4, 2, 1024, 0, 0, 0, 2, 2, 0]",up,1024
655,9244,"[0, 16, 64, 2, 16, 64, 256, 4, 0, 2, 2, 1024, 0, 0, 0, 4]",right,1024
656,9248,"[0, 16, 64, 2, 16, 64, 256, 4, 0, 0, 4, 1024, 2, 0, 0, 4]",right,1024
657,9248,"[0, 0, 0, 2, 0, 2, 64, 4, 16, 16, 256, 1024, 2, 64, 4, 4]",down,1024
658,9248,"[16, 2, 64, 2, 2, 16, 256, 4, 0, 64, 4, 1024, 2, 0, 0, 4]",up,1024
659,9252,"[16, 2, 64, 2, 4, 16, 256, 4, 0, 64, 4, 1024, 0, 2, 0, 4]",up,1024
660,9252,"[4, 2, 0, 2, 0, 16, 64, 4, 16, 64, 256, 1024, 4, 2, 4, 4]",down,1024
661,9264,"[4, 4, 0, 2, 16, 64, 4, 0, 16, 64, 256, 1024, 4, 2, 8, 0]",left,1024
662,9272,"[8, 2, 0, 0, 16, 64, 4, 0, 16, 64, 256, 1024, 4, 2, 8, 2]",left,1024
663,9432,"[8, 2, 4, 1024, 32, 128, 256, 2, 4, 2, 8, 0, 2, 0, 0, 0]",up,1024
664,9432,"[8, 2, 0, 0, 32, 2, 4, 0, 4, 128, 256, 1024, 2, 2, 8, 2]",down,1024
665,9434,"[8, 0, 0, 0, 32, 4, 4, 2, 4, 128, 256, 1024, 2, 2, 8, 2]",down,1024
666,9446,"[8, 0, 0, 0, 32, 8, 2, 2, 4, 128, 256, 1024, 4, 8, 2, 0]",left,1024
667,9450,"[0, 0, 0, 0, 8, 8, 2, 2, 32, 128, 256, 2, 8, 8, 2, 1024]",down,1024
668,9486,"[0, 2, 0, 0, 0, 0, 16, 4, 32, 128, 256, 2, 0, 16, 2, 1024]",right,1024
669,9486,"[2, 0, 0, 2, 16, 4, 0, 0, 32, 128, 256, 2, 16, 2, 1024, 0]",left,1024
670,9490,"[4, 2, 0, 0, 16, 4, 0, 0, 32, 128, 256, 2, 16, 2, 1024, 0]",left,1024
671,9490,"[4, 2, 256, 2, 16, 4, 1024, 0, 32, 128, 2, 0, 16, 2, 0, 0]",up,1024
672,9490,"[4, 2, 2, 0, 16, 4, 256, 0, 32, 128, 1024, 0, 16, 2, 2, 2]",down,1024
673,9490,"[4, 2, 2, 2, 16, 4, 256, 0, 32, 128, 1024, 4, 16, 2, 2, 0]",up,1024
674,9498,"[4, 4, 2, 4, 16, 4, 256, 0, 32, 128, 1024, 4, 16, 4, 0, 0]",left,1024
675,9514,"[4, 8, 2, 8, 16, 128, 256, 0, 32, 4, 1024, 2, 16, 0, 0, 0]",up,1024
676,9514,"[4, 0, 2, 0, 16, 8, 2, 0, 32, 128, 256, 8, 16, 4, 1024, 2]",down,1024
677,9514,"[0, 0, 4, 2, 2, 16, 8, 2, 32, 128, 256, 8, 16, 4, 1024, 2]",right,1024
678,9518,"[2, 16, 4, 4, 32, 128, 8, 8, 16, 4, 256, 2, 2, 0, 1024, 0]",up,1024
679,9518,"[2, 0, 4, 2, 32, 16, 8, 4, 16, 128, 256, 8, 2, 4, 1024, 2]",down,1024
680,9518,"[2, 2, 4, 2, 32, 16, 8, 4, 16, 128, 256, 8, 2, 4, 1024, 2]",right,1024
681,9522,"[2, 4, 4, 2, 32, 16, 8, 4, 16, 128, 256, 8, 2, 4, 1024, 2]",right,1024
682,9530,"[2, 2, 8, 2, 32, 16, 8, 4, 16, 128, 256, 8, 2, 4, 1024, 2]",right,1024
683,9538,"[2, 2, 2, 2, 32, 16, 16, 4, 16, 128, 256, 8, 2, 4, 1024, 2]",down,1024
684,9578,"[4, 4, 0, 0, 32, 32, 4, 2, 16, 128, 256, 8, 2, 4, 1024, 2]",left,1024
685,9578,"[4, 4, 4, 2, 32, 32, 256, 8, 16, 128, 1024, 2, 2, 4, 2, 0]",up,1024
686,9578,"[4, 4, 4, 2, 32, 32, 256, 2, 16, 128, 1024, 8, 2, 4, 2, 2]",down,1024
687,9582,"[4, 4, 4, 4, 32, 32, 256, 8, 16, 128, 1024, 2, 2, 4, 2, 2]",up,1024
688,9586,"[4, 4, 4, 4, 32, 32, 256, 8, 16, 128, 1024, 4, 2, 4, 2, 2]",up,1024
689,9670,"[8, 8, 0, 0, 64, 256, 8, 0, 16, 128, 1024, 4, 2, 4, 4, 2]",left,1024
690,9670,"[8, 8, 8, 4, 64, 256, 1024, 2, 16, 128, 4, 0, 2, 4, 2, 0]",up,1024
691,9686,"[16, 8, 4, 2, 64, 256, 1024, 2, 16, 128, 4, 0, 2, 4, 2, 0]",left,1024
692,9686,"[16, 8, 4, 2, 64, 256, 1024, 2, 0, 16, 128, 4, 4, 2, 4, 2]",right,1024
693,9686,"[16, 8, 4, 2, 64, 256, 1024, 2, 16, 128, 4, 4, 4, 2, 4, 2]",left,1024
694,9698,"[16, 8, 4, 4, 64, 256, 1024, 4, 16, 128, 8, 2, 4, 2, 0, 2]",up,1024
695,9704,"[16, 8, 2, 0, 64, 256, 4, 0, 16, 128, 1024, 8, 4, 2, 8, 4]",down,1024
696,9704,"[16, 8, 2, 8, 64, 256, 4, 4, 16, 128, 1024, 0, 4, 2, 8, 2]",up,1024
697,9704,"[16, 8, 2, 2, 64, 256, 4, 8, 16, 128, 1024, 4, 4, 2, 8, 2]",down,1024
698,9708,"[16, 8, 4, 2, 64, 256, 4, 8, 16, 128, 1024, 4, 4, 2, 8, 2]",left,1024
699,9716,"[16, 8, 8, 2, 64, 256, 1024, 8, 16, 128, 8, 4, 4, 2, 2, 2]",up,1024
700,9736,"[16, 16, 2, 2, 64, 256, 1024, 8, 16, 128, 8, 4, 4, 4, 2, 0]",left,1024
701,9736,"[16, 16, 2, 2, 64, 256, 1024, 2, 16, 128, 8, 8, 4, 4, 2, 4]",down,1024
702,9796,"[32, 4, 2, 0, 64, 256, 1024, 2, 16, 128, 16, 0, 8, 2, 4, 0]",left,1024
703,9796,"[32, 4, 2, 2, 64, 256, 1024, 0, 16, 128, 16, 0, 8, 2, 4, 4]",up,1024
704,9796,"[32, 4, 2, 2, 64, 256, 1024, 0, 16, 128, 16, 2, 8, 2, 4, 4]",down,1024
705,9808,"[0, 32, 4, 4, 2, 64, 256, 1024, 16, 128, 16, 2, 0, 8, 2, 8]",right,1024
706,9816,"[32, 8, 4, 0, 2, 64, 256, 1024, 16, 128, 16, 2, 8, 2, 8, 0]",left,1024
707,9816,"[32, 8, 4, 2, 2, 64, 256, 0, 16, 128, 16, 1024, 8, 2, 8, 2]",down,1024
708,9816,"[32, 8, 4, 2, 2, 64, 256, 1024, 16, 128, 16, 2, 8, 2, 8, 2]",up,1024
709,9818,"[32, 8, 4, 2, 2, 64, 256, 2, 16, 128, 16, 1024, 8, 2, 8, 4]",down,1024
710,9822,"[32, 8, 4, 4, 2, 64, 256, 1024, 16, 128, 16, 4, 8, 2, 8, 4]",up,1024
711,9830,"[32, 8, 8, 2, 2, 64, 256, 1024, 16, 128, 16, 4, 8, 2, 8, 4]",left,1024
712,9846,"[2, 32, 16, 2, 2, 64, 256, 1024, 16, 128, 16, 4, 8, 2, 8, 4]",right,1024
713,9852,"[0, 32, 16, 2, 4, 64, 256, 2, 16, 128, 16, 1024, 8, 2, 8, 8]",down,1024
714,9868,"[0, 32, 16, 2, 4, 64, 256, 2, 16, 128, 16, 1024, 2, 8, 2, 16]",right,1024
715,9870,"[0, 32, 16, 2, 4, 64, 256, 4, 16, 128, 16, 1024, 2, 8, 2, 16]",down,1024
716,9870,"[32, 16, 2, 2, 4, 64, 256, 4, 16, 128, 16, 1024, 2, 8, 2, 16]",left,1024
717,9874,"[2, 32, 16, 4, 4, 64, 256, 4, 16, 128, 16, 1024, 2, 8, 2, 16]",right,1024
718,9882,"[2, 32, 16, 8, 4, 64, 256, 1024, 16, 128, 16, 16, 2, 8, 2, 2]",up,1024
719,9918,"[2, 32, 16, 8, 4, 64, 256, 1024, 16, 128, 32, 2, 2, 8, 4, 0]",left,1024
720,9918,"[2, 32, 16, 8, 4, 64, 256, 1024, 16, 128, 32, 2, 2, 2, 8, 4]",right,1024
721,9922,"[2, 32, 16, 8, 4, 64, 256, 1024, 16, 128, 32, 2, 4, 8, 4, 2]",left,1024
722,9924,"[2, 32, 16, 2, 4, 64, 256, 8, 16, 128, 32, 1024, 4, 8, 4, 4]",down,1024
723,9932,"[2, 32, 16, 2, 4, 64, 256, 8, 16, 128, 32, 1024, 2, 4, 8, 8]",right,1024
1,0,"[4, 0, 0, 0, 0, 0, 2, 0, 0, 0, 0, 0, 0, 0, 0, 0]",up,4
2,0,"[0, 0, 0, 0, 0, 0, 0, 0, 0, 0, 2, 0, 4, 0, 2, 0]",down,4
3,2,"[0, 0, 0, 0, 0, 0, 0, 0, 0, 0, 0, 0, 4, 2, 4, 0]",down,4
4,2,"[0, 0, 0, 0, 0, 0, 0, 0, 0, 2, 0, 0, 0, 4, 2, 4]",right,4
5,2,"[0, 2, 2, 4, 0, 4, 0, 0, 0, 0, 0, 0, 0, 0, 0, 2]",up,4
6,2,"[2, 0, 0, 0, 0, 0, 0, 0, 0, 2, 0, 4, 0, 4, 2, 2]",down,4
7,2,"[2, 2, 2, 4, 0, 4, 0, 2, 0, 0, 2, 0, 0, 0, 0, 0]",up,4
8,6,"[4, 2, 4, 0, 4, 2, 0, 0, 2, 0, 0, 0, 0, 4, 0, 0]",left,4
9,12,"[0, 0, 0, 0, 4, 0, 0, 0, 8, 4, 0, 0, 2, 4, 4, 0]",down,8
10,20,"[4, 8, 4, 0, 8, 0, 0, 0, 2, 0, 0, 0, 0, 0, 0, 2]",up,8
11,20,"[0, 4, 8, 4, 0, 0, 0, 8, 0, 0, 0, 2, 0, 0, 2, 2]",right,8
12,24,"[0, 4, 8, 4, 0, 0, 2, 8, 2, 0, 0, 4, 0, 0, 0, 0]",up,8
13,24,"[2, 4, 8, 4, 0, 2, 2, 8, 0, 0, 0, 4, 0, 0, 0, 0]",up,8
14,28,"[2, 4, 8, 4, 0, 0, 4, 8, 0, 2, 0, 4, 0, 0, 0, 0]",right,8
15,28,"[0, 0, 0, 0, 0, 2, 0, 4, 0, 4, 8, 8, 2, 2, 4, 4]",down,8
16,56,"[0, 0, 0, 0, 0, 0, 2, 4, 0, 0, 4, 16, 0, 2, 4, 8]",right,16
17,56,"[2, 0, 0, 0, 2, 4, 0, 0, 4, 16, 0, 0, 2, 4, 8, 0]",left,16
18,56,"[0, 0, 0, 2, 0, 0, 2, 4, 0, 0, 4, 16, 2, 2, 4, 8]",right,16
19,60,"[2, 0, 0, 2, 0, 0, 2, 4, 0, 0, 4, 16, 0, 4, 4, 8]",right,16
20,68,"[2, 4, 2, 2, 0, 0, 8, 4, 0, 0, 0, 16, 0, 4, 0, 8]",up,16
21,72,"[2, 0, 0, 2, 0, 0, 0, 4, 0, 0, 2, 16, 2, 8, 8, 8]",down,16
22,76,"[4, 8, 2, 2, 2, 0, 8, 4, 0, 0, 0, 16, 0, 0, 0, 8]",up,16
23,80,"[0, 4, 8, 4, 0, 2, 8, 4, 0, 2, 0, 16, 0, 0, 0, 8]",right,16
24,80,"[4, 8, 4, 2, 2, 8, 4, 0, 2, 16, 0, 0, 8, 0, 0, 0]",left,16
25,94,"[0, 0, 0, 0, 4, 0, 2, 0, 4, 16, 0, 0, 8, 16, 8, 2]",down,16
26,94,"[2, 0, 0, 0, 4, 2, 0, 0, 4, 16, 0, 0, 8, 16, 8, 2]",left,16
27,114,"[0, 0, 0, 0, 2, 2, 0, 0, 8, 2, 0, 0, 8, 32, 8, 2]",down,32
28,118,"[0, 0, 0, 2, 4, 0, 0, 0, 8, 2, 0, 0, 8, 32, 8, 2]",left,32
29,118,"[2, 0, 0, 2, 4, 0, 0, 0, 8, 2, 0, 0, 8, 32, 8, 2]",left,32
30,128,"[0, 0, 0, 0, 2, 0, 0, 0, 4, 2, 0, 2, 16, 32, 8, 4]",down,32
31,132,"[0, 2, 0, 0, 2, 0, 0, 0, 4, 4, 0, 0, 16, 32, 8, 4]",left,32
32,132,"[2, 2, 8, 4, 4, 4, 0, 2, 16, 32, 0, 0, 0, 0, 0, 0]",up,32
33,144,"[0, 4, 8, 4, 0, 0, 8, 2, 0, 0, 16, 32, 0, 2, 0, 0]",right,32
34,144,"[0, 4, 8, 4, 0, 4, 8, 2, 0, 0, 16, 32, 0, 0, 0, 2]",right,32
35,168,"[0, 8, 16, 4, 0, 0, 16, 2, 0, 0, 0, 32, 0, 0, 2, 2]",up,32
36,172,"[0, 8, 16, 4, 0, 0, 16, 2, 0, 2, 0, 32, 0, 0, 0, 4]",right,32
37,172,"[8, 16, 4, 0, 16, 2, 0, 0, 2, 32, 0, 0, 4, 2, 0, 0]",left,32
38,172,"[8, 16, 0, 2, 16, 2, 0, 0, 2, 32, 0, 0, 4, 2, 4, 0]",down,32
39,172,"[0, 8, 16, 2, 2, 0, 16, 2, 0, 0, 2, 32, 0, 4, 2, 4]",right,32
40,172,"[8, 16, 2, 0, 2, 16, 2, 2, 2, 32, 0, 0, 4, 2, 4, 0]",left,32
41,192,"[2, 0, 0, 0, 8, 32, 0, 0, 4, 32, 4, 0, 4, 2, 4, 2]",down,32
42,192,"[0, 4, 0, 2, 0, 0, 8, 32, 0, 4, 32, 4, 4, 2, 4, 2]",right,32
43,192,"[4, 2, 0, 2, 8, 32, 0, 0, 4, 32, 4, 0, 4, 2, 4, 2]",left,32
44,196,"[4, 4, 0, 0, 8, 32, 0, 2, 4, 32, 4, 0, 4, 2, 4, 2]",left,32
45,204,"[8, 2, 0, 0, 8, 32, 2, 0, 4, 32, 4, 0, 4, 2, 4, 2]",left,32
46,300,"[16, 2, 2, 2, 8, 64, 8, 0, 0, 2, 0, 0, 0, 0, 0, 2]",up,64
47,304,"[16, 2, 2, 4, 8, 64, 8, 0, 0, 2, 0, 2, 0, 0, 0, 0]",up,64
48,312,"[16, 4, 4, 0, 8, 64, 8, 0, 4, 0, 4, 0, 0, 0, 0, 0]",left,64
49,328,"[0, 0, 16, 8, 0, 8, 64, 8, 0, 0, 0, 8, 2, 0, 0, 0]",right,64
50,328,"[16, 8, 0, 0, 8, 64, 8, 0, 8, 0, 0, 0, 2, 0, 2, 0]",left,64
51,332,"[0, 0, 16, 8, 0, 8, 64, 8, 2, 0, 0, 8, 0, 0, 0, 4]",right,64
52,332,"[16, 8, 0, 2, 8, 64, 8, 0, 2, 8, 0, 0, 4, 0, 0, 0]",left,64
53,332,"[16, 8, 2, 0, 8, 64, 8, 0, 2, 8, 0, 0, 4, 2, 0, 0]",left,64
54,332,"[0, 16, 8, 2, 0, 8, 64, 8, 0, 2, 2, 8, 0, 0, 4, 2]",right,64
55,336,"[16, 8, 2, 0, 8, 64, 8, 0, 4, 8, 0, 0, 4, 2, 0, 2]",left,64
56,340,"[2, 16, 8, 2, 0, 8, 64, 8, 0, 0, 4, 8, 0, 0, 4, 4]",right,64
57,352,"[0, 0, 0, 2, 0, 0, 8, 2, 0, 16, 64, 16, 2, 8, 8, 4]",down,64
58,368,"[2, 0, 0, 0, 8, 2, 0, 0, 16, 64, 16, 2, 2, 16, 4, 0]",left,64
59,368,"[2, 0, 0, 0, 8, 2, 2, 0, 16, 64, 16, 0, 2, 16, 4, 2]",down,64
60,372,"[0, 0, 0, 2, 2, 0, 8, 4, 0, 16, 64, 16, 2, 16, 4, 2]",right,64
61,372,"[2, 0, 0, 4, 2, 8, 4, 0, 16, 64, 16, 0, 2, 16, 4, 2]",left,64
62,372,"[0, 0, 2, 4, 2, 2, 8, 4, 0, 16, 64, 16, 2, 16, 4, 2]",right,64
63,416,"[4, 2, 2, 8, 0, 32, 8, 16, 0, 4, 64, 2, 0, 0, 4, 0]",up,64
64,420,"[4, 4, 8, 0, 32, 8, 16, 2, 4, 64, 2, 0, 4, 0, 0, 0]",left,64
65,428,"[8, 8, 0, 0, 32, 8, 16, 2, 4, 64, 2, 2, 4, 0, 0, 0]",left,64
66,456,"[8, 16, 16, 4, 32, 64, 2, 2, 8, 0, 0, 0, 0, 0, 0, 0]",up,64
67,456,"[0, 2, 0, 0, 8, 0, 0, 0, 32, 16, 16, 4, 8, 64, 2, 2]",down,64
68,492,"[0, 0, 0, 2, 0, 0, 0, 8, 2, 32, 32, 4, 0, 8, 64, 4]",right,64
69,556,"[2, 0, 0, 0, 8, 2, 0, 0, 2, 64, 4, 0, 8, 64, 4, 0]",left,64
70,556,"[0, 0, 0, 2, 0, 2, 8, 2, 0, 2, 64, 4, 0, 8, 64, 4]",right,64
71,556,"[2, 2, 0, 0, 2, 8, 2, 0, 2, 64, 4, 0, 8, 64, 4, 0]",left,64
72,560,"[0, 0, 0, 4, 2, 2, 8, 2, 0, 2, 64, 4, 0, 8, 64, 4]",right,64
73,564,"[4, 0, 0, 0, 4, 8, 2, 2, 2, 64, 4, 0, 8, 64, 4, 0]",left,64
74,568,"[0, 0, 2, 4, 0, 4, 8, 4, 0, 2, 64, 4, 0, 8, 64, 4]",right,64
75,568,"[2, 4, 0, 0, 4, 8, 4, 0, 2, 64, 4, 2, 8, 64, 4, 0]",left,64
76,568,"[0, 2, 2, 4, 0, 4, 8, 4, 2, 64, 4, 2, 0, 8, 64, 4]",right,64
77,572,"[4, 4, 0, 0, 4, 8, 4, 2, 2, 64, 4, 2, 8, 64, 4, 0]",left,64
78,580,"[2, 0, 0, 8, 4, 8, 4, 2, 2, 64, 4, 2, 0, 8, 64, 4]",right,64
79,580,"[2, 8, 2, 0, 4, 8, 4, 2, 2, 64, 4, 2, 8, 64, 4, 0]",left,64
80,658,"[2, 0, 4, 0, 4, 0, 2, 0, 2, 16, 4, 0, 8, 128, 8, 4]",down,128
81,658,"[2, 4, 0, 2, 4, 2, 0, 0, 2, 16, 4, 0, 8, 128, 8, 4]",left,128
82,658,"[2, 4, 4, 2, 4, 2, 8, 4, 2, 16, 2, 0, 8, 128, 0, 0]",up,128
83,666,"[2, 8, 2, 0, 4, 2, 8, 4, 2, 16, 2, 0, 8, 128, 2, 0]",left,128
84,668,"[2, 8, 0, 0, 4, 2, 2, 2, 2, 16, 8, 0, 8, 128, 4, 4]",down,128
85,668,"[2, 8, 2, 2, 4, 2, 8, 4, 2, 16, 4, 2, 8, 128, 0, 0]",up,128
86,672,"[2, 8, 4, 0, 4, 2, 8, 4, 2, 16, 4, 2, 8, 128, 0, 2]",left,128
87,672,"[0, 2, 8, 4, 4, 2, 8, 4, 2, 16, 4, 2, 2, 8, 128, 2]",right,128
88,672,"[2, 8, 4, 2, 4, 2, 8, 4, 2, 16, 4, 2, 2, 8, 128, 2]",left,128
89,676,"[0, 8, 4, 2, 2, 2, 8, 2, 4, 16, 4, 4, 4, 8, 128, 4]",down,128
90,696,"[2, 8, 4, 4, 8, 2, 8, 8, 0, 16, 4, 0, 2, 8, 128, 0]",up,128
91,696,"[2, 8, 4, 0, 2, 2, 8, 0, 8, 16, 4, 4, 2, 8, 128, 8]",down,128
92,708,"[2, 8, 4, 2, 4, 8, 0, 0, 8, 16, 8, 0, 2, 8, 128, 8]",left,128
93,708,"[2, 8, 4, 2, 0, 2, 4, 8, 0, 8, 16, 8, 2, 8, 128, 8]",right,128
94,730,"[0, 0, 0, 0, 0, 8, 8, 2, 2, 2, 16, 8, 4, 16, 128, 16]",down,128
95,750,"[0, 0, 2, 0, 16, 2, 0, 0, 4, 16, 8, 0, 4, 16, 128, 16]",left,128
96,750,"[2, 0, 0, 0, 16, 2, 4, 0, 4, 16, 8, 0, 4, 16, 128, 16]",left,128
97,770,"[0, 0, 0, 0, 2, 2, 4, 0, 16, 2, 8, 0, 8, 32, 128, 16]",down,128
98,772,"[0, 0, 0, 2, 2, 0, 4, 0, 16, 4, 8, 0, 8, 32, 128, 16]",down,128
99,772,"[0, 2, 0, 0, 2, 0, 4, 0, 16, 4, 8, 2, 8, 32, 128, 16]",down,128
100,772,"[2, 0, 0, 0, 2, 4, 0, 2, 16, 4, 8, 2, 8, 32, 128, 16]",left,128
101,780,"[0, 0, 0, 0, 4, 0, 2, 0, 16, 8, 8, 4, 8, 32, 128, 16]",down,128
102,796,"[0, 2, 0, 0, 0, 0, 4, 2, 0, 16, 16, 4, 8, 32, 128, 16]",right,128
103,828,"[0, 2, 0, 2, 0, 0, 4, 2, 0, 0, 32, 4, 8, 32, 128, 16]",right,128
104,830,"[0, 0, 2, 0, 0, 0, 4, 4, 0, 2, 32, 4, 8, 32, 128, 16]",down,128
105,838,"[8, 2, 2, 8, 0, 32, 4, 16, 0, 2, 32, 0, 0, 0, 128, 0]",up,128
106,842,"[0, 8, 4, 8, 2, 32, 4, 16, 0, 0, 2, 32, 0, 0, 0, 128]",right,128
107,850,"[2, 8, 8, 8, 2, 32, 2, 16, 0, 0, 0, 32, 0, 0, 0, 128]",up,128
108,852,"[0, 2, 0, 8, 0, 0, 0, 16, 0, 8, 8, 32, 4, 32, 2, 128]",down,128
109,852,"[0, 0, 0, 8, 2, 2, 0, 16, 0, 8, 8, 32, 4, 32, 2, 128]",down,128
110,872,"[0, 0, 0, 8, 0, 2, 4, 16, 0, 0, 16, 32, 4, 32, 2, 128]",right,128
111,872,"[4, 2, 4, 8, 2, 32, 16, 16, 0, 0, 2, 32, 0, 0, 0, 128]",up,128
112,872,"[0, 0, 0, 8, 0, 2, 4, 16, 4, 2, 16, 32, 2, 32, 2, 128]",down,128
113,874,"[0, 0, 0, 8, 0, 2, 4, 16, 4, 4, 16, 32, 2, 32, 2, 128]",down,128
114,882,"[8, 0, 0, 2, 2, 4, 16, 0, 8, 16, 32, 0, 2, 32, 2, 128]",left,128
115,882,"[0, 2, 8, 2, 0, 2, 4, 16, 0, 8, 16, 32, 2, 32, 2, 128]",right,128
116,882,"[2, 8, 2, 0, 2, 4, 16, 0, 8, 16, 32, 2, 2, 32, 2, 128]",left,128
117,884,"[0, 8, 2, 0, 4, 4, 16, 2, 8, 16, 32, 2, 2, 32, 2, 128]",down,128
118,886,"[0, 8, 2, 2, 4, 4, 16, 0, 8, 16, 32, 4, 2, 32, 2, 128]",down,128
119,886,"[0, 8, 2, 4, 4, 4, 16, 2, 8, 16, 32, 4, 2, 32, 2, 128]",down,128
120,886,"[4, 8, 2, 4, 8, 4, 16, 2, 2, 16, 32, 4, 4, 32, 2, 128]",up,128
1,0,"[0, 0, 0, 0, 0, 0, 0, 0, 0, 2, 0, 0, 4, 0, 0, 0]",down,4
2,0,"[0, 0, 0, 0, 0, 0, 0, 0, 0, 0, 0, 2, 2, 0, 0, 4]",right,4
3,0,"[0, 2, 0, 0, 0, 0, 0, 0, 2, 0, 0, 0, 2, 4, 0, 0]",left,4
4,2,"[0, 0, 0, 0, 0, 0, 0, 0, 2, 2, 0, 0, 4, 4, 0, 0]",down,4
5,14,"[0, 0, 0, 0, 4, 0, 0, 0, 4, 0, 0, 0, 8, 0, 0, 0]",left,8
6,18,"[0, 0, 0, 0, 0, 0, 4, 0, 8, 0, 0, 0, 8, 0, 0, 0]",down,8
7,26,"[0, 0, 0, 0, 0, 0, 0, 0, 0, 0, 0, 2, 16, 0, 4, 0]",down,16
8,26,"[0, 0, 0, 2, 0, 0, 0, 0, 0, 0, 0, 2, 0, 0, 16, 4]",right,16
9,28,"[0, 0, 0, 0, 0, 0, 0, 0, 2, 0, 0, 4, 0, 0, 16, 4]",down,16
10,28,"[0, 0, 0, 0, 0, 0, 0, 0, 2, 4, 0, 0, 16, 4, 0, 2]",left,16
11,32,"[0, 2, 0, 0, 0, 0, 0, 0, 2, 0, 0, 0, 16, 8, 0, 2]",down,16
12,32,"[0, 0, 0, 0, 0, 0, 0, 0, 2, 2, 2, 0, 16, 8, 0, 2]",down,16
13,32,"[2, 2, 2, 2, 16, 8, 0, 0, 0, 0, 2, 0, 0, 0, 0, 0]",up,16
14,40,"[4, 4, 0, 0, 16, 8, 0, 2, 2, 0, 0, 0, 0, 0, 0, 0]",left,16
15,48,"[0, 0, 2, 8, 0, 16, 8, 2, 0, 0, 0, 2, 0, 0, 0, 0]",right,16
16,48,"[2, 8, 4, 0, 16, 8, 2, 0, 2, 0, 0, 0, 0, 0, 0, 0]",left,16
17,56,"[0, 0, 0, 0, 2, 2, 0, 0, 16, 0, 4, 0, 2, 16, 2, 0]",down,16
18,60,"[0, 0, 0, 0, 0, 2, 0, 4, 0, 0, 16, 4, 0, 2, 16, 2]",right,16
19,104,"[0, 4, 32, 8, 0, 0, 0, 2, 0, 0, 0, 0, 0, 0, 2, 0]",up,32
20,104,"[0, 0, 0, 0, 0, 0, 0, 0, 0, 0, 32, 8, 2, 4, 2, 2]",down,32
21,108,"[0, 0, 0, 0, 0, 0, 0, 0, 0, 0, 32, 8, 2, 2, 4, 4]",right,32
22,120,"[0, 0, 0, 0, 0, 0, 0, 0, 32, 8, 0, 2, 4, 8, 0, 0]",left,32
23,136,"[32, 16, 0, 2, 4, 0, 0, 0, 0, 0, 0, 0, 0, 0, 2, 0]",up,32
24,136,"[32, 16, 2, 2, 4, 0, 0, 0, 0, 0, 2, 0, 0, 0, 0, 0]",up,32
25,140,"[0, 32, 16, 4, 0, 0, 0, 4, 0, 0, 0, 2, 0, 2, 0, 0]",right,32
26,140,"[0, 32, 16, 4, 2, 0, 0, 4, 0, 0, 0, 2, 0, 0, 0, 2]",right,32
27,152,"[2, 32, 16, 8, 0, 0, 0, 4, 0, 0, 0, 2, 0, 0, 0, 0]",up,32
28,152,"[0, 0, 0, 0, 2, 0, 0, 8, 0, 0, 0, 4, 2, 32, 16, 2]",down,32
29,156,"[4, 32, 16, 8, 0, 0, 2, 4, 0, 0, 0, 2, 0, 0, 0, 0]",up,32
30,156,"[4, 32, 16, 8, 2, 4, 2, 0, 2, 0, 0, 0, 0, 0, 0, 0]",left,32
31,160,"[4, 32, 16, 8, 4, 4, 2, 0, 0, 0, 0, 0, 0, 0, 2, 0]",up,32
32,166,"[2, 0, 0, 0, 0, 0, 0, 0, 0, 32, 16, 0, 8, 4, 4, 8]",down,32
33,174,"[2, 0, 0, 0, 0, 2, 0, 0, 32, 16, 0, 0, 8, 8, 8, 0]",left,32
34,190,"[0, 0, 0, 2, 0, 0, 4, 2, 0, 0, 32, 16, 0, 0, 8, 16]",right,32
35,226,"[0, 2, 4, 4, 0, 0, 32, 32, 0, 0, 8, 0, 0, 0, 0, 0]",up,32
36,298,"[0, 0, 2, 8, 0, 0, 0, 64, 2, 0, 0, 8, 0, 0, 0, 0]",right,64
37,298,"[2, 8, 0, 0, 64, 2, 0, 0, 2, 8, 0, 0, 0, 0, 0, 0]",left,64
38,298,"[0, 0, 2, 8, 0, 2, 64, 2, 0, 0, 2, 8, 0, 0, 0, 0]",right,64
39,298,"[0, 2, 2, 8, 0, 0, 64, 2, 0, 0, 2, 8, 2, 0, 0, 0]",up,64
40,302,"[4, 8, 2, 0, 64, 2, 0, 0, 2, 8, 0, 0, 2, 0, 0, 0]",left,64
41,304,"[0, 2, 0, 0, 4, 8, 0, 0, 64, 2, 0, 0, 4, 8, 2, 0]",down,64
42,304,"[0, 0, 4, 2, 0, 0, 4, 8, 0, 0, 64, 2, 0, 4, 8, 2]",right,64
43,310,"[0, 0, 0, 0, 0, 0, 8, 2, 0, 4, 64, 8, 0, 4, 8, 4]",down,64
44,314,"[0, 0, 0, 0, 0, 0, 8, 2, 0, 4, 64, 8, 0, 8, 8, 4]",down,64
45,330,"[2, 0, 0, 0, 8, 2, 0, 0, 4, 64, 8, 0, 16, 4, 0, 0]",left,64
46,330,"[2, 2, 8, 0, 8, 64, 0, 0, 4, 4, 0, 0, 16, 0, 2, 0]",up,64
47,342,"[4, 8, 0, 0, 8, 64, 0, 0, 8, 0, 0, 2, 16, 2, 0, 0]",left,64
48,350,"[0, 0, 0, 0, 4, 8, 0, 0, 16, 64, 0, 0, 16, 2, 2, 2]",down,64
49,366,"[2, 0, 0, 0, 0, 8, 0, 0, 4, 64, 0, 0, 32, 2, 2, 2]",down,64
50,370,"[0, 0, 2, 2, 0, 0, 0, 8, 0, 0, 4, 64, 0, 32, 2, 4]",right,64
51,370,"[0, 32, 2, 2, 2, 0, 4, 8, 0, 0, 2, 64, 0, 0, 0, 4]",up,64
52,374,"[32, 4, 0, 0, 2, 4, 8, 0, 2, 64, 0, 0, 4, 0, 2, 0]",left,64
53,380,"[0, 0, 0, 0, 32, 2, 0, 0, 4, 8, 8, 0, 4, 64, 2, 0]",down,64
54,396,"[0, 0, 2, 0, 32, 2, 0, 0, 4, 16, 0, 0, 4, 64, 2, 0]",left,64
55,402,"[0, 0, 0, 0, 0, 2, 0, 0, 32, 16, 2, 0, 8, 64, 4, 0]",down,64
56,402,"[0, 2, 0, 0, 0, 0, 0, 2, 0, 32, 16, 2, 0, 8, 64, 4]",right,64
57,404,"[0, 2, 0, 0, 0, 2, 0, 0, 0, 32, 16, 4, 0, 8, 64, 4]",down,64
58,410,"[0, 0, 0, 0, 0, 4, 2, 0, 0, 32, 16, 0, 0, 8, 64, 8]",down,64
59,410,"[4, 0, 0, 0, 0, 0, 4, 2, 0, 0, 32, 16, 0, 8, 64, 8]",right,64
60,410,"[4, 0, 0, 0, 4, 2, 0, 0, 32, 16, 0, 2, 8, 64, 8, 0]",left,64
61,414,"[0, 0, 0, 0, 8, 2, 2, 0, 32, 16, 0, 0, 8, 64, 8, 2]",down,64
62,418,"[0, 0, 0, 2, 0, 0, 8, 4, 0, 0, 32, 16, 8, 64, 8, 2]",right,64
63,418,"[2, 2, 0, 0, 8, 4, 0, 0, 32, 16, 0, 0, 8, 64, 8, 2]",left,64
64,422,"[0, 0, 0, 4, 2, 0, 8, 4, 0, 0, 32, 16, 8, 64, 8, 2]",right,64
65,430,"[2, 64, 8, 8, 8, 0, 32, 16, 2, 0, 8, 2, 0, 0, 0, 0]",up,64
66,446,"[0, 2, 64, 16, 0, 8, 32, 16, 0, 2, 8, 2, 0, 2, 0, 0]",right,64
67,464,"[0, 0, 0, 0, 2, 2, 64, 0, 0, 8, 32, 32, 0, 4, 8, 2]",down,64
68,532,"[0, 0, 0, 0, 0, 0, 4, 64, 2, 0, 8, 64, 0, 4, 8, 2]",right,64
69,676,"[2, 4, 4, 128, 0, 0, 16, 2, 0, 0, 0, 0, 0, 2, 0, 0]",up,128
70,676,"[0, 0, 0, 0, 0, 0, 0, 2, 0, 4, 4, 128, 2, 2, 16, 2]",down,128
71,688,"[0, 0, 2, 0, 0, 0, 0, 2, 0, 0, 8, 128, 0, 4, 16, 2]",right,128
72,688,"[2, 0, 0, 0, 0, 0, 2, 2, 0, 0, 8, 128, 0, 4, 16, 2]",down,128
73,692,"[0, 0, 0, 2, 2, 0, 0, 4, 0, 0, 8, 128, 0, 4, 16, 2]",right,128
74,692,"[2, 0, 0, 2, 2, 4, 0, 0, 8, 128, 0, 0, 4, 16, 2, 0]",left,128
75,694,"[0, 0, 0, 0, 4, 4, 4, 0, 8, 128, 0, 0, 4, 16, 2, 2]",down,128
76,706,"[0, 0, 0, 0, 8, 4, 0, 0, 8, 128, 2, 0, 4, 16, 4, 0]",left,128
77,714,"[0, 0, 0, 0, 0, 4, 0, 2, 16, 128, 2, 0, 4, 16, 4, 0]",down,128
78,714,"[0, 0, 2, 0, 0, 0, 4, 2, 0, 16, 128, 2, 0, 4, 16, 4]",right,128
79,716,"[0, 0, 2, 0, 0, 0, 4, 2, 0, 16, 128, 4, 0, 4, 16, 4]",down,128
80,724,"[0, 16, 2, 2, 0, 4, 4, 8, 2, 0, 128, 0, 0, 0, 16, 0]",up,128
81,736,"[16, 4, 0, 0, 8, 8, 0, 0, 2, 128, 0, 2, 16, 0, 0, 0]",left,128
82,752,"[16, 4, 0, 0, 16, 0, 0, 0, 2, 128, 2, 2, 16, 0, 0, 0]",left,128
83,768,"[0, 0, 0, 0, 32, 0, 0, 0, 2, 4, 2, 0, 16, 128, 2, 2]",down,128
84,772,"[32, 4, 4, 2, 2, 128, 0, 0, 16, 0, 0, 2, 0, 0, 0, 0]",up,128
85,774,"[2, 0, 0, 0, 32, 0, 0, 0, 2, 4, 0, 0, 16, 128, 4, 4]",down,128
86,782,"[2, 0, 0, 2, 0, 0, 0, 32, 0, 0, 2, 4, 0, 16, 128, 8]",right,128
87,786,"[0, 0, 2, 4, 0, 0, 0, 32, 0, 0, 2, 4, 0, 16, 128, 8]",right,128
88,790,"[0, 16, 4, 4, 0, 0, 128, 32, 2, 0, 0, 4, 0, 0, 0, 8]",up,128
89,790,"[0, 0, 0, 4, 0, 0, 2, 32, 0, 0, 4, 4, 2, 16, 128, 8]",down,128
90,798,"[0, 0, 0, 4, 0, 0, 2, 32, 0, 2, 0, 8, 2, 16, 128, 8]",right,128
91,806,"[2, 0, 0, 0, 0, 0, 0, 4, 0, 2, 2, 32, 2, 16, 128, 16]",down,128
92,810,"[2, 0, 0, 2, 4, 0, 0, 0, 4, 32, 0, 0, 2, 16, 128, 16]",left,128
93,814,"[0, 0, 0, 4, 0, 0, 0, 4, 2, 0, 4, 32, 2, 16, 128, 16]",right,128
94,820,"[0, 0, 0, 0, 0, 0, 0, 8, 0, 2, 4, 32, 4, 16, 128, 16]",down,128
95,820,"[4, 2, 4, 8, 0, 16, 128, 32, 0, 0, 0, 16, 0, 0, 2, 0]",up,128
96,820,"[4, 2, 4, 8, 16, 128, 32, 0, 16, 0, 0, 2, 2, 0, 0, 0]",left,128
97,836,"[0, 0, 0, 0, 4, 0, 0, 2, 32, 2, 4, 8, 2, 128, 32, 2]",down,128
98,836,"[0, 0, 2, 0, 0, 0, 4, 2, 32, 2, 4, 8, 2, 128, 32, 2]",right,128
99,840,"[0, 2, 0, 0, 0, 0, 2, 2, 32, 2, 8, 8, 2, 128, 32, 2]",down,128
100,860,"[2, 0, 2, 0, 4, 0, 0, 0, 32, 2, 16, 0, 2, 128, 32, 2]",left,128
101,860,"[2, 2, 2, 2, 4, 128, 16, 0, 32, 2, 32, 0, 2, 0, 0, 0]",up,128
102,868,"[0, 0, 4, 4, 0, 4, 128, 16, 2, 32, 2, 32, 0, 0, 0, 2]",right,128
103,868,"[2, 4, 4, 4, 0, 32, 128, 16, 2, 0, 2, 32, 0, 0, 0, 2]",up,128
104,872,"[4, 4, 4, 4, 2, 32, 128, 16, 0, 0, 2, 32, 0, 0, 0, 2]",up,128
105,888,"[8, 8, 0, 2, 2, 32, 128, 16, 2, 32, 0, 0, 2, 0, 0, 0]",left,128
106,956,"[8, 8, 128, 2, 4, 64, 2, 16, 2, 0, 0, 0, 0, 0, 0, 0]",up,128
107,972,"[16, 128, 2, 0, 4, 64, 2, 16, 2, 0, 0, 0, 0, 0, 0, 2]",left,128
108,972,"[16, 128, 2, 0, 4, 64, 2, 16, 2, 2, 0, 0, 2, 0, 0, 0]",left,128
109,976,"[4, 0, 0, 0, 16, 128, 0, 0, 4, 64, 0, 0, 4, 2, 4, 16]",down,128
110,984,"[4, 128, 4, 16, 16, 64, 0, 0, 8, 2, 0, 2, 0, 0, 0, 0]",up,128
111,988,"[4, 128, 4, 16, 16, 64, 0, 0, 8, 4, 0, 0, 0, 0, 0, 2]",left,128
112,988,"[0, 0, 0, 0, 4, 128, 2, 0, 16, 64, 0, 16, 8, 4, 4, 2]",down,128
113,996,"[0, 0, 0, 2, 4, 128, 2, 0, 16, 64, 16, 0, 8, 8, 2, 0]",left,128
114,1012,"[2, 2, 0, 0, 4, 128, 2, 0, 16, 64, 16, 0, 16, 2, 0, 0]",left,128
115,1016,"[4, 0, 0, 0, 4, 128, 2, 0, 16, 64, 16, 0, 16, 2, 0, 2]",left,128
116,1056,"[8, 128, 2, 2, 32, 64, 16, 2, 0, 2, 0, 0, 0, 0, 0, 0]",up,128
117,1058,"[0, 0, 0, 0, 0, 128, 0, 0, 8, 64, 2, 2, 32, 2, 16, 4]",down,128
118,1062,"[2, 0, 0, 0, 0, 0, 0, 128, 0, 8, 64, 4, 32, 2, 16, 4]",right,128
119,1070,"[2, 8, 64, 128, 32, 2, 16, 8, 0, 0, 0, 0, 2, 0, 0, 0]",up,128
120,1070,"[0, 2, 0, 0, 2, 0, 0, 0, 32, 8, 64, 128, 2, 2, 16, 8]",down,128
121,1074,"[0, 0, 0, 2, 0, 0, 2, 2, 32, 8, 64, 128, 0, 4, 16, 8]",right,128
122,1078,"[0, 0, 0, 2, 0, 0, 2, 4, 32, 8, 64, 128, 0, 4, 16, 8]",right,128
123,1078,"[2, 2, 0, 0, 2, 4, 0, 0, 32, 8, 64, 128, 4, 16, 8, 0]",left,128
124,1080,"[0, 2, 0, 2, 4, 4, 0, 0, 32, 8, 64, 0, 4, 16, 8, 128]",down,128
125,1092,"[0, 0, 0, 4, 4, 0, 0, 8, 0, 32, 8, 64, 4, 16, 8, 128]",right,128
126,1092,"[4, 0, 0, 2, 4, 8, 0, 0, 32, 8, 64, 0, 4, 16, 8, 128]",left,128
127,1104,"[0, 0, 0, 2, 8, 0, 0, 0, 32, 16, 64, 2, 4, 16, 8, 128]",down,128
128,1140,"[8, 32, 64, 4, 32, 0, 8, 128, 4, 0, 0, 0, 2, 0, 0, 0]",up,128
129,1140,"[8, 32, 64, 4, 0, 32, 8, 128, 0, 0, 0, 4, 0, 2, 0, 2]",right,128
130,1204,"[8, 64, 64, 4, 2, 2, 8, 128, 0, 0, 0, 4, 0, 0, 0, 2]",up,128
131,1336,"[8, 128, 4, 0, 4, 8, 128, 0, 4, 0, 0, 0, 2, 0, 0, 2]",left,128
132,1340,"[0, 0, 0, 0, 8, 0, 0, 4, 8, 128, 4, 0, 2, 8, 128, 2]",down,128
133,1340,"[0, 2, 0, 0, 0, 0, 8, 4, 0, 8, 128, 4, 2, 8, 128, 2]",right,128
134,1620,"[2, 2, 8, 8, 0, 16, 256, 2, 0, 0, 0, 0, 0, 2, 0, 0]",up,256
135,1640,"[0, 0, 4, 16, 0, 16, 256, 2, 0, 0, 0, 0, 0, 0, 2, 2]",right,256
136,1644,"[4, 16, 0, 0, 16, 256, 2, 2, 0, 0, 0, 0, 4, 0, 0, 0]",left,256
137,1644,"[0, 0, 0, 0, 4, 0, 2, 0, 16, 16, 0, 0, 4, 256, 2, 2]",down,256
138,1680,"[2, 0, 0, 0, 0, 0, 4, 2, 0, 0, 0, 32, 0, 4, 256, 4]",right,256
139,1680,"[2, 4, 4, 2, 2, 0, 256, 32, 0, 0, 0, 4, 0, 0, 0, 0]",up,256
140,1688,"[2, 8, 2, 0, 2, 256, 32, 0, 4, 0, 0, 0, 0, 0, 2, 0]",left,256
141,1690,"[0, 0, 0, 0, 0, 0, 2, 0, 4, 8, 32, 0, 4, 256, 2, 2]",down,256
142,1698,"[8, 8, 2, 2, 2, 256, 32, 0, 0, 0, 2, 0, 0, 0, 0, 0]",up,256
143,1718,"[16, 4, 0, 0, 2, 256, 32, 2, 2, 0, 0, 0, 0, 0, 0, 0]",left,256
144,1722,"[16, 4, 32, 2, 4, 256, 0, 0, 0, 0, 0, 0, 0, 0, 2, 0]",up,256
145,1722,"[16, 4, 32, 2, 0, 0, 4, 256, 0, 0, 0, 2, 0, 0, 0, 2]",right,256
146,1724,"[0, 0, 0, 0, 0, 0, 2, 2, 0, 0, 32, 256, 16, 4, 4, 4]",down,256
147,1736,"[0, 0, 0, 2, 4, 0, 0, 0, 32, 256, 0, 0, 16, 8, 4, 0]",left,256
148,1736,"[2, 0, 0, 2, 4, 0, 0, 0, 32, 256, 0, 0, 16, 8, 4, 0]",left,256
149,1740,"[4, 0, 0, 0, 4, 0, 0, 0, 32, 256, 2, 0, 16, 8, 4, 0]",left,256
150,1748,"[8, 256, 2, 0, 32, 8, 4, 2, 16, 0, 0, 0, 0, 0, 0, 0]",up,256
151,1748,"[2, 8, 256, 2, 32, 8, 4, 2, 0, 0, 0, 16, 0, 0, 0, 0]",right,256
152,1758,"[0, 0, 0, 0, 0, 2, 0, 0, 2, 0, 256, 4, 32, 16, 4, 16]",down,256
153,1758,"[0, 0, 2, 0, 2, 0, 0, 0, 2, 256, 4, 0, 32, 16, 4, 16]",left,256
154,1758,"[0, 0, 0, 2, 0, 0, 0, 2, 2, 2, 256, 4, 32, 16, 4, 16]",right,256
155,1762,"[2, 0, 0, 0, 2, 0, 0, 2, 4, 256, 4, 0, 32, 16, 4, 16]",left,256
156,1774,"[4, 256, 8, 2, 4, 16, 0, 16, 32, 0, 0, 0, 0, 2, 0, 0]",up,256
157,1806,"[4, 256, 8, 2, 0, 0, 4, 32, 0, 2, 0, 32, 0, 0, 0, 2]",right,256
158,1806,"[4, 256, 8, 2, 4, 32, 0, 0, 2, 32, 0, 0, 2, 0, 2, 0]",left,256
159,1810,"[4, 256, 8, 2, 4, 32, 0, 0, 2, 32, 0, 2, 4, 0, 0, 0]",left,256
160,1886,"[8, 256, 8, 4, 2, 64, 2, 0, 4, 0, 0, 0, 0, 0, 0, 0]",up,256
161,1886,"[8, 256, 8, 4, 0, 2, 64, 2, 2, 0, 0, 4, 0, 0, 0, 0]",right,256
162,1886,"[8, 256, 8, 4, 2, 64, 2, 0, 2, 4, 0, 0, 0, 0, 2, 0]",left,256
163,1890,"[0, 0, 0, 0, 0, 256, 2, 0, 8, 64, 8, 0, 4, 4, 4, 4]",down,256
164,1906,"[2, 0, 0, 0, 256, 2, 0, 0, 8, 64, 8, 0, 8, 8, 0, 0]",left,256
165,1914,"[0, 0, 4, 0, 2, 2, 0, 0, 256, 64, 0, 0, 16, 8, 8, 0]",down,256
166,1934,"[4, 0, 0, 0, 4, 0, 0, 0, 256, 64, 0, 0, 16, 16, 0, 2]",left,256
167,1938,"[0, 0, 0, 0, 8, 0, 2, 0, 256, 64, 0, 0, 16, 16, 0, 2]",down,256
168,1938,"[2, 0, 0, 0, 8, 0, 0, 0, 256, 64, 0, 0, 16, 16, 2, 2]",down,256
169,1974,"[2, 0, 0, 0, 8, 0, 0, 0, 256, 64, 0, 0, 32, 4, 2, 0]",left,256
170,1974,"[2, 64, 2, 0, 8, 4, 0, 4, 256, 0, 0, 0, 32, 0, 0, 0]",up,256
171,1982,"[0, 2, 64, 2, 0, 0, 8, 8, 0, 2, 0, 256, 0, 0, 0, 32]",right,256
172,1986,"[0, 4, 64, 2, 0, 0, 8, 8, 0, 0, 0, 256, 0, 0, 2, 32]",up,256
173,2002,"[4, 64, 2, 0, 16, 0, 0, 0, 256, 0, 0, 0, 2, 32, 2, 0]",left,256
174,2004,"[4, 0, 0, 4, 16, 0, 0, 0, 256, 64, 0, 0, 2, 32, 4, 0]",down,256
175,2004,"[4, 0, 0, 0, 16, 2, 0, 0, 256, 64, 0, 0, 2, 32, 4, 4]",down,256
176,2012,"[4, 0, 0, 0, 16, 2, 0, 0, 256, 64, 2, 0, 2, 32, 8, 0]",left,256
177,2012,"[4, 2, 2, 2, 16, 64, 8, 0, 256, 32, 0, 0, 2, 0, 0, 0]",up,256
178,2016,"[4, 4, 2, 0, 16, 64, 8, 0, 256, 32, 0, 0, 2, 0, 2, 0]",left,256
179,2028,"[8, 2, 0, 0, 16, 64, 8, 0, 256, 32, 0, 0, 4, 2, 0, 0]",left,256
180,2028,"[8, 2, 8, 2, 16, 64, 0, 0, 256, 32, 0, 0, 4, 2, 0, 0]",up,256
181,2028,"[8, 2, 2, 0, 16, 64, 0, 0, 256, 32, 0, 0, 4, 2, 8, 2]",down,256
182,2032,"[2, 0, 8, 4, 0, 0, 16, 64, 0, 0, 256, 32, 4, 2, 8, 2]",right,256
183,2032,"[2, 2, 8, 4, 4, 0, 16, 64, 2, 0, 256, 32, 0, 0, 8, 2]",up,256
184,2036,"[0, 4, 8, 4, 2, 4, 16, 64, 0, 2, 256, 32, 0, 0, 8, 2]",right,256
185,2044,"[2, 8, 8, 4, 2, 2, 16, 64, 0, 0, 256, 32, 0, 0, 8, 2]",up,256
186,2064,"[2, 16, 4, 0, 4, 16, 64, 0, 256, 32, 0, 0, 8, 2, 0, 2]",left,256
187,2096,"[2, 32, 4, 2, 4, 32, 64, 2, 256, 2, 0, 0, 8, 0, 0, 0]",up,256
188,2164,"[2, 64, 4, 4, 4, 2, 64, 0, 256, 0, 0, 0, 8, 2, 0, 0]",up,256
189,2168,"[2, 64, 4, 4, 4, 4, 64, 0, 256, 0, 0, 0, 8, 0, 0, 2]",up,256
190,2184,"[2, 64, 8, 0, 8, 64, 0, 0, 256, 0, 0, 0, 8, 2, 0, 2]",left,256
191,2188,"[2, 64, 8, 0, 8, 64, 0, 0, 256, 0, 0, 0, 8, 4, 0, 2]",left,256
192,2316,"[2, 128, 8, 2, 8, 4, 0, 0, 256, 0, 0, 0, 8, 0, 0, 2]",up,256
193,2316,"[2, 128, 8, 2, 0, 0, 8, 4, 0, 2, 0, 256, 0, 0, 8, 2]",right,256
194,2324,"[0, 0, 0, 2, 2, 0, 0, 4, 0, 128, 8, 256, 2, 2, 16, 2]",down,256
195,2328,"[2, 0, 0, 0, 2, 4, 0, 0, 128, 8, 256, 0, 4, 16, 2, 2]",left,256
196,2330,"[0, 0, 0, 0, 4, 4, 2, 0, 128, 8, 256, 0, 4, 16, 2, 2]",down,256
197,2342,"[0, 0, 0, 0, 2, 0, 8, 2, 0, 128, 8, 256, 0, 4, 16, 4]",right,256
198,2350,"[0, 0, 0, 0, 0, 0, 0, 2, 2, 128, 16, 256, 2, 4, 16, 4]",down,256
199,2368,"[0, 4, 0, 0, 0, 0, 0, 2, 0, 128, 0, 256, 4, 4, 32, 4]",down,256
200,2368,"[4, 4, 32, 2, 0, 128, 2, 256, 0, 4, 0, 4, 0, 0, 0, 0]",up,256
201,2384,"[8, 32, 2, 0, 128, 2, 256, 0, 8, 0, 0, 0, 0, 2, 0, 0]",left,256
202,2388,"[8, 32, 2, 2, 128, 4, 256, 0, 8, 0, 0, 0, 0, 0, 0, 0]",up,256
203,2392,"[8, 32, 4, 0, 128, 4, 256, 0, 8, 0, 0, 0, 0, 0, 0, 2]",left,256
204,2392,"[8, 32, 4, 2, 128, 4, 256, 0, 8, 2, 0, 0, 0, 0, 0, 0]",up,256
205,2392,"[8, 32, 4, 2, 0, 128, 4, 256, 0, 2, 8, 2, 0, 0, 0, 0]",right,256
206,2400,"[8, 32, 8, 2, 0, 128, 8, 256, 2, 2, 0, 2, 0, 0, 0, 0]",up,256
207,2404,"[8, 32, 8, 2, 0, 128, 8, 256, 0, 0, 2, 4, 0, 0, 4, 0]",right,256
208,2404,"[8, 32, 8, 2, 0, 128, 8, 256, 0, 0, 2, 4, 2, 0, 0, 4]",right,256
209,2404,"[8, 32, 8, 2, 0, 128, 8, 256, 0, 0, 2, 4, 2, 0, 2, 4]",right,256
210,2418,"[0, 0, 2, 0, 0, 0, 0, 2, 8, 32, 16, 256, 2, 128, 4, 8]",down,256
211,2418,"[0, 0, 0, 2, 0, 0, 2, 2, 8, 32, 16, 256, 2, 128, 4, 8]",down,256
212,2422,"[2, 2, 0, 0, 4, 0, 0, 0, 8, 32, 16, 256, 2, 128, 4, 8]",left,256
213,2426,"[4, 0, 0, 2, 4, 0, 0, 0, 8, 32, 16, 256, 2, 128, 4, 8]",left,256
214,2430,"[2, 0, 0, 0, 8, 0, 0, 2, 8, 32, 16, 256, 2, 128, 4, 8]",down,256
215,2438,"[0, 0, 0, 0, 2, 2, 0, 2, 16, 32, 16, 256, 2, 128, 4, 8]",down,256
216,2442,"[0, 0, 0, 0, 2, 0, 2, 4, 16, 32, 16, 256, 2, 128, 4, 8]",right,256
217,2446,"[0, 0, 0, 0, 4, 4, 0, 2, 16, 32, 16, 256, 2, 128, 4, 8]",left,256
218,2454,"[0, 0, 0, 0, 8, 2, 2, 0, 16, 32, 16, 256, 2, 128, 4, 8]",left,256
219,2454,"[8, 2, 2, 256, 16, 32, 16, 8, 2, 128, 4, 0, 0, 0, 2, 0]",up,256
220,2458,"[8, 4, 256, 0, 16, 32, 16, 8, 2, 128, 4, 0, 2, 0, 2, 0]",left,256
221,2462,"[0, 8, 4, 256, 16, 32, 16, 8, 0, 2, 128, 4, 0, 2, 0, 4]",right,256
222,2474,"[16, 8, 4, 256, 0, 32, 16, 8, 0, 4, 128, 8, 2, 0, 0, 0]",up,256
223,2490,"[16, 8, 4, 256, 2, 32, 16, 16, 0, 4, 128, 0, 0, 2, 0, 0]",up,256
224,2522,"[16, 8, 4, 256, 0, 2, 32, 32, 0, 0, 4, 128, 0, 0, 2, 2]",right,256
225,2590,"[16, 8, 4, 256, 2, 64, 0, 0, 4, 128, 0, 0, 4, 4, 0, 0]",left,256
226,2594,"[0, 8, 0, 0, 16, 64, 0, 0, 2, 128, 0, 4, 8, 4, 4, 256]",down,256
227,2602,"[0, 0, 0, 8, 0, 0, 16, 64, 0, 2, 128, 4, 2, 8, 8, 256]",right,256
228,2618,"[8, 2, 0, 0, 16, 64, 0, 0, 2, 128, 4, 0, 2, 16, 256, 0]",left,256
229,2620,"[2, 2, 0, 0, 8, 64, 0, 0, 16, 128, 4, 0, 4, 16, 256, 0]",down,256
230,2624,"[4, 0, 4, 0, 8, 64, 0, 0, 16, 128, 4, 0, 4, 16, 256, 0]",left,256
231,2632,"[8, 2, 0, 0, 8, 64, 0, 0, 16, 128, 4, 0, 4, 16, 256, 0]",left,256
232,2640,"[0, 2, 0, 0, 16, 64, 0, 2, 16, 128, 4, 0, 4, 16, 256, 0]",down,256
233,2640,"[0, 0, 4, 2, 0, 16, 64, 2, 0, 16, 128, 4, 0, 4, 16, 256]",right,256
234,2676,"[0, 32, 4, 4, 0, 4, 64, 4, 0, 0, 128, 256, 0, 0, 16, 2]",up,256
235,2684,"[0, 0, 32, 8, 0, 4, 64, 4, 0, 0, 128, 256, 0, 2, 16, 2]",right,256
236,2684,"[32, 8, 2, 0, 4, 64, 4, 0, 128, 256, 0, 0, 2, 16, 2, 0]",left,256
237,2684,"[32, 8, 0, 0, 4, 64, 2, 0, 128, 256, 4, 2, 2, 16, 2, 0]",down,256
238,2684,"[32, 8, 0, 0, 4, 64, 2, 0, 128, 256, 4, 2, 2, 16, 2, 2]",down,256
239,2686,"[32, 8, 0, 0, 4, 64, 2, 0, 128, 256, 4, 4, 2, 16, 2, 4]",down,256
240,2690,"[32, 8, 0, 2, 4, 64, 2, 0, 128, 256, 4, 0, 2, 16, 2, 8]",down,256
1,0,"[0, 0, 0, 0, 0, 0, 0, 0, 0, 2, 0, 0, 4, 0, 0, 0]",down,4
2,0,"[0, 0, 0, 0, 0, 0, 0, 0, 0, 0, 0, 2, 2, 0, 0, 4]",right,4
3,0,"[0, 2, 0, 0, 0, 0, 0, 0, 2, 0, 0, 0, 2, 4, 0, 0]",left,4
4,2,"[0, 0, 0, 0, 0, 0, 0, 0, 2, 2, 0, 0, 4, 4, 0, 0]",down,4
5,14,"[0, 0, 0, 0, 4, 0, 0, 0, 4, 0, 0, 0, 8, 0, 0, 0]",left,8
6,18,"[0, 0, 0, 0, 0, 0, 4, 0, 8, 0, 0, 0, 8, 0, 0, 0]",down,8
7,26,"[0, 0, 0, 0, 0, 0, 0, 0, 0, 0, 0, 2, 16, 0, 4, 0]",down,16
8,26,"[0, 0, 0, 2, 0, 0, 0, 0, 0, 0, 0, 2, 0, 0, 16, 4]",right,16
9,28,"[0, 0, 0, 0, 0, 0, 0, 0, 2, 0, 0, 4, 0, 0, 16, 4]",down,16
10,28,"[0, 0, 0, 0, 0, 0, 0, 0, 2, 4, 0, 0, 16, 4, 0, 2]",left,16
11,32,"[0, 2, 0, 0, 0, 0, 0, 0, 2, 0, 0, 0, 16, 8, 0, 2]",down,16
12,32,"[0, 0, 0, 0, 0, 0, 0, 0, 2, 2, 2, 0, 16, 8, 0, 2]",down,16
13,32,"[2, 2, 2, 2, 16, 8, 0, 0, 0, 0, 2, 0, 0, 0, 0, 0]",up,16
14,40,"[4, 4, 0, 0, 16, 8, 0, 2, 2, 0, 0, 0, 0, 0, 0, 0]",left,16
15,48,"[0, 0, 2, 8, 0, 16, 8, 2, 0, 0, 0, 2, 0, 0, 0, 0]",right,16
16,48,"[2, 8, 4, 0, 16, 8, 2, 0, 2, 0, 0, 0, 0, 0, 0, 0]",left,16
17,56,"[0, 0, 0, 0, 2, 2, 0, 0, 16, 0, 4, 0, 2, 16, 2, 0]",down,16
18,60,"[0, 0, 0, 0, 0, 2, 0, 4, 0, 0, 16, 4, 0, 2, 16, 2]",right,16
19,104,"[0, 4, 32, 8, 0, 0, 0, 2, 0, 0, 0, 0, 0, 0, 2, 0]",up,32
20,104,"[0, 0, 0, 0, 0, 0, 0, 0, 0, 0, 32, 8, 2, 4, 2, 2]",down,32
21,108,"[0, 0, 0, 0, 0, 0, 0, 0, 0, 0, 32, 8, 2, 2, 4, 4]",right,32
22,120,"[0, 0, 0, 0, 0, 0, 0, 0, 32, 8, 0, 2, 4, 8, 0, 0]",left,32
23,136,"[32, 16, 0, 2, 4, 0, 0, 0, 0, 0, 0, 0, 0, 0, 2, 0]",up,32
24,136,"[32, 16, 2, 2, 4, 0, 0, 0, 0, 0, 2, 0, 0, 0, 0, 0]",up,32
25,140,"[0, 32, 16, 4, 0, 0, 0, 4, 0, 0, 0, 2, 0, 2, 0, 0]",right,32
26,140,"[0, 32, 16, 4, 2, 0, 0, 4, 0, 0, 0, 2, 0, 0, 0, 2]",right,32
27,152,"[2, 32, 16, 8, 0, 0, 0, 4, 0, 0, 0, 2, 0, 0, 0, 0]",up,32
28,152,"[0, 0, 0, 0, 2, 0, 0, 8, 0, 0, 0, 4, 2, 32, 16, 2]",down,32
29,156,"[4, 32, 16, 8, 0, 0, 2, 4, 0, 0, 0, 2, 0, 0, 0, 0]",up,32
30,156,"[4, 32, 16, 8, 2, 4, 2, 0, 2, 0, 0, 0, 0, 0, 0, 0]",left,32
31,160,"[4, 32, 16, 8, 4, 4, 2, 0, 0, 0, 0, 0, 0, 0, 2, 0]",up,32
32,166,"[2, 0, 0, 0, 0, 0, 0, 0, 0, 32, 16, 0, 8, 4, 4, 8]",down,32
33,174,"[2, 0, 0, 0, 0, 2, 0, 0, 32, 16, 0, 0, 8, 8, 8, 0]",left,32
34,190,"[0, 0, 0, 2, 0, 0, 4, 2, 0, 0, 32, 16, 0, 0, 8, 16]",right,32
35,226,"[0, 2, 4, 4, 0, 0, 32, 32, 0, 0, 8, 0, 0, 0, 0, 0]",up,32
36,298,"[0, 0, 2, 8, 0, 0, 0, 64, 2, 0, 0, 8, 0, 0, 0, 0]",right,64
37,298,"[2, 8, 0, 0, 64, 2, 0, 0, 2, 8, 0, 0, 0, 0, 0, 0]",left,64
38,298,"[0, 0, 2, 8, 0, 2, 64, 2, 0, 0, 2, 8, 0, 0, 0, 0]",right,64
39,298,"[0, 2, 2, 8, 0, 0, 64, 2, 0, 0, 2, 8, 2, 0, 0, 0]",up,64
40,302,"[4, 8, 2, 0, 64, 2, 0, 0, 2, 8, 0, 0, 2, 0, 0, 0]",left,64
41,304,"[0, 2, 0, 0, 4, 8, 0, 0, 64, 2, 0, 0, 4, 8, 2, 0]",down,64
42,304,"[0, 0, 4, 2, 0, 0, 4, 8, 0, 0, 64, 2, 0, 4, 8, 2]",right,64
43,310,"[0, 0, 0, 0, 0, 0, 8, 2, 0, 4, 64, 8, 0, 4, 8, 4]",down,64
44,314,"[0, 0, 0, 0, 0, 0, 8, 2, 0, 4, 64, 8, 0, 8, 8, 4]",down,64
45,330,"[2, 0, 0, 0, 8, 2, 0, 0, 4, 64, 8, 0, 16, 4, 0, 0]",left,64
46,330,"[2, 2, 8, 0, 8, 64, 0, 0, 4, 4, 0, 0, 16, 0, 2, 0]",up,64
47,342,"[4, 8, 0, 0, 8, 64, 0, 0, 8, 0, 0, 2, 16, 2, 0, 0]",left,64
48,350,"[0, 0, 0, 0, 4, 8, 0, 0, 16, 64, 0, 0, 16, 2, 2, 2]",down,64
49,366,"[2, 0, 0, 0, 0, 8, 0, 0, 4, 64, 0, 0, 32, 2, 2, 2]",down,64
50,370,"[0, 0, 2, 2, 0, 0, 0, 8, 0, 0, 4, 64, 0, 32, 2, 4]",right,64
51,370,"[0, 32, 2, 2, 2, 0, 4, 8, 0, 0, 2, 64, 0, 0, 0, 4]",up,64
52,374,"[32, 4, 0, 0, 2, 4, 8, 0, 2, 64, 0, 0, 4, 0, 2, 0]",left,64
53,380,"[0, 0, 0, 0, 32, 2, 0, 0, 4, 8, 8, 0, 4, 64, 2, 0]",down,64
54,396,"[0, 0, 2, 0, 32, 2, 0, 0, 4, 16, 0, 0, 4, 64, 2, 0]",left,64
55,402,"[0, 0, 0, 0, 0, 2, 0, 0, 32, 16, 2, 0, 8, 64, 4, 0]",down,64
56,402,"[0, 2, 0, 0, 0, 0, 0, 2, 0, 32, 16, 2, 0, 8, 64, 4]",right,64
57,404,"[0, 2, 0, 0, 0, 2, 0, 0, 0, 32, 16, 4, 0, 8, 64, 4]",down,64
58,410,"[0, 0, 0, 0, 0, 4, 2, 0, 0, 32, 16, 0, 0, 8, 64, 8]",down,64
59,410,"[4, 0, 0, 0, 0, 0, 4, 2, 0, 0, 32, 16, 0, 8, 64, 8]",right,64
60,410,"[4, 0, 0, 0, 4, 2, 0, 0, 32, 16, 0, 2, 8, 64, 8, 0]",left,64
61,414,"[0, 0, 0, 0, 8, 2, 2, 0, 32, 16, 0, 0, 8, 64, 8, 2]",down,64
62,418,"[0, 0, 0, 2, 0, 0, 8, 4, 0, 0, 32, 16, 8, 64, 8, 2]",right,64
63,418,"[2, 2, 0, 0, 8, 4, 0, 0, 32, 16, 0, 0, 8, 64, 8, 2]",left,64
64,422,"[0, 0, 0, 4, 2, 0, 8, 4, 0, 0, 32, 16, 8, 64, 8, 2]",right,64
65,430,"[2, 64, 8, 8, 8, 0, 32, 16, 2, 0, 8, 2, 0, 0, 0, 0]",up,64
66,446,"[0, 2, 64, 16, 0, 8, 32, 16, 0, 2, 8, 2, 0, 2, 0, 0]",right,64
67,464,"[0, 0, 0, 0, 2, 2, 64, 0, 0, 8, 32, 32, 0, 4, 8, 2]",down,64
68,532,"[0, 0, 0, 0, 0, 0, 4, 64, 2, 0, 8, 64, 0, 4, 8, 2]",right,64
69,676,"[2, 4, 4, 128, 0, 0, 16, 2, 0, 0, 0, 0, 0, 2, 0, 0]",up,128
70,676,"[0, 0, 0, 0, 0, 0, 0, 2, 0, 4, 4, 128, 2, 2, 16, 2]",down,128
71,688,"[0, 0, 2, 0, 0, 0, 0, 2, 0, 0, 8, 128, 0, 4, 16, 2]",right,128
72,688,"[2, 0, 0, 0, 0, 0, 2, 2, 0, 0, 8, 128, 0, 4, 16, 2]",down,128
73,692,"[0, 0, 0, 2, 2, 0, 0, 4, 0, 0, 8, 128, 0, 4, 16, 2]",right,128
74,692,"[2, 0, 0, 2, 2, 4, 0, 0, 8, 128, 0, 0, 4, 16, 2, 0]",left,128
75,694,"[0, 0, 0, 0, 4, 4, 4, 0, 8, 128, 0, 0, 4, 16, 2, 2]",down,128
76,706,"[0, 0, 0, 0, 8, 4, 0, 0, 8, 128, 2, 0, 4, 16, 4, 0]",left,128
77,714,"[0, 0, 0, 0, 0, 4, 0, 2, 16, 128, 2, 0, 4, 16, 4, 0]",down,128
78,714,"[0, 0, 2, 0, 0, 0, 4, 2, 0, 16, 128, 2, 0, 4, 16, 4]",right,128
79,716,"[0, 0, 2, 0, 0, 0, 4, 2, 0, 16, 128, 4, 0, 4, 16, 4]",down,128
80,724,"[0, 16, 2, 2, 0, 4, 4, 8, 2, 0, 128, 0, 0, 0, 16, 0]",up,128
81,736,"[16, 4, 0, 0, 8, 8, 0, 0, 2, 128, 0, 2, 16, 0, 0, 0]",left,128
82,752,"[16, 4, 0, 0, 16, 0, 0, 0, 2, 128, 2, 2, 16, 0, 0, 0]",left,128
83,768,"[0, 0, 0, 0, 32, 0, 0, 0, 2, 4, 2, 0, 16, 128, 2, 2]",down,128
84,772,"[32, 4, 4, 2, 2, 128, 0, 0, 16, 0, 0, 2, 0, 0, 0, 0]",up,128
85,774,"[2, 0, 0, 0, 32, 0, 0, 0, 2, 4, 0, 0, 16, 128, 4, 4]",down,128
86,782,"[2, 0, 0, 2, 0, 0, 0, 32, 0, 0, 2, 4, 0, 16, 128, 8]",right,128
87,786,"[0, 0, 2, 4, 0, 0, 0, 32, 0, 0, 2, 4, 0, 16, 128, 8]",right,128
88,790,"[0, 16, 4, 4, 0, 0, 128, 32, 2, 0, 0, 4, 0, 0, 0, 8]",up,128
89,790,"[0, 0, 0, 4, 0, 0, 2, 32, 0, 0, 4, 4, 2, 16, 128, 8]",down,128
90,798,"[0, 0, 0, 4, 0, 0, 2, 32, 0, 2, 0, 8, 2, 16, 128, 8]",right,128
91,806,"[2, 0, 0, 0, 0, 0, 0, 4, 0, 2, 2, 32, 2, 16, 128, 16]",down,128
92,810,"[2, 0, 0, 2, 4, 0, 0, 0, 4, 32, 0, 0, 2, 16, 128, 16]",left,128
93,814,"[0, 0, 0, 4, 0, 0, 0, 4, 2, 0, 4, 32, 2, 16, 128, 16]",right,128
94,820,"[0, 0, 0, 0, 0, 0, 0, 8, 0, 2, 4, 32, 4, 16, 128, 16]",down,128
95,820,"[4, 2, 4, 8, 0, 16, 128, 32, 0, 0, 0, 16, 0, 0, 2, 0]",up,128
96,820,"[4, 2, 4, 8, 16, 128, 32, 0, 16, 0, 0, 2, 2, 0, 0, 0]",left,128
97,836,"[0, 0, 0, 0, 4, 0, 0, 2, 32, 2, 4, 8, 2, 128, 32, 2]",down,128
98,836,"[0, 0, 2, 0, 0, 0, 4, 2, 32, 2, 4, 8, 2, 128, 32, 2]",right,128
99,840,"[0, 2, 0, 0, 0, 0, 2, 2, 32, 2, 8, 8, 2, 128, 32, 2]",down,128
100,860,"[2, 0, 2, 0, 4, 0, 0, 0, 32, 2, 16, 0, 2, 128, 32, 2]",left,128
101,860,"[2, 2, 2, 2, 4, 128, 16, 0, 32, 2, 32, 0, 2, 0, 0, 0]",up,128
102,868,"[0, 0, 4, 4, 0, 4, 128, 16, 2, 32, 2, 32, 0, 0, 0, 2]",right,128
103,868,"[2, 4, 4, 4, 0, 32, 128, 16, 2, 0, 2, 32, 0, 0, 0, 2]",up,128
104,872,"[4, 4, 4, 4, 2, 32, 128, 16, 0, 0, 2, 32, 0, 0, 0, 2]",up,128
105,888,"[8, 8, 0, 2, 2, 32, 128, 16, 2, 32, 0, 0, 2, 0, 0, 0]",left,128
106,956,"[8, 8, 128, 2, 4, 64, 2, 16, 2, 0, 0, 0, 0, 0, 0, 0]",up,128
107,972,"[16, 128, 2, 0, 4, 64, 2, 16, 2, 0, 0, 0, 0, 0, 0, 2]",left,128
108,972,"[16, 128, 2, 0, 4, 64, 2, 16, 2, 2, 0, 0, 2, 0, 0, 0]",left,128
109,976,"[4, 0, 0, 0, 16, 128, 0, 0, 4, 64, 0, 0, 4, 2, 4, 16]",down,128
110,984,"[4, 128, 4, 16, 16, 64, 0, 0, 8, 2, 0, 2, 0, 0, 0, 0]",up,128
111,988,"[4, 128, 4, 16, 16, 64, 0, 0, 8, 4, 0, 0, 0, 0, 0, 2]",left,128
112,988,"[0, 0, 0, 0, 4, 128, 2, 0, 16, 64, 0, 16, 8, 4, 4, 2]",down,128
113,996,"[0, 0, 0, 2, 4, 128, 2, 0, 16, 64, 16, 0, 8, 8, 2, 0]",left,128
114,1012,"[2, 2, 0, 0, 4, 128, 2, 0, 16, 64, 16, 0, 16, 2, 0, 0]",left,128
115,1016,"[4, 0, 0, 0, 4, 128, 2, 0, 16, 64, 16, 0, 16, 2, 0, 2]",left,128
116,1056,"[8, 128, 2, 2, 32, 64, 16, 2, 0, 2, 0, 0, 0, 0, 0, 0]",up,128
117,1058,"[0, 0, 0, 0, 0, 128, 0, 0, 8, 64, 2, 2, 32, 2, 16, 4]",down,128
118,1062,"[2, 0, 0, 0, 0, 0, 0, 128, 0, 8, 64, 4, 32, 2, 16, 4]",right,128
119,1070,"[2, 8, 64, 128, 32, 2, 16, 8, 0, 0, 0, 0, 2, 0, 0, 0]",up,128
120,1070,"[0, 2, 0, 0, 2, 0, 0, 0, 32, 8, 64, 128, 2, 2, 16, 8]",down,128
121,1074,"[0, 0, 0, 2, 0, 0, 2, 2, 32, 8, 64, 128, 0, 4, 16, 8]",right,128
122,1078,"[0, 0, 0, 2, 0, 0, 2, 4, 32, 8, 64, 128, 0, 4, 16, 8]",right,128
123,1078,"[2, 2, 0, 0, 2, 4, 0, 0, 32, 8, 64, 128, 4, 16, 8, 0]",left,128
124,1080,"[0, 2, 0, 2, 4, 4, 0, 0, 32, 8, 64, 0, 4, 16, 8, 128]",down,128
125,1092,"[0, 0, 0, 4, 4, 0, 0, 8, 0, 32, 8, 64, 4, 16, 8, 128]",right,128
126,1092,"[4, 0, 0, 2, 4, 8, 0, 0, 32, 8, 64, 0, 4, 16, 8, 128]",left,128
127,1104,"[0, 0, 0, 2, 8, 0, 0, 0, 32, 16, 64, 2, 4, 16, 8, 128]",down,128
128,1140,"[8, 32, 64, 4, 32, 0, 8, 128, 4, 0, 0, 0, 2, 0, 0, 0]",up,128
129,1140,"[8, 32, 64, 4, 0, 32, 8, 128, 0, 0, 0, 4, 0, 2, 0, 2]",right,128
130,1204,"[8, 64, 64, 4, 2, 2, 8, 128, 0, 0, 0, 4, 0, 0, 0, 2]",up,128
131,1336,"[8, 128, 4, 0, 4, 8, 128, 0, 4, 0, 0, 0, 2, 0, 0, 2]",left,128
132,1340,"[0, 0, 0, 0, 8, 0, 0, 4, 8, 128, 4, 0, 2, 8, 128, 2]",down,128
133,1340,"[0, 2, 0, 0, 0, 0, 8, 4, 0, 8, 128, 4, 2, 8, 128, 2]",right,128
134,1620,"[2, 2, 8, 8, 0, 16, 256, 2, 0, 0, 0, 0, 0, 2, 0, 0]",up,256
135,1640,"[0, 0, 4, 16, 0, 16, 256, 2, 0, 0, 0, 0, 0, 0, 2, 2]",right,256
136,1644,"[4, 16, 0, 0, 16, 256, 2, 2, 0, 0, 0, 0, 4, 0, 0, 0]",left,256
137,1644,"[0, 0, 0, 0, 4, 0, 2, 0, 16, 16, 0, 0, 4, 256, 2, 2]",down,256
138,1680,"[2, 0, 0, 0, 0, 0, 4, 2, 0, 0, 0, 32, 0, 4, 256, 4]",right,256
139,1680,"[2, 4, 4, 2, 2, 0, 256, 32, 0, 0, 0, 4, 0, 0, 0, 0]",up,256
140,1688,"[2, 8, 2, 0, 2, 256, 32, 0, 4, 0, 0, 0, 0, 0, 2, 0]",left,256
141,1690,"[0, 0, 0, 0, 0, 0, 2, 0, 4, 8, 32, 0, 4, 256, 2, 2]",down,256
142,1698,"[8, 8, 2, 2, 2, 256, 32, 0, 0, 0, 2, 0, 0, 0, 0, 0]",up,256
143,1718,"[16, 4, 0, 0, 2, 256, 32, 2, 2, 0, 0, 0, 0, 0, 0, 0]",left,256
144,1722,"[16, 4, 32, 2, 4, 256, 0, 0, 0, 0, 0, 0, 0, 0, 2, 0]",up,256
145,1722,"[16, 4, 32, 2, 0, 0, 4, 256, 0, 0, 0, 2, 0, 0, 0, 2]",right,256
146,1724,"[0, 0, 0, 0, 0, 0, 2, 2, 0, 0, 32, 256, 16, 4, 4, 4]",down,256
147,1736,"[0, 0, 0, 2, 4, 0, 0, 0, 32, 256, 0, 0, 16, 8, 4, 0]",left,256
148,1736,"[2, 0, 0, 2, 4, 0, 0, 0, 32, 256, 0, 0, 16, 8, 4, 0]",left,256
149,1740,"[4, 0, 0, 0, 4, 0, 0, 0, 32, 256, 2, 0, 16, 8, 4, 0]",left,256
150,1748,"[8, 256, 2, 0, 32, 8, 4, 2, 16, 0, 0, 0, 0, 0, 0, 0]",up,256
151,1748,"[2, 8, 256, 2, 32, 8, 4, 2, 0, 0, 0, 16, 0, 0, 0, 0]",right,256
152,1758,"[0, 0, 0, 0, 0, 2, 0, 0, 2, 0, 256, 4, 32, 16, 4, 16]",down,256
153,1758,"[0, 0, 2, 0, 2, 0, 0, 0, 2, 256, 4, 0, 32, 16, 4, 16]",left,256
154,1758,"[0, 0, 0, 2, 0, 0, 0, 2, 2, 2, 256, 4, 32, 16, 4, 16]",right,256
155,1762,"[2, 0, 0, 0, 2, 0, 0, 2, 4, 256, 4, 0, 32, 16, 4, 16]",left,256
156,1774,"[4, 256, 8, 2, 4, 16, 0, 16, 32, 0, 0, 0, 0, 2, 0, 0]",up,256
157,1806,"[4, 256, 8, 2, 0, 0, 4, 32, 0, 2, 0, 32, 0, 0, 0, 2]",right,256
158,1806,"[4, 256, 8, 2, 4, 32, 0, 0, 2, 32, 0, 0, 2, 0, 2, 0]",left,256
159,1810,"[4, 256, 8, 2, 4, 32, 0, 0, 2, 32, 0, 2, 4, 0, 0, 0]",left,256
160,1886,"[8, 256, 8, 4, 2, 64, 2, 0, 4, 0, 0, 0, 0, 0, 0, 0]",up,256
161,1886,"[8, 256, 8, 4, 0, 2, 64, 2, 2, 0, 0, 4, 0, 0, 0, 0]",right,256
162,1886,"[8, 256, 8, 4, 2, 64, 2, 0, 2, 4, 0, 0, 0, 0, 2, 0]",left,256
163,1890,"[0, 0, 0, 0, 0, 256, 2, 0, 8, 64, 8, 0, 4, 4, 4, 4]",down,256
164,1906,"[2, 0, 0, 0, 256, 2, 0, 0, 8, 64, 8, 0, 8, 8, 0, 0]",left,256
165,1914,"[0, 0, 4, 0, 2, 2, 0, 0, 256, 64, 0, 0, 16, 8, 8, 0]",down,256
166,1934,"[4, 0, 0, 0, 4, 0, 0, 0, 256, 64, 0, 0, 16, 16, 0, 2]",left,256
167,1938,"[0, 0, 0, 0, 8, 0, 2, 0, 256, 64, 0, 0, 16, 16, 0, 2]",down,256
168,1938,"[2, 0, 0, 0, 8, 0, 0, 0, 256, 64, 0, 0, 16, 16, 2, 2]",down,256
169,1974,"[2, 0, 0, 0, 8, 0, 0, 0, 256, 64, 0, 0, 32, 4, 2, 0]",left,256
170,1974,"[2, 64, 2, 0, 8, 4, 0, 4, 256, 0, 0, 0, 32, 0, 0, 0]",up,256
171,1982,"[0, 2, 64, 2, 0, 0, 8, 8, 0, 2, 0, 256, 0, 0, 0, 32]",right,256
172,1986,"[0, 4, 64, 2, 0, 0, 8, 8, 0, 0, 0, 256, 0, 0, 2, 32]",up,256
173,2002,"[4, 64, 2, 0, 16, 0, 0, 0, 256, 0, 0, 0, 2, 32, 2, 0]",left,256
174,2004,"[4, 0, 0, 4, 16, 0, 0, 0, 256, 64, 0, 0, 2, 32, 4, 0]",down,256
175,2004,"[4, 0, 0, 0, 16, 2, 0, 0, 256, 64, 0, 0, 2, 32, 4, 4]",down,256
176,2012,"[4, 0, 0, 0, 16, 2, 0, 0, 256, 64, 2, 0, 2, 32, 8, 0]",left,256
177,2012,"[4, 2, 2, 2, 16, 64, 8, 0, 256, 32, 0, 0, 2, 0, 0, 0]",up,256
178,2016,"[4, 4, 2, 0, 16, 64, 8, 0, 256, 32, 0, 0, 2, 0, 2, 0]",left,256
179,2028,"[8, 2, 0, 0, 16, 64, 8, 0, 256, 32, 0, 0, 4, 2, 0, 0]",left,256
180,2028,"[8, 2, 8, 2, 16, 64, 0, 0, 256, 32, 0, 0, 4, 2, 0, 0]",up,256
181,2028,"[8, 2, 2, 0, 16, 64, 0, 0, 256, 32, 0, 0, 4, 2, 8, 2]",down,256
182,2032,"[2, 0, 8, 4, 0, 0, 16, 64, 0, 0, 256, 32, 4, 2, 8, 2]",right,256
183,2032,"[2, 2, 8, 4, 4, 0, 16, 64, 2, 0, 256, 32, 0, 0, 8, 2]",up,256
184,2036,"[0, 4, 8, 4, 2, 4, 16, 64, 0, 2, 256, 32, 0, 0, 8, 2]",right,256
185,2044,"[2, 8, 8, 4, 2, 2, 16, 64, 0, 0, 256, 32, 0, 0, 8, 2]",up,256
186,2064,"[2, 16, 4, 0, 4, 16, 64, 0, 256, 32, 0, 0, 8, 2, 0, 2]",left,256
187,2096,"[2, 32, 4, 2, 4, 32, 64, 2, 256, 2, 0, 0, 8, 0, 0, 0]",up,256
188,2164,"[2, 64, 4, 4, 4, 2, 64, 0, 256, 0, 0, 0, 8, 2, 0, 0]",up,256
189,2168,"[2, 64, 4, 4, 4, 4, 64, 0, 256, 0, 0, 0, 8, 0, 0, 2]",up,256
190,2184,"[2, 64, 8, 0, 8, 64, 0, 0, 256, 0, 0, 0, 8, 2, 0, 2]",left,256
191,2188,"[2, 64, 8, 0, 8, 64, 0, 0, 256, 0, 0, 0, 8, 4, 0, 2]",left,256
192,2316,"[2, 128, 8, 2, 8, 4, 0, 0, 256, 0, 0, 0, 8, 0, 0, 2]",up,256
193,2316,"[2, 128, 8, 2, 0, 0, 8, 4, 0, 2, 0, 256, 0, 0, 8, 2]",right,256
194,2324,"[0, 0, 0, 2, 2, 0, 0, 4, 0, 128, 8, 256, 2, 2, 16, 2]",down,256
195,2328,"[2, 0, 0, 0, 2, 4, 0, 0, 128, 8, 256, 0, 4, 16, 2, 2]",left,256
196,2330,"[0, 0, 0, 0, 4, 4, 2, 0, 128, 8, 256, 0, 4, 16, 2, 2]",down,256
197,2342,"[0, 0, 0, 0, 2, 0, 8, 2, 0, 128, 8, 256, 0, 4, 16, 4]",right,256
198,2350,"[0, 0, 0, 0, 0, 0, 0, 2, 2, 128, 16, 256, 2, 4, 16, 4]",down,256
199,2368,"[0, 4, 0, 0, 0, 0, 0, 2, 0, 128, 0, 256, 4, 4, 32, 4]",down,256
200,2368,"[4, 4, 32, 2, 0, 128, 2, 256, 0, 4, 0, 4, 0, 0, 0, 0]",up,256
201,2384,"[8, 32, 2, 0, 128, 2, 256, 0, 8, 0, 0, 0, 0, 2, 0, 0]",left,256
202,2388,"[8, 32, 2, 2, 128, 4, 256, 0, 8, 0, 0, 0, 0, 0, 0, 0]",up,256
203,2392,"[8, 32, 4, 0, 128, 4, 256, 0, 8, 0, 0, 0, 0, 0, 0, 2]",left,256
204,2392,"[8, 32, 4, 2, 128, 4, 256, 0, 8, 2, 0, 0, 0, 0, 0, 0]",up,256
205,2392,"[8, 32, 4, 2, 0, 128, 4, 256, 0, 2, 8, 2, 0, 0, 0, 0]",right,256
206,2400,"[8, 32, 8, 2, 0, 128, 8, 256, 2, 2, 0, 2, 0, 0, 0, 0]",up,256
207,2404,"[8, 32, 8, 2, 0, 128, 8, 256, 0, 0, 2, 4, 0, 0, 4, 0]",right,256
208,2404,"[8, 32, 8, 2, 0, 128, 8, 256, 0, 0, 2, 4, 2, 0, 0, 4]",right,256
209,2404,"[8, 32, 8, 2, 0, 128, 8, 256, 0, 0, 2, 4, 2, 0, 2, 4]",right,256
210,2418,"[0, 0, 2, 0, 0, 0, 0, 2, 8, 32, 16, 256, 2, 128, 4, 8]",down,256
211,2418,"[0, 0, 0, 2, 0, 0, 2, 2, 8, 32, 16, 256, 2, 128, 4, 8]",down,256
212,2422,"[2, 2, 0, 0, 4, 0, 0, 0, 8, 32, 16, 256, 2, 128, 4, 8]",left,256
213,2426,"[4, 0, 0, 2, 4, 0, 0, 0, 8, 32, 16, 256, 2, 128, 4, 8]",left,256
214,2430,"[2, 0, 0, 0, 8, 0, 0, 2, 8, 32, 16, 256, 2, 128, 4, 8]",down,256
215,2438,"[0, 0, 0, 0, 2, 2, 0, 2, 16, 32, 16, 256, 2, 128, 4, 8]",down,256
216,2442,"[0, 0, 0, 0, 2, 0, 2, 4, 16, 32, 16, 256, 2, 128, 4, 8]",right,256
217,2446,"[0, 0, 0, 0, 4, 4, 0, 2, 16, 32, 16, 256, 2, 128, 4, 8]",left,256
218,2454,"[0, 0, 0, 0, 8, 2, 2, 0, 16, 32, 16, 256, 2, 128, 4, 8]",left,256
219,2454,"[8, 2, 2, 256, 16, 32, 16, 8, 2, 128, 4, 0, 0, 0, 2, 0]",up,256
220,2458,"[8, 4, 256, 0, 16, 32, 16, 8, 2, 128, 4, 0, 2, 0, 2, 0]",left,256
221,2462,"[0, 8, 4, 256, 16, 32, 16, 8, 0, 2, 128, 4, 0, 2, 0, 4]",right,256
222,2474,"[16, 8, 4, 256, 0, 32, 16, 8, 0, 4, 128, 8, 2, 0, 0, 0]",up,256
223,2490,"[16, 8, 4, 256, 2, 32, 16, 16, 0, 4, 128, 0, 0, 2, 0, 0]",up,256
224,2522,"[16, 8, 4, 256, 0, 2, 32, 32, 0, 0, 4, 128, 0, 0, 2, 2]",right,256
225,2590,"[16, 8, 4, 256, 2, 64, 0, 0, 4, 128, 0, 0, 4, 4, 0, 0]",left,256
226,2594,"[0, 8, 0, 0, 16, 64, 0, 0, 2, 128, 0, 4, 8, 4, 4, 256]",down,256
227,2602,"[0, 0, 0, 8, 0, 0, 16, 64, 0, 2, 128, 4, 2, 8, 8, 256]",right,256
228,2618,"[8, 2, 0, 0, 16, 64, 0, 0, 2, 128, 4, 0, 2, 16, 256, 0]",left,256
229,2620,"[2, 2, 0, 0, 8, 64, 0, 0, 16, 128, 4, 0, 4, 16, 256, 0]",down,256
230,2624,"[4, 0, 4, 0, 8, 64, 0, 0, 16, 128, 4, 0, 4, 16, 256, 0]",left,256
231,2632,"[8, 2, 0, 0, 8, 64, 0, 0, 16, 128, 4, 0, 4, 16, 256, 0]",left,256
232,2640,"[0, 2, 0, 0, 16, 64, 0, 2, 16, 128, 4, 0, 4, 16, 256, 0]",down,256
233,2640,"[0, 0, 4, 2, 0, 16, 64, 2, 0, 16, 128, 4, 0, 4, 16, 256]",right,256
234,2676,"[0, 32, 4, 4, 0, 4, 64, 4, 0, 0, 128, 256, 0, 0, 16, 2]",up,256
235,2684,"[0, 0, 32, 8, 0, 4, 64, 4, 0, 0, 128, 256, 0, 2, 16, 2]",right,256
236,2684,"[32, 8, 2, 0, 4, 64, 4, 0, 128, 256, 0, 0, 2, 16, 2, 0]",left,256
237,2684,"[32, 8, 0, 0, 4, 64, 2, 0, 128, 256, 4, 2, 2, 16, 2, 0]",down,256
238,2684,"[32, 8, 0, 0, 4, 64, 2, 0, 128, 256, 4, 2, 2, 16, 2, 2]",down,256
239,2686,"[32, 8, 0, 0, 4, 64, 2, 0, 128, 256, 4, 4, 2, 16, 2, 4]",down,256
240,2690,"[32, 8, 0, 2, 4, 64, 2, 0, 128, 256, 4, 0, 2, 16, 2, 8]",down,256
241,2690,"[0, 32, 8, 2, 0, 4, 64, 2, 2, 128, 256, 4, 2, 16, 2, 8]",right,256
242,2698,"[4, 32, 8, 4, 0, 4, 64, 4, 0, 128, 256, 8, 0, 16, 2, 2]",up,256
243,2702,"[4, 32, 8, 4, 0, 4, 64, 4, 0, 128, 256, 8, 2, 0, 16, 4]",right,256
244,2706,"[2, 0, 8, 0, 0, 32, 64, 8, 4, 4, 256, 8, 2, 128, 16, 4]",down,256
245,2714,"[2, 8, 0, 4, 32, 64, 8, 0, 8, 256, 8, 0, 2, 128, 16, 4]",left,256
246,2726,"[2, 8, 2, 0, 32, 64, 0, 0, 8, 256, 16, 0, 2, 128, 16, 8]",down,256
247,2742,"[2, 8, 0, 0, 32, 64, 0, 2, 8, 256, 2, 0, 2, 128, 32, 8]",down,256
248,2742,"[0, 2, 2, 8, 0, 32, 64, 2, 0, 8, 256, 2, 2, 128, 32, 8]",right,256
249,2746,"[2, 2, 2, 8, 0, 32, 64, 4, 0, 8, 256, 8, 0, 128, 32, 2]",up,256
250,2750,"[4, 2, 8, 0, 32, 64, 4, 0, 8, 256, 8, 0, 128, 32, 2, 2]",left,256
251,2754,"[4, 2, 8, 0, 32, 64, 4, 0, 8, 256, 8, 2, 128, 32, 4, 0]",left,256
252,2754,"[4, 2, 8, 2, 32, 64, 4, 0, 8, 256, 8, 0, 128, 32, 4, 2]",up,256
253,2756,"[4, 2, 8, 0, 32, 64, 4, 4, 8, 256, 8, 0, 128, 32, 4, 4]",down,256
254,2772,"[2, 4, 2, 8, 0, 32, 64, 8, 0, 8, 256, 8, 0, 128, 32, 8]",right,256
255,2788,"[0, 4, 2, 2, 0, 32, 64, 0, 0, 8, 256, 16, 2, 128, 32, 16]",down,256
256,2804,"[0, 4, 2, 0, 0, 32, 64, 0, 2, 8, 256, 2, 2, 128, 32, 32]",down,256
257,2868,"[4, 2, 0, 0, 32, 64, 0, 2, 2, 8, 256, 2, 2, 128, 64, 0]",left,256
258,2876,"[4, 2, 256, 4, 32, 64, 64, 0, 4, 8, 0, 0, 0, 128, 2, 0]",up,256
259,3004,"[4, 2, 256, 4, 32, 128, 2, 0, 4, 8, 0, 0, 128, 2, 0, 0]",left,256
260,3004,"[4, 2, 0, 0, 32, 128, 2, 0, 4, 8, 256, 0, 128, 2, 2, 4]",down,256
261,3008,"[4, 2, 0, 0, 32, 128, 2, 0, 4, 8, 256, 2, 128, 4, 4, 0]",left,256
262,3016,"[4, 2, 2, 0, 32, 128, 2, 0, 4, 8, 256, 2, 128, 8, 0, 0]",left,256
263,3026,"[4, 0, 0, 2, 32, 2, 0, 0, 4, 128, 4, 0, 128, 16, 256, 2]",down,256
264,3026,"[0, 0, 4, 2, 0, 2, 32, 2, 0, 4, 128, 4, 128, 16, 256, 2]",right,256
265,3028,"[0, 2, 4, 0, 0, 2, 32, 4, 0, 4, 128, 4, 128, 16, 256, 2]",down,256
266,3040,"[128, 4, 4, 8, 0, 4, 32, 2, 2, 16, 128, 0, 0, 0, 256, 0]",up,256
267,3048,"[2, 128, 8, 8, 0, 4, 32, 2, 0, 2, 16, 128, 0, 0, 0, 256]",right,256
268,3064,"[0, 2, 128, 16, 0, 4, 32, 2, 0, 2, 16, 128, 0, 0, 2, 256]",right,256
269,3064,"[0, 0, 128, 16, 0, 2, 32, 2, 0, 4, 16, 128, 2, 2, 2, 256]",down,256
270,3068,"[0, 2, 128, 16, 0, 2, 32, 2, 0, 4, 16, 128, 0, 2, 4, 256]",right,256
271,3072,"[0, 4, 128, 16, 0, 4, 32, 2, 2, 2, 16, 128, 0, 0, 4, 256]",up,256
272,3076,"[4, 128, 16, 0, 4, 32, 2, 0, 4, 16, 128, 0, 4, 256, 2, 0]",left,256
273,3084,"[0, 128, 16, 0, 0, 32, 2, 0, 8, 16, 128, 2, 8, 256, 2, 0]",down,256
274,3092,"[0, 128, 16, 0, 2, 32, 2, 0, 0, 16, 128, 0, 16, 256, 2, 2]",down,256
275,3096,"[128, 16, 0, 0, 2, 32, 2, 2, 16, 128, 0, 0, 16, 256, 4, 0]",left,256
276,3100,"[128, 16, 0, 0, 2, 32, 4, 0, 16, 128, 2, 0, 16, 256, 4, 0]",left,256
277,3116,"[2, 16, 0, 0, 128, 32, 4, 0, 2, 128, 2, 0, 32, 256, 4, 0]",down,256
278,3116,"[2, 16, 4, 2, 128, 32, 2, 0, 2, 128, 4, 0, 32, 256, 0, 0]",up,256
279,3116,"[2, 16, 4, 2, 0, 128, 32, 2, 0, 2, 128, 4, 2, 0, 32, 256]",right,256
280,3120,"[0, 0, 4, 4, 0, 16, 32, 4, 0, 128, 128, 4, 4, 2, 32, 256]",down,256
281,3384,"[0, 2, 0, 8, 0, 16, 32, 4, 0, 0, 256, 4, 4, 2, 32, 256]",right,256
282,3388,"[0, 0, 4, 0, 0, 2, 32, 8, 0, 16, 256, 8, 4, 2, 32, 256]",down,256
283,3396,"[0, 0, 4, 0, 2, 2, 32, 0, 0, 16, 256, 16, 4, 2, 32, 256]",down,256
284,3400,"[4, 2, 0, 0, 4, 32, 0, 0, 16, 256, 16, 0, 4, 2, 32, 256]",left,256
285,3408,"[8, 2, 16, 256, 16, 32, 32, 4, 4, 256, 0, 0, 0, 2, 0, 0]",up,256
286,3472,"[8, 2, 16, 256, 16, 64, 4, 0, 4, 256, 0, 0, 2, 4, 0, 0]",left,256
287,3472,"[8, 2, 0, 0, 16, 64, 2, 0, 4, 256, 16, 0, 2, 4, 4, 256]",down,256
288,3480,"[0, 0, 8, 2, 2, 16, 64, 2, 0, 4, 256, 16, 0, 2, 8, 256]",right,256
289,3484,"[2, 16, 8, 4, 0, 4, 64, 16, 2, 2, 256, 256, 0, 0, 8, 0]",up,256
290,4000,"[2, 16, 8, 4, 4, 64, 16, 2, 4, 512, 0, 0, 8, 0, 0, 0]",left,512
291,4004,"[0, 2, 0, 0, 2, 16, 0, 0, 8, 64, 8, 4, 8, 512, 16, 2]",down,512
292,4020,"[2, 2, 8, 4, 16, 16, 16, 2, 0, 64, 0, 0, 0, 512, 2, 0]",up,512
293,4056,"[4, 8, 4, 0, 32, 16, 2, 0, 64, 0, 0, 0, 512, 2, 2, 0]",left,512
294,4060,"[4, 8, 4, 0, 32, 16, 4, 0, 64, 2, 0, 2, 512, 0, 0, 0]",up,512
295,4068,"[4, 8, 8, 2, 32, 16, 0, 0, 64, 2, 0, 0, 512, 0, 2, 0]",up,512
296,4084,"[4, 16, 2, 2, 32, 16, 0, 0, 64, 2, 0, 0, 512, 2, 0, 0]",left,512
297,4102,"[4, 0, 0, 0, 32, 0, 2, 0, 64, 32, 0, 0, 512, 4, 2, 2]",down,512
298,4104,"[4, 0, 0, 0, 32, 0, 0, 0, 64, 32, 4, 0, 512, 4, 4, 2]",down,512
299,4112,"[4, 32, 8, 2, 32, 4, 0, 0, 64, 0, 0, 2, 512, 0, 0, 0]",up,512
300,4114,"[4, 0, 0, 0, 32, 0, 0, 0, 64, 32, 0, 2, 512, 4, 8, 4]",down,512
301,4114,"[4, 32, 8, 2, 32, 4, 0, 4, 64, 2, 0, 0, 512, 0, 0, 0]",up,512
302,4114,"[4, 0, 2, 0, 32, 32, 0, 0, 64, 4, 0, 2, 512, 2, 8, 4]",down,512
303,4178,"[4, 2, 0, 0, 64, 0, 0, 0, 64, 4, 2, 2, 512, 2, 8, 4]",left,512
304,4182,"[4, 2, 0, 0, 64, 0, 0, 4, 64, 4, 4, 0, 512, 2, 8, 4]",left,512
305,4250,"[2, 0, 0, 0, 4, 2, 0, 0, 128, 4, 4, 0, 512, 2, 8, 8]",down,512
306,4274,"[0, 0, 0, 2, 0, 2, 4, 2, 0, 0, 128, 8, 0, 512, 2, 16]",right,512
307,4276,"[0, 0, 0, 0, 0, 2, 4, 4, 0, 2, 128, 8, 0, 512, 2, 16]",down,512
308,4284,"[0, 0, 2, 0, 0, 0, 2, 8, 0, 2, 128, 8, 0, 512, 2, 16]",right,512
309,4294,"[0, 0, 0, 0, 0, 0, 4, 0, 0, 2, 128, 16, 2, 512, 2, 16]",down,512
310,4310,"[0, 0, 0, 0, 0, 0, 4, 0, 0, 2, 128, 2, 2, 512, 2, 32]",down,512
311,4310,"[0, 0, 0, 0, 4, 0, 0, 2, 2, 128, 2, 0, 2, 512, 2, 32]",left,512
312,4314,"[0, 0, 0, 0, 0, 2, 0, 0, 4, 128, 0, 2, 4, 512, 4, 32]",down,512
313,4314,"[0, 0, 0, 0, 2, 2, 0, 0, 4, 128, 2, 0, 4, 512, 4, 32]",left,512
314,4318,"[0, 0, 0, 2, 4, 0, 0, 0, 4, 128, 2, 0, 4, 512, 4, 32]",left,512
315,4322,"[0, 0, 0, 0, 2, 0, 0, 0, 4, 128, 2, 2, 8, 512, 4, 32]",down,512
316,4326,"[0, 2, 0, 0, 2, 0, 0, 0, 4, 128, 4, 0, 8, 512, 4, 32]",left,512
317,4326,"[2, 0, 0, 0, 2, 0, 0, 2, 4, 128, 4, 0, 8, 512, 4, 32]",left,512
318,4332,"[0, 0, 0, 0, 4, 0, 0, 0, 4, 128, 2, 2, 8, 512, 8, 32]",down,512
319,4336,"[0, 0, 0, 0, 4, 0, 0, 0, 4, 128, 4, 2, 8, 512, 8, 32]",left,512
320,4340,"[0, 0, 0, 2, 0, 0, 0, 0, 8, 128, 4, 2, 8, 512, 8, 32]",down,512
321,4350,"[0, 0, 0, 0, 0, 2, 0, 0, 0, 128, 4, 4, 16, 512, 8, 32]",down,512
322,4358,"[0, 0, 0, 0, 0, 0, 0, 2, 0, 2, 128, 8, 16, 512, 8, 32]",right,512
323,4358,"[0, 0, 2, 0, 2, 0, 0, 0, 2, 128, 8, 0, 16, 512, 8, 32]",left,512
324,4368,"[0, 0, 0, 0, 0, 0, 0, 2, 4, 128, 2, 0, 16, 512, 16, 32]",down,512
325,4368,"[2, 0, 0, 0, 0, 0, 0, 0, 4, 128, 2, 2, 16, 512, 16, 32]",down,512
326,4372,"[0, 0, 0, 2, 0, 0, 2, 0, 0, 4, 128, 4, 16, 512, 16, 32]",right,512
327,4372,"[0, 2, 0, 2, 0, 0, 0, 2, 0, 4, 128, 4, 16, 512, 16, 32]",right,512
328,4374,"[0, 0, 0, 2, 0, 2, 0, 4, 0, 4, 128, 4, 16, 512, 16, 32]",down,512
329,4374,"[2, 0, 0, 0, 2, 4, 2, 0, 4, 128, 4, 0, 16, 512, 16, 32]",left,512
330,4376,"[0, 0, 0, 0, 4, 4, 2, 2, 4, 128, 4, 0, 16, 512, 16, 32]",down,512
331,4388,"[0, 0, 0, 2, 0, 0, 8, 4, 0, 4, 128, 4, 16, 512, 16, 32]",right,512
332,4392,"[0, 0, 0, 0, 2, 0, 8, 2, 0, 4, 128, 8, 16, 512, 16, 32]",down,512
333,4392,"[0, 2, 0, 0, 0, 0, 8, 2, 2, 4, 128, 8, 16, 512, 16, 32]",down,512
334,4392,"[0, 0, 0, 2, 0, 2, 8, 2, 2, 4, 128, 8, 16, 512, 16, 32]",right,512
335,4394,"[0, 0, 0, 2, 0, 2, 8, 4, 2, 4, 128, 8, 16, 512, 16, 32]",down,512
336,4394,"[2, 2, 0, 0, 2, 8, 4, 0, 2, 4, 128, 8, 16, 512, 16, 32]",left,512
337,4398,"[0, 0, 0, 4, 2, 2, 8, 4, 2, 4, 128, 8, 16, 512, 16, 32]",right,512
338,4404,"[2, 0, 0, 0, 0, 2, 8, 8, 4, 4, 128, 8, 16, 512, 16, 32]",down,512
339,4412,"[0, 0, 2, 0, 2, 2, 8, 0, 4, 4, 128, 16, 16, 512, 16, 32]",down,512
340,4424,"[2, 0, 0, 2, 4, 8, 0, 0, 8, 128, 16, 0, 16, 512, 16, 32]",left,512
341,4440,"[2, 0, 0, 0, 4, 8, 0, 0, 8, 128, 2, 2, 16, 512, 32, 32]",down,512
342,4508,"[2, 0, 2, 0, 4, 8, 0, 0, 8, 128, 4, 0, 16, 512, 64, 0]",left,512
343,4512,"[4, 0, 4, 0, 4, 8, 0, 0, 8, 128, 4, 0, 16, 512, 64, 0]",left,512
344,4520,"[2, 0, 0, 0, 8, 8, 0, 0, 8, 128, 8, 0, 16, 512, 64, 0]",down,512
345,4528,"[0, 0, 0, 0, 2, 8, 2, 0, 16, 128, 8, 0, 16, 512, 64, 0]",down,512
346,4544,"[0, 2, 0, 0, 0, 8, 2, 0, 2, 128, 8, 0, 32, 512, 64, 0]",down,512
347,4544,"[2, 2, 2, 0, 32, 8, 8, 0, 0, 128, 64, 0, 0, 512, 0, 2]",up,512
348,4544,"[2, 2, 2, 2, 32, 8, 8, 0, 0, 128, 64, 0, 0, 512, 0, 2]",up,512
349,4568,"[4, 4, 0, 0, 32, 16, 0, 0, 128, 64, 2, 0, 512, 2, 0, 0]",left,512
350,4576,"[8, 0, 0, 0, 32, 16, 0, 0, 128, 64, 2, 2, 512, 2, 0, 0]",left,512
351,4580,"[8, 0, 0, 0, 32, 16, 0, 0, 128, 64, 4, 0, 512, 2, 2, 0]",left,512
352,4584,"[0, 0, 0, 8, 2, 0, 32, 16, 0, 128, 64, 4, 0, 0, 512, 4]",right,512
353,4592,"[2, 128, 32, 8, 0, 0, 64, 16, 0, 2, 512, 8, 0, 0, 0, 0]",up,512
354,4592,"[0, 2, 0, 0, 0, 0, 32, 8, 0, 128, 64, 16, 2, 2, 512, 8]",down,512
355,4596,"[2, 0, 0, 0, 32, 8, 4, 0, 128, 64, 16, 0, 4, 512, 8, 0]",left,512
356,4596,"[0, 0, 2, 2, 0, 32, 8, 4, 0, 128, 64, 16, 0, 4, 512, 8]",right,512
357,4600,"[0, 0, 0, 4, 0, 32, 8, 4, 0, 128, 64, 16, 2, 4, 512, 8]",right,512
358,4608,"[2, 32, 8, 8, 0, 128, 64, 16, 0, 4, 512, 8, 0, 0, 0, 2]",up,512
359,4624,"[0, 2, 32, 16, 0, 128, 64, 16, 0, 4, 512, 8, 2, 0, 0, 2]",right,512
360,4656,"[2, 2, 32, 32, 0, 128, 64, 8, 0, 4, 512, 2, 2, 0, 0, 0]",up,512
361,4724,"[4, 64, 4, 0, 128, 64, 8, 0, 4, 512, 2, 0, 2, 0, 0, 0]",left,512
362,4852,"[4, 128, 4, 0, 128, 512, 8, 0, 4, 2, 2, 0, 2, 0, 0, 0]",up,512
363,4852,"[4, 0, 0, 0, 128, 128, 4, 2, 4, 512, 8, 0, 2, 2, 2, 0]",down,512
364,5112,"[4, 0, 0, 0, 256, 4, 2, 0, 4, 512, 8, 0, 4, 2, 2, 0]",left,512
365,5120,"[4, 4, 2, 0, 256, 512, 8, 0, 8, 2, 2, 0, 0, 2, 0, 0]",up,512
366,5132,"[8, 2, 0, 0, 256, 512, 8, 0, 8, 4, 2, 0, 2, 0, 0, 0]",left,512
367,5132,"[8, 2, 8, 0, 256, 512, 2, 0, 8, 4, 0, 0, 2, 0, 0, 2]",up,512
368,5136,"[0, 8, 2, 8, 0, 256, 512, 2, 0, 0, 8, 4, 2, 0, 0, 4]",right,512
369,5140,"[0, 0, 0, 2, 0, 0, 2, 8, 0, 8, 512, 2, 2, 256, 8, 8]",down,512
370,5156,"[2, 0, 0, 0, 2, 8, 0, 0, 8, 512, 2, 0, 2, 256, 16, 2]",left,512
371,5158,"[0, 0, 0, 2, 4, 8, 0, 0, 8, 512, 2, 0, 2, 256, 16, 2]",down,512
372,5160,"[0, 2, 0, 0, 4, 8, 0, 0, 8, 512, 2, 0, 2, 256, 16, 4]",down,512
373,5160,"[4, 2, 2, 4, 8, 8, 16, 0, 2, 512, 0, 0, 0, 256, 0, 2]",up,512
374,5180,"[0, 4, 4, 4, 0, 0, 16, 16, 0, 2, 2, 512, 0, 0, 256, 2]",right,512
375,5224,"[2, 0, 4, 8, 0, 0, 0, 32, 0, 0, 4, 512, 0, 0, 256, 2]",right,512
376,5232,"[2, 0, 8, 8, 0, 0, 256, 32, 0, 0, 2, 512, 0, 0, 0, 2]",up,512
377,5248,"[2, 16, 0, 0, 256, 32, 0, 0, 2, 512, 0, 2, 2, 0, 0, 0]",left,512
378,5248,"[0, 0, 2, 16, 2, 0, 256, 32, 0, 2, 512, 2, 0, 0, 0, 2]",right,512
379,5252,"[2, 2, 2, 16, 0, 0, 256, 32, 0, 0, 512, 4, 0, 0, 4, 0]",up,512
380,5252,"[0, 0, 2, 0, 2, 0, 256, 16, 0, 0, 512, 32, 2, 2, 4, 4]",down,512
381,5264,"[2, 0, 0, 0, 2, 256, 16, 0, 512, 32, 0, 0, 4, 8, 0, 4]",left,512
382,5264,"[0, 0, 0, 2, 2, 2, 256, 16, 0, 0, 512, 32, 0, 4, 8, 4]",right,512
383,5268,"[2, 0, 0, 2, 0, 4, 256, 16, 0, 0, 512, 32, 0, 4, 8, 4]",right,512
384,5272,"[0, 4, 0, 2, 0, 0, 256, 16, 0, 0, 512, 32, 2, 8, 8, 4]",down,512
385,5288,"[4, 0, 4, 2, 0, 0, 256, 16, 0, 0, 512, 32, 0, 2, 16, 4]",right,512
386,5296,"[8, 2, 0, 0, 256, 16, 0, 0, 512, 32, 0, 2, 2, 16, 4, 0]",left,512
387,5296,"[8, 2, 0, 0, 256, 16, 2, 0, 512, 32, 2, 0, 2, 16, 4, 0]",left,512
388,5298,"[8, 2, 0, 0, 256, 16, 0, 0, 512, 32, 4, 0, 2, 16, 4, 4]",down,512
389,5306,"[8, 2, 0, 0, 256, 16, 0, 0, 512, 32, 4, 2, 2, 16, 8, 0]",left,512
390,5306,"[8, 2, 0, 0, 256, 16, 0, 2, 512, 32, 4, 0, 2, 16, 8, 2]",down,512
391,5308,"[8, 2, 0, 0, 256, 16, 2, 0, 512, 32, 4, 0, 2, 16, 8, 4]",down,512
392,5308,"[0, 0, 8, 2, 0, 256, 16, 2, 2, 512, 32, 4, 2, 16, 8, 4]",right,512
393,5324,"[4, 256, 8, 4, 0, 512, 16, 8, 0, 16, 32, 0, 2, 0, 8, 0]",up,512
394,5324,"[4, 256, 8, 4, 0, 512, 16, 8, 2, 0, 16, 32, 0, 0, 2, 8]",right,512
395,5340,"[0, 0, 0, 4, 4, 0, 8, 8, 4, 256, 32, 32, 2, 512, 2, 8]",down,512
396,5344,"[2, 0, 0, 4, 0, 0, 8, 8, 8, 256, 32, 32, 2, 512, 2, 8]",down,512
397,5344,"[0, 0, 2, 4, 2, 0, 8, 8, 8, 256, 32, 32, 2, 512, 2, 8]",down,512
398,5344,"[2, 256, 2, 4, 8, 512, 8, 8, 2, 4, 32, 32, 0, 0, 2, 8]",up,512
399,5424,"[2, 256, 2, 4, 8, 512, 16, 0, 2, 4, 64, 0, 2, 8, 0, 2]",left,512
400,5428,"[2, 256, 2, 4, 8, 512, 16, 2, 4, 4, 64, 2, 0, 8, 0, 0]",up,512
401,5436,"[2, 256, 2, 4, 8, 512, 16, 2, 8, 64, 2, 2, 8, 0, 0, 0]",left,512
402,5446,"[0, 2, 0, 0, 2, 256, 2, 0, 8, 512, 16, 4, 16, 64, 2, 4]",down,512
403,5446,"[0, 0, 2, 2, 0, 2, 256, 2, 8, 512, 16, 4, 16, 64, 2, 4]",right,512
404,5458,"[8, 2, 2, 4, 16, 512, 256, 8, 0, 64, 16, 0, 2, 0, 2, 0]",up,512
405,5466,"[8, 4, 4, 0, 16, 512, 256, 8, 64, 16, 0, 2, 4, 0, 0, 0]",left,512
406,5474,"[0, 2, 8, 8, 16, 512, 256, 8, 0, 64, 16, 2, 0, 0, 0, 4]",right,512
407,5490,"[2, 16, 2, 0, 16, 512, 256, 8, 64, 16, 2, 0, 4, 0, 0, 0]",left,512
408,5490,"[2, 0, 4, 0, 16, 16, 2, 0, 64, 512, 256, 0, 4, 16, 2, 8]",down,512
409,5522,"[0, 0, 2, 4, 0, 0, 32, 2, 2, 64, 512, 256, 4, 16, 2, 8]",right,512
410,5522,"[2, 64, 2, 4, 4, 16, 32, 2, 0, 0, 512, 256, 2, 0, 2, 8]",up,512
411,5526,"[2, 64, 2, 4, 4, 16, 32, 2, 512, 256, 2, 0, 4, 8, 0, 0]",left,512
412,5526,"[2, 64, 2, 0, 4, 16, 2, 0, 512, 256, 32, 4, 4, 8, 2, 2]",down,512
413,5530,"[0, 2, 64, 2, 2, 4, 16, 2, 512, 256, 32, 4, 0, 4, 8, 4]",right,512
414,5542,"[2, 2, 64, 4, 512, 4, 16, 8, 0, 256, 32, 2, 0, 4, 8, 0]",up,512
415,5546,"[0, 4, 64, 4, 512, 4, 16, 8, 0, 256, 32, 2, 4, 0, 4, 8]",right,512
416,5554,"[4, 64, 4, 4, 512, 4, 16, 8, 256, 32, 2, 0, 8, 8, 0, 0]",left,512
417,5578,"[0, 4, 64, 8, 512, 4, 16, 8, 0, 256, 32, 2, 0, 2, 0, 16]",right,512
418,5602,"[512, 8, 64, 16, 0, 256, 16, 2, 0, 2, 32, 16, 0, 2, 0, 0]",up,512
419,5606,"[512, 8, 64, 16, 0, 256, 16, 2, 2, 4, 32, 16, 0, 0, 0, 0]",up,512
420,5606,"[512, 8, 64, 16, 256, 16, 2, 0, 2, 4, 32, 16, 0, 0, 0, 2]",left,512
421,5638,"[512, 8, 64, 32, 256, 16, 2, 2, 2, 4, 32, 0, 0, 0, 0, 2]",up,512
422,5642,"[512, 8, 64, 32, 256, 16, 2, 4, 2, 4, 32, 0, 0, 0, 0, 2]",up,512
423,5642,"[512, 8, 64, 32, 256, 16, 2, 4, 2, 4, 32, 2, 2, 0, 0, 0]",left,512
424,5646,"[512, 8, 64, 32, 256, 16, 2, 4, 4, 4, 32, 2, 0, 2, 0, 0]",up,512
425,5654,"[512, 8, 64, 32, 256, 16, 2, 4, 8, 32, 2, 0, 2, 0, 0, 2]",left,512
426,5658,"[512, 8, 64, 32, 256, 16, 4, 4, 8, 32, 0, 2, 2, 2, 0, 0]",up,512
427,5670,"[512, 8, 64, 32, 256, 16, 8, 0, 8, 32, 2, 0, 4, 2, 0, 0]",left,512
428,5670,"[512, 8, 64, 32, 2, 256, 16, 8, 0, 8, 32, 2, 0, 0, 4, 2]",right,512
429,5672,"[2, 0, 64, 0, 0, 8, 16, 32, 512, 256, 32, 8, 2, 8, 4, 4]",down,512
430,5680,"[2, 64, 0, 2, 8, 16, 32, 0, 512, 256, 32, 8, 2, 8, 8, 0]",left,512
431,5744,"[2, 64, 64, 2, 8, 16, 8, 8, 512, 256, 0, 0, 2, 8, 0, 2]",up,512
432,5888,"[2, 2, 128, 2, 0, 8, 16, 16, 0, 0, 512, 256, 0, 2, 8, 2]",right,512
433,5924,"[4, 128, 2, 0, 8, 32, 0, 0, 512, 256, 0, 2, 2, 8, 2, 0]",left,512
434,5928,"[4, 128, 4, 2, 8, 32, 0, 4, 512, 256, 0, 0, 2, 8, 0, 0]",up,512
435,5928,"[4, 128, 4, 2, 8, 32, 4, 0, 512, 256, 0, 0, 2, 8, 0, 2]",left,512
436,5934,"[4, 128, 0, 2, 8, 32, 0, 0, 512, 256, 0, 0, 2, 8, 8, 4]",down,512
437,5950,"[4, 128, 2, 0, 8, 32, 0, 2, 512, 256, 0, 0, 2, 16, 4, 0]",left,512
438,5950,"[4, 128, 2, 2, 8, 32, 2, 0, 512, 256, 0, 0, 2, 16, 4, 0]",left,512
439,5954,"[4, 128, 4, 0, 8, 32, 2, 0, 512, 256, 2, 0, 2, 16, 4, 0]",left,512
440,5956,"[4, 128, 0, 2, 8, 32, 4, 0, 512, 256, 4, 0, 2, 16, 4, 0]",down,512
441,5964,"[4, 128, 8, 2, 8, 32, 4, 0, 512, 256, 2, 0, 2, 16, 0, 0]",up,512
442,5964,"[4, 128, 2, 0, 8, 32, 8, 0, 512, 256, 4, 0, 2, 16, 2, 2]",down,512
443,5968,"[4, 128, 2, 2, 8, 32, 8, 0, 512, 256, 4, 0, 2, 16, 4, 0]",left,512
444,5976,"[4, 128, 2, 2, 8, 32, 8, 2, 512, 256, 8, 0, 2, 16, 0, 0]",up,512
445,5986,"[4, 128, 0, 0, 8, 32, 0, 2, 512, 256, 2, 0, 2, 16, 16, 4]",down,512
446,6018,"[0, 0, 4, 128, 2, 8, 32, 2, 0, 512, 256, 2, 0, 2, 32, 4]",right,512
447,6020,"[0, 0, 4, 2, 0, 8, 32, 128, 0, 512, 256, 4, 2, 2, 32, 4]",down,512
448,6024,"[0, 0, 4, 0, 2, 8, 32, 2, 0, 512, 256, 128, 2, 2, 32, 8]",down,512
449,6026,"[2, 0, 4, 0, 0, 8, 32, 2, 0, 512, 256, 128, 4, 2, 32, 8]",down,512
450,6026,"[2, 0, 4, 0, 0, 8, 32, 2, 2, 512, 256, 128, 4, 2, 32, 8]",down,512
451,6028,"[0, 2, 4, 0, 0, 8, 32, 2, 4, 512, 256, 128, 4, 2, 32, 8]",down,512
452,6032,"[0, 2, 4, 2, 0, 8, 32, 2, 0, 512, 256, 128, 8, 2, 32, 8]",down,512
453,6036,"[8, 2, 4, 4, 2, 8, 32, 128, 0, 512, 256, 8, 0, 2, 32, 0]",up,512
454,6044,"[0, 8, 2, 8, 2, 8, 32, 128, 0, 512, 256, 8, 0, 4, 2, 32]",right,512
455,6060,"[2, 16, 2, 8, 0, 512, 32, 128, 2, 4, 256, 8, 0, 0, 2, 32]",up,512
456,6062,"[2, 0, 2, 8, 0, 16, 32, 128, 0, 512, 256, 8, 4, 4, 2, 32]",down,512
457,6074,"[2, 0, 4, 8, 0, 16, 32, 128, 0, 512, 256, 8, 0, 8, 2, 32]",right,512
458,6074,"[2, 16, 4, 8, 0, 512, 32, 128, 0, 8, 256, 8, 2, 0, 2, 32]",up,512
459,6076,"[2, 0, 4, 8, 0, 16, 32, 128, 0, 512, 256, 8, 4, 8, 2, 32]",down,512
460,6076,"[0, 2, 4, 8, 0, 16, 32, 128, 4, 512, 256, 8, 4, 8, 2, 32]",right,512
461,6080,"[2, 2, 4, 8, 0, 16, 32, 128, 0, 512, 256, 8, 8, 8, 2, 32]",down,512
462,6100,"[4, 4, 8, 0, 16, 32, 128, 0, 512, 256, 8, 2, 16, 2, 32, 0]",left,512
463,6108,"[8, 8, 0, 2, 16, 32, 128, 0, 512, 256, 8, 2, 16, 2, 32, 0]",left,512
464,6124,"[16, 2, 0, 4, 16, 32, 128, 0, 512, 256, 8, 2, 16, 2, 32, 0]",left,512
465,6140,"[0, 2, 4, 0, 32, 32, 128, 0, 512, 256, 8, 4, 16, 2, 32, 2]",down,512
466,6204,"[2, 4, 0, 0, 64, 128, 0, 2, 512, 256, 8, 4, 16, 2, 32, 2]",left,512
467,6204,"[2, 4, 0, 2, 64, 128, 2, 0, 512, 256, 8, 4, 16, 2, 32, 2]",left,512
468,6204,"[0, 2, 4, 2, 2, 64, 128, 2, 512, 256, 8, 4, 16, 2, 32, 2]",right,512
469,6206,"[2, 2, 4, 0, 2, 64, 128, 4, 512, 256, 8, 4, 16, 2, 32, 2]",down,512
470,6212,"[4, 2, 4, 0, 4, 64, 128, 0, 512, 256, 8, 8, 16, 2, 32, 2]",down,512
471,6216,"[2, 2, 4, 0, 8, 64, 128, 0, 512, 256, 8, 8, 16, 2, 32, 2]",down,512
472,6236,"[4, 4, 0, 2, 8, 64, 128, 0, 512, 256, 16, 0, 16, 2, 32, 2]",left,512
473,6244,"[8, 2, 2, 0, 8, 64, 128, 0, 512, 256, 16, 0, 16, 2, 32, 2]",left,512
474,6248,"[8, 4, 2, 0, 8, 64, 128, 0, 512, 256, 16, 0, 16, 2, 32, 2]",left,512
475,6264,"[16, 4, 2, 2, 512, 64, 128, 4, 16, 256, 16, 0, 0, 2, 32, 0]",up,512
476,6268,"[0, 16, 4, 4, 512, 64, 128, 4, 4, 16, 256, 16, 0, 0, 2, 32]",right,512
477,6276,"[512, 16, 4, 8, 4, 64, 128, 16, 0, 16, 256, 32, 0, 2, 2, 0]",up,512
478,6280,"[512, 16, 4, 8, 4, 64, 128, 16, 0, 16, 256, 32, 0, 2, 0, 4]",right,512
