Move,Score,Matrix,Previous_Move,Largest_Tile
1,0,"[2, 0, 0, 0, 0, 0, 0, 0, 0, 0, 0, 2, 0, 0, 0, 0]",right,2
2,0,"[2, 0, 0, 0, 0, 0, 0, 0, 2, 0, 0, 0, 0, 0, 0, 2]",left,2
3,4,"[4, 0, 0, 2, 0, 0, 0, 0, 0, 2, 0, 0, 0, 0, 0, 0]",up,4
4,4,"[4, 2, 0, 0, 0, 0, 0, 0, 2, 0, 0, 0, 2, 0, 0, 0]",left,4
5,8,"[4, 2, 0, 0, 4, 0, 0, 0, 0, 0, 0, 2, 0, 0, 0, 0]",up,4
6,16,"[8, 2, 0, 2, 0, 0, 0, 0, 0, 0, 0, 2, 0, 0, 0, 0]",up,8
7,20,"[8, 2, 0, 4, 0, 0, 0, 0, 0, 2, 0, 0, 0, 0, 0, 0]",up,8
8,24,"[8, 4, 0, 4, 0, 0, 0, 0, 0, 0, 0, 0, 2, 0, 0, 0]",up,8
9,32,"[0, 0, 8, 8, 2, 0, 0, 0, 0, 0, 0, 0, 0, 0, 0, 2]",right,8
10,48,"[2, 0, 0, 16, 0, 0, 0, 2, 0, 0, 0, 0, 0, 0, 0, 2]",right,16
11,52,"[2, 0, 0, 16, 0, 0, 0, 4, 0, 0, 0, 0, 0, 0, 0, 2]",up,16
12,52,"[2, 0, 0, 0, 0, 0, 0, 16, 0, 0, 0, 4, 2, 0, 0, 2]",down,16
13,56,"[4, 0, 0, 16, 0, 0, 0, 4, 0, 0, 0, 2, 2, 0, 0, 0]",up,16
14,56,"[4, 2, 0, 16, 2, 0, 0, 4, 0, 0, 0, 2, 0, 0, 0, 0]",up,16
15,56,"[0, 0, 0, 0, 0, 0, 2, 16, 4, 0, 0, 4, 2, 2, 0, 2]",down,16
16,68,"[0, 0, 0, 0, 2, 0, 2, 16, 0, 0, 0, 8, 0, 0, 2, 4]",right,16
17,72,"[2, 0, 4, 16, 0, 0, 0, 8, 2, 0, 0, 4, 0, 0, 0, 0]",up,16
18,76,"[4, 0, 4, 16, 2, 0, 0, 8, 0, 0, 0, 4, 0, 0, 0, 0]",up,16
19,84,"[0, 2, 8, 16, 0, 0, 2, 8, 0, 0, 0, 4, 0, 0, 0, 0]",right,16
20,84,"[0, 0, 0, 0, 0, 0, 0, 16, 2, 0, 8, 8, 0, 2, 2, 4]",down,16
21,104,"[0, 0, 0, 0, 0, 0, 0, 16, 0, 0, 2, 16, 2, 0, 4, 4]",right,16
22,136,"[2, 0, 2, 32, 0, 0, 4, 4, 0, 0, 0, 0, 0, 4, 0, 0]",up,32
23,148,"[0, 0, 4, 32, 0, 0, 0, 8, 0, 0, 0, 0, 2, 0, 0, 4]",right,32
24,148,"[0, 0, 0, 0, 2, 0, 0, 32, 0, 0, 0, 8, 2, 0, 4, 4]",down,32
25,156,"[0, 0, 0, 0, 0, 2, 2, 32, 0, 0, 0, 8, 0, 0, 2, 8]",right,32
26,176,"[0, 2, 4, 32, 0, 0, 0, 16, 0, 0, 0, 0, 2, 0, 0, 0]",up,32
27,176,"[0, 0, 0, 0, 0, 0, 0, 2, 0, 0, 0, 32, 2, 2, 4, 16]",down,32
28,180,"[0, 0, 2, 0, 0, 0, 0, 2, 0, 0, 0, 32, 0, 4, 4, 16]",right,32
29,188,"[0, 0, 0, 2, 0, 0, 0, 2, 0, 0, 0, 32, 0, 2, 8, 16]",right,32
30,192,"[0, 2, 8, 4, 2, 0, 0, 32, 0, 0, 0, 16, 0, 0, 0, 0]",up,32
31,192,"[0, 2, 8, 4, 0, 0, 2, 32, 4, 0, 0, 16, 0, 0, 0, 0]",right,32
32,192,"[2, 8, 4, 0, 2, 32, 2, 0, 4, 16, 0, 0, 0, 0, 0, 0]",left,32
33,194,"[0, 0, 0, 0, 0, 8, 0, 2, 4, 32, 4, 0, 4, 16, 2, 0]",down,32
34,202,"[8, 8, 4, 2, 0, 32, 2, 0, 0, 16, 0, 0, 0, 2, 0, 0]",up,32
35,218,"[0, 16, 4, 2, 0, 0, 32, 2, 0, 2, 0, 16, 0, 0, 0, 2]",right,32
36,222,"[0, 16, 4, 4, 0, 2, 32, 16, 0, 0, 0, 2, 2, 0, 0, 0]",up,32
37,230,"[0, 2, 16, 8, 0, 2, 32, 16, 0, 0, 0, 2, 0, 0, 0, 2]",right,32
38,238,"[0, 4, 16, 8, 0, 0, 32, 16, 0, 4, 0, 4, 0, 0, 0, 0]",up,32
39,246,"[0, 8, 16, 8, 0, 0, 32, 16, 0, 0, 2, 4, 0, 0, 0, 0]",up,32
40,246,"[8, 16, 8, 0, 32, 16, 4, 0, 2, 4, 0, 0, 0, 0, 0, 0]",left,32
41,278,"[8, 32, 8, 0, 32, 4, 4, 0, 2, 0, 2, 0, 0, 0, 0, 0]",up,32
42,290,"[0, 8, 32, 8, 0, 0, 32, 8, 0, 0, 0, 4, 0, 0, 0, 4]",right,32
43,378,"[0, 8, 64, 16, 0, 0, 0, 8, 2, 0, 0, 0, 0, 0, 0, 0]",up,64
44,378,"[8, 64, 16, 0, 8, 0, 0, 0, 2, 0, 0, 0, 0, 2, 0, 0]",left,64
45,394,"[16, 64, 16, 0, 2, 2, 0, 0, 0, 0, 0, 0, 2, 0, 0, 0]",up,64
46,398,"[16, 64, 16, 0, 4, 2, 0, 0, 0, 0, 0, 2, 0, 0, 0, 0]",up,64
47,398,"[16, 64, 16, 0, 4, 2, 2, 0, 2, 0, 0, 0, 0, 0, 0, 0]",left,64
48,402,"[0, 16, 64, 16, 0, 0, 4, 4, 2, 0, 0, 2, 0, 0, 0, 0]",right,64
49,414,"[0, 16, 64, 16, 0, 0, 0, 8, 0, 0, 0, 4, 2, 0, 0, 0]",right,64
50,414,"[0, 16, 64, 16, 0, 0, 2, 8, 0, 0, 0, 4, 0, 0, 0, 2]",right,64
51,414,"[16, 64, 16, 0, 2, 8, 2, 0, 4, 0, 0, 0, 2, 0, 0, 0]",left,64
52,414,"[16, 0, 0, 2, 2, 0, 0, 0, 4, 64, 16, 0, 2, 8, 2, 0]",down,64
53,414,"[16, 2, 0, 0, 2, 0, 2, 0, 4, 64, 16, 0, 2, 8, 2, 0]",left,64
54,418,"[0, 0, 16, 2, 4, 0, 0, 4, 0, 4, 64, 16, 0, 2, 8, 2]",right,64
55,426,"[2, 0, 16, 2, 0, 0, 0, 8, 0, 4, 64, 16, 0, 2, 8, 2]",right,64
56,426,"[2, 2, 16, 2, 0, 0, 0, 8, 0, 4, 64, 16, 0, 2, 8, 2]",right,64
57,430,"[0, 4, 16, 2, 0, 2, 0, 8, 0, 4, 64, 16, 0, 2, 8, 2]",right,64
58,430,"[0, 4, 0, 2, 2, 2, 16, 8, 0, 4, 64, 16, 0, 2, 8, 2]",down,64
59,434,"[2, 0, 4, 2, 0, 4, 16, 8, 0, 4, 64, 16, 0, 2, 8, 2]",right,64
60,442,"[2, 8, 4, 2, 0, 2, 16, 8, 0, 0, 64, 16, 0, 2, 8, 2]",up,64
61,446,"[2, 8, 4, 2, 0, 4, 16, 8, 0, 2, 64, 16, 0, 0, 8, 2]",up,64
62,446,"[2, 8, 4, 2, 4, 16, 8, 2, 2, 64, 16, 0, 8, 2, 0, 0]",left,64
63,450,"[2, 8, 4, 4, 4, 16, 8, 0, 2, 64, 16, 0, 8, 2, 4, 0]",up,64
64,458,"[0, 2, 8, 8, 0, 4, 16, 8, 2, 2, 64, 16, 0, 8, 2, 4]",right,64
65,466,"[4, 2, 8, 0, 0, 4, 16, 16, 0, 2, 64, 16, 2, 8, 2, 4]",down,64
66,498,"[4, 2, 8, 32, 2, 4, 16, 4, 2, 2, 64, 0, 0, 8, 2, 0]",up,64
67,502,"[4, 2, 8, 32, 4, 4, 16, 4, 0, 2, 64, 0, 2, 8, 2, 0]",up,64
68,510,"[8, 2, 8, 32, 2, 4, 16, 4, 0, 2, 64, 0, 2, 8, 2, 0]",up,64
69,514,"[8, 2, 8, 32, 4, 4, 16, 4, 0, 2, 64, 0, 2, 8, 2, 0]",up,64
70,522,"[8, 2, 8, 32, 0, 8, 16, 4, 0, 2, 2, 64, 0, 2, 8, 2]",right,64
71,526,"[8, 2, 8, 32, 0, 8, 16, 4, 2, 4, 2, 64, 0, 0, 8, 2]",up,64
72,526,"[8, 2, 8, 32, 8, 16, 4, 2, 2, 4, 2, 64, 8, 2, 0, 0]",left,64
73,542,"[16, 2, 8, 32, 2, 16, 4, 2, 8, 4, 2, 64, 2, 2, 0, 0]",up,64
74,546,"[16, 2, 8, 32, 2, 16, 4, 2, 8, 4, 2, 64, 0, 2, 0, 4]",right,64
75,546,"[16, 2, 8, 32, 2, 16, 4, 2, 8, 4, 2, 64, 0, 2, 2, 4]",right,64
76,550,"[16, 2, 8, 32, 2, 16, 4, 2, 8, 4, 4, 64, 0, 2, 2, 4]",up,64
77,562,"[16, 2, 8, 32, 2, 16, 4, 2, 0, 8, 8, 64, 2, 0, 4, 4]",right,64
78,586,"[16, 2, 8, 32, 2, 16, 4, 2, 0, 0, 16, 64, 0, 4, 2, 8]",right,64
79,586,"[16, 2, 8, 32, 2, 16, 4, 2, 16, 64, 2, 0, 4, 2, 8, 0]",left,64
80,586,"[16, 2, 8, 32, 2, 16, 4, 2, 0, 16, 64, 2, 2, 4, 2, 8]",right,64
81,626,"[16, 2, 8, 32, 4, 32, 4, 4, 0, 4, 64, 8, 0, 0, 2, 2]",up,64
82,638,"[16, 2, 8, 32, 0, 4, 32, 8, 0, 4, 64, 8, 0, 0, 2, 4]",right,64
83,662,"[16, 2, 8, 32, 0, 8, 32, 16, 0, 2, 64, 4, 0, 0, 2, 0]",up,64
84,662,"[16, 2, 8, 32, 0, 8, 32, 16, 0, 2, 64, 4, 0, 0, 2, 2]",right,64
85,666,"[16, 2, 8, 32, 0, 8, 32, 16, 0, 2, 64, 4, 0, 4, 0, 4]",right,64
86,674,"[16, 2, 8, 32, 0, 8, 32, 16, 0, 2, 64, 8, 2, 4, 0, 0]",up,64
87,674,"[16, 2, 8, 32, 8, 32, 16, 0, 2, 64, 8, 0, 2, 4, 2, 0]",left,64
88,678,"[16, 2, 8, 32, 8, 32, 16, 2, 4, 64, 8, 0, 0, 4, 2, 0]",up,64
89,678,"[16, 2, 8, 32, 8, 32, 16, 2, 4, 64, 8, 0, 4, 2, 0, 2]",left,64
90,690,"[16, 2, 8, 32, 8, 32, 16, 4, 8, 64, 8, 0, 0, 2, 2, 0]",up,64
91,706,"[16, 2, 8, 32, 16, 32, 16, 4, 0, 64, 8, 0, 2, 2, 2, 0]",up,64
92,738,"[32, 2, 8, 32, 2, 32, 16, 4, 2, 64, 8, 0, 0, 2, 2, 0]",up,64
93,742,"[32, 2, 8, 32, 4, 32, 16, 4, 2, 64, 8, 0, 0, 2, 2, 0]",up,64
94,746,"[32, 2, 8, 32, 4, 32, 16, 4, 0, 2, 64, 8, 0, 2, 0, 4]",right,64
95,750,"[32, 2, 8, 32, 4, 32, 16, 4, 0, 4, 64, 8, 2, 0, 0, 4]",up,64
96,750,"[32, 2, 8, 32, 4, 32, 16, 4, 4, 64, 8, 0, 2, 4, 0, 2]",left,64
97,758,"[32, 2, 8, 32, 8, 32, 16, 4, 2, 64, 8, 2, 0, 4, 0, 2]",up,64
98,762,"[32, 2, 8, 32, 8, 32, 16, 4, 2, 64, 8, 4, 0, 4, 0, 2]",up,64
99,770,"[32, 2, 8, 32, 8, 32, 16, 8, 2, 64, 8, 2, 2, 4, 0, 0]",up,64
100,774,"[32, 2, 8, 32, 8, 32, 16, 8, 4, 64, 8, 2, 0, 4, 0, 2]",up,64
101,778,"[32, 2, 8, 32, 8, 32, 16, 8, 4, 64, 8, 4, 0, 4, 2, 0]",up,64
102,778,"[32, 2, 8, 32, 8, 32, 16, 8, 4, 64, 8, 4, 4, 2, 0, 2]",left,64
103,786,"[32, 2, 8, 32, 8, 32, 16, 8, 8, 64, 8, 4, 2, 2, 0, 2]",up,64
104,802,"[32, 2, 8, 32, 16, 32, 16, 8, 2, 64, 8, 4, 0, 2, 2, 2]",up,64
105,806,"[32, 2, 8, 32, 16, 32, 16, 8, 2, 64, 8, 4, 0, 2, 2, 4]",right,64
106,814,"[32, 2, 8, 32, 16, 32, 16, 8, 2, 64, 8, 8, 0, 2, 2, 2]",up,64
107,834,"[32, 2, 8, 32, 16, 32, 16, 8, 2, 2, 64, 16, 0, 0, 2, 4]",right,64
108,838,"[32, 2, 8, 32, 16, 32, 16, 8, 0, 4, 64, 16, 2, 0, 2, 4]",right,64
109,842,"[32, 2, 8, 32, 16, 32, 16, 8, 0, 4, 64, 16, 0, 2, 4, 4]",right,64
110,850,"[32, 2, 8, 32, 16, 32, 16, 8, 0, 4, 64, 16, 2, 0, 2, 8]",right,64
111,854,"[32, 2, 8, 32, 16, 32, 16, 8, 0, 4, 64, 16, 2, 0, 4, 8]",right,64
112,854,"[32, 2, 8, 32, 16, 32, 16, 8, 0, 4, 64, 16, 2, 2, 4, 8]",right,64
113,858,"[32, 2, 8, 32, 16, 32, 16, 8, 0, 4, 64, 16, 2, 4, 4, 8]",right,64
114,866,"[32, 2, 8, 32, 16, 32, 16, 8, 2, 8, 64, 16, 0, 2, 4, 8]",up,64
115,866,"[2, 2, 8, 32, 32, 32, 16, 8, 16, 8, 64, 16, 2, 2, 4, 8]",down,64
116,938,"[4, 4, 8, 32, 0, 64, 16, 8, 16, 8, 64, 16, 0, 4, 4, 8]",right,64
117,954,"[2, 8, 8, 32, 0, 64, 16, 8, 16, 8, 64, 16, 0, 0, 8, 8]",right,64
118,986,"[0, 2, 16, 32, 0, 64, 16, 8, 16, 8, 64, 16, 0, 0, 2, 16]",right,64
119,1050,"[16, 2, 32, 32, 0, 64, 64, 8, 0, 8, 2, 32, 0, 0, 2, 0]",up,64
120,1242,"[0, 16, 2, 64, 0, 0, 128, 8, 0, 8, 2, 32, 2, 0, 0, 2]",right,128
121,1246,"[0, 16, 2, 64, 0, 0, 128, 8, 2, 8, 2, 32, 0, 0, 0, 4]",right,128
122,1246,"[0, 0, 2, 64, 0, 0, 2, 8, 0, 16, 128, 32, 2, 8, 2, 4]",down,128
123,1250,"[2, 16, 4, 64, 0, 8, 128, 8, 0, 0, 2, 32, 4, 0, 0, 4]",up,128
124,1258,"[2, 16, 4, 64, 0, 8, 128, 8, 0, 2, 2, 32, 0, 0, 0, 8]",right,128
125,1262,"[2, 16, 4, 64, 0, 8, 128, 8, 0, 0, 4, 32, 2, 0, 0, 8]",right,128
126,1266,"[4, 16, 4, 64, 0, 8, 128, 8, 0, 0, 4, 32, 0, 0, 2, 8]",up,128
127,1266,"[0, 0, 4, 64, 2, 0, 128, 8, 0, 16, 4, 32, 4, 8, 2, 8]",down,128
128,1266,"[4, 0, 4, 64, 0, 0, 128, 8, 2, 16, 4, 32, 4, 8, 2, 8]",down,128
129,1274,"[0, 2, 8, 64, 0, 0, 128, 8, 2, 16, 4, 32, 4, 8, 2, 8]",right,128
130,1274,"[0, 0, 8, 64, 2, 2, 128, 8, 2, 16, 4, 32, 4, 8, 2, 8]",down,128
131,1276,"[2, 0, 8, 64, 0, 2, 128, 8, 4, 16, 4, 32, 4, 8, 2, 8]",down,128
132,1284,"[2, 2, 8, 64, 8, 16, 128, 8, 2, 8, 4, 32, 0, 0, 2, 8]",up,128
133,1288,"[0, 4, 8, 64, 8, 16, 128, 8, 2, 8, 4, 32, 0, 2, 2, 8]",right,128
134,1292,"[0, 4, 8, 64, 8, 16, 128, 8, 2, 8, 4, 32, 2, 0, 4, 8]",right,128
135,1304,"[8, 4, 8, 64, 4, 16, 128, 8, 2, 8, 8, 32, 0, 0, 0, 8]",up,128
136,1320,"[8, 4, 8, 64, 4, 16, 128, 8, 0, 2, 16, 32, 0, 0, 2, 8]",right,128
137,1320,"[0, 0, 8, 64, 2, 4, 128, 8, 8, 16, 16, 32, 4, 2, 2, 8]",down,128
138,1356,"[0, 0, 8, 64, 2, 4, 128, 8, 2, 8, 32, 32, 0, 4, 4, 8]",right,128
139,1428,"[0, 0, 8, 64, 2, 4, 128, 8, 0, 2, 8, 64, 2, 0, 8, 8]",right,128
140,1448,"[4, 4, 8, 64, 0, 2, 128, 8, 0, 0, 16, 64, 0, 2, 0, 8]",up,128
141,1456,"[0, 8, 8, 64, 0, 2, 128, 8, 0, 0, 16, 64, 2, 0, 2, 8]",right,128
142,1476,"[2, 0, 16, 64, 0, 2, 128, 8, 0, 0, 16, 64, 0, 0, 4, 8]",right,128
143,1476,"[2, 16, 64, 0, 2, 128, 8, 2, 16, 64, 0, 0, 4, 8, 0, 0]",left,128
144,1480,"[4, 16, 64, 2, 16, 128, 8, 0, 4, 64, 0, 0, 2, 8, 0, 0]",up,128
145,1480,"[4, 16, 2, 0, 16, 128, 0, 0, 4, 64, 64, 0, 2, 8, 8, 2]",down,128
146,1624,"[0, 4, 16, 2, 0, 0, 16, 128, 2, 0, 4, 128, 0, 2, 16, 2]",right,128
147,1912,"[2, 4, 32, 2, 0, 2, 4, 256, 0, 0, 16, 2, 0, 2, 0, 0]",up,256
148,1916,"[2, 4, 32, 2, 0, 4, 4, 256, 2, 0, 16, 2, 0, 0, 0, 0]",up,256
149,1928,"[4, 8, 32, 2, 0, 0, 4, 256, 2, 0, 16, 2, 0, 0, 0, 0]",up,256
150,1928,"[0, 0, 2, 0, 0, 0, 32, 2, 4, 0, 4, 256, 2, 8, 16, 2]",down,256
151,1936,"[0, 0, 2, 2, 0, 0, 32, 2, 0, 0, 8, 256, 2, 8, 16, 2]",right,256
152,1940,"[2, 8, 2, 4, 0, 0, 32, 256, 2, 0, 8, 2, 0, 0, 16, 0]",up,256
153,1944,"[4, 8, 2, 4, 0, 0, 32, 256, 0, 0, 8, 2, 0, 0, 16, 2]",up,256
154,1948,"[4, 8, 2, 4, 0, 0, 32, 256, 0, 0, 8, 4, 0, 0, 16, 2]",up,256
155,1948,"[4, 8, 2, 4, 32, 256, 0, 0, 8, 4, 0, 2, 16, 2, 0, 0]",left,256
156,1948,"[4, 8, 2, 4, 32, 256, 0, 2, 8, 4, 0, 0, 16, 2, 0, 2]",up,256
157,1952,"[4, 8, 2, 4, 32, 256, 0, 4, 8, 4, 0, 2, 16, 2, 0, 0]",up,256
158,1960,"[4, 8, 2, 8, 32, 256, 0, 2, 8, 4, 2, 0, 16, 2, 0, 0]",up,256
159,1964,"[4, 8, 4, 8, 32, 256, 2, 2, 8, 4, 0, 0, 16, 2, 0, 0]",up,256
160,1968,"[4, 8, 4, 8, 0, 32, 256, 4, 2, 0, 8, 4, 0, 0, 16, 2]",right,256
161,1976,"[4, 8, 4, 8, 2, 32, 256, 8, 0, 0, 8, 2, 0, 2, 16, 0]",up,256
162,1992,"[4, 8, 4, 16, 2, 32, 256, 2, 0, 2, 8, 0, 0, 0, 16, 4]",up,256
163,1992,"[4, 8, 4, 16, 2, 32, 256, 2, 0, 2, 8, 4, 2, 0, 16, 0]",up,256
164,1996,"[4, 8, 4, 16, 4, 32, 256, 2, 2, 2, 8, 4, 0, 0, 16, 0]",up,256
165,2004,"[8, 8, 4, 16, 2, 32, 256, 2, 0, 2, 8, 4, 2, 0, 16, 0]",up,256
166,2020,"[0, 16, 4, 16, 2, 32, 256, 2, 0, 2, 8, 4, 2, 0, 2, 16]",right,256
167,2024,"[4, 16, 4, 16, 0, 32, 256, 2, 2, 2, 8, 4, 0, 0, 2, 16]",up,256
168,2028,"[4, 16, 4, 16, 0, 32, 256, 2, 0, 4, 8, 4, 2, 0, 2, 16]",right,256
169,2032,"[4, 16, 4, 16, 0, 32, 256, 2, 2, 4, 8, 4, 0, 0, 4, 16]",right,256
170,2032,"[2, 0, 4, 16, 0, 16, 256, 2, 4, 32, 8, 4, 2, 4, 4, 16]",down,256
171,2040,"[2, 2, 4, 16, 0, 16, 256, 2, 4, 32, 8, 4, 0, 2, 8, 16]",right,256
172,2056,"[2, 2, 4, 16, 4, 16, 256, 2, 0, 32, 16, 4, 0, 2, 2, 16]",up,256
173,2064,"[0, 4, 4, 16, 4, 16, 256, 2, 2, 32, 16, 4, 0, 0, 4, 16]",right,256
174,2072,"[0, 2, 8, 16, 4, 16, 256, 2, 2, 32, 16, 4, 0, 0, 4, 16]",right,256
175,2072,"[0, 0, 8, 16, 2, 2, 256, 2, 4, 16, 16, 4, 2, 32, 4, 16]",down,256
176,2108,"[0, 0, 8, 16, 0, 4, 256, 2, 4, 4, 32, 4, 2, 32, 4, 16]",right,256
177,2116,"[4, 8, 8, 16, 2, 32, 256, 2, 0, 0, 32, 4, 0, 2, 4, 16]",up,256
178,2132,"[0, 4, 16, 16, 2, 32, 256, 2, 0, 2, 32, 4, 0, 2, 4, 16]",right,256
179,2164,"[0, 0, 4, 32, 2, 32, 256, 2, 0, 2, 32, 4, 2, 2, 4, 16]",right,256
180,2172,"[4, 32, 4, 32, 0, 4, 256, 2, 0, 0, 32, 4, 2, 0, 4, 16]",up,256
181,2172,"[4, 32, 4, 32, 2, 4, 256, 2, 0, 0, 32, 4, 0, 2, 4, 16]",right,256
182,2172,"[0, 2, 4, 32, 0, 32, 256, 2, 4, 4, 32, 4, 2, 2, 4, 16]",down,256
183,2184,"[0, 2, 4, 32, 0, 32, 256, 2, 2, 8, 32, 4, 0, 4, 4, 16]",right,256
184,2192,"[0, 2, 4, 32, 0, 32, 256, 2, 2, 8, 32, 4, 2, 0, 8, 16]",right,256
185,2196,"[4, 2, 4, 32, 0, 32, 256, 2, 2, 8, 32, 4, 0, 0, 8, 16]",up,256
186,2196,"[4, 2, 4, 32, 32, 256, 2, 0, 2, 8, 32, 4, 8, 16, 2, 0]",left,256
187,2196,"[4, 2, 4, 32, 32, 256, 2, 4, 2, 8, 32, 0, 8, 16, 2, 2]",up,256
188,2200,"[4, 2, 4, 32, 32, 256, 2, 4, 2, 2, 8, 32, 0, 8, 16, 4]",right,256
189,2204,"[4, 2, 4, 32, 32, 256, 2, 4, 0, 4, 8, 32, 2, 8, 16, 4]",right,256
190,2204,"[2, 2, 4, 32, 4, 256, 2, 4, 32, 4, 8, 32, 2, 8, 16, 4]",down,256
191,2208,"[2, 4, 4, 32, 4, 256, 2, 4, 32, 4, 8, 32, 2, 8, 16, 4]",right,256
192,2216,"[2, 2, 8, 32, 4, 256, 2, 4, 32, 4, 8, 32, 2, 8, 16, 4]",right,256
193,2220,"[2, 4, 8, 32, 4, 256, 2, 4, 32, 4, 8, 32, 2, 8, 16, 4]",right,256
1,0,"[2, 0, 0, 0, 0, 0, 0, 0, 0, 0, 0, 2, 0, 0, 0, 0]",right,2
2,0,"[2, 0, 0, 0, 0, 0, 0, 0, 2, 0, 0, 0, 0, 0, 0, 2]",left,2
3,2,"[0, 0, 0, 0, 0, 0, 0, 2, 0, 0, 0, 0, 4, 0, 0, 2]",down,4
4,4,"[0, 0, 0, 0, 0, 0, 0, 0, 0, 2, 0, 0, 4, 0, 0, 4]",down,4
5,12,"[0, 0, 0, 0, 0, 0, 0, 0, 2, 0, 0, 2, 0, 0, 0, 8]",right,8
6,16,"[0, 0, 0, 0, 0, 0, 0, 0, 0, 0, 0, 4, 2, 0, 0, 8]",right,8
7,16,"[0, 0, 0, 2, 0, 0, 0, 0, 0, 0, 0, 4, 0, 0, 2, 8]",right,8
8,16,"[2, 0, 0, 0, 0, 0, 0, 0, 4, 2, 0, 0, 2, 8, 0, 0]",left,8
9,16,"[2, 0, 0, 2, 0, 0, 0, 0, 0, 0, 4, 2, 0, 0, 2, 8]",right,8
10,20,"[2, 0, 4, 4, 0, 0, 2, 8, 0, 0, 0, 0, 2, 0, 0, 0]",up,8
11,28,"[2, 8, 0, 0, 2, 8, 0, 0, 0, 0, 0, 0, 2, 2, 0, 0]",left,8
12,48,"[4, 16, 0, 0, 2, 2, 0, 2, 0, 0, 0, 0, 0, 0, 0, 0]",up,16
13,52,"[0, 0, 4, 16, 2, 0, 2, 4, 0, 0, 0, 0, 0, 0, 0, 0]",right,16
14,56,"[4, 16, 0, 0, 4, 4, 0, 0, 2, 0, 0, 0, 0, 0, 0, 0]",left,16
15,64,"[8, 16, 0, 0, 2, 4, 0, 0, 0, 0, 0, 0, 2, 0, 0, 0]",up,16
16,66,"[0, 0, 0, 0, 0, 0, 0, 0, 8, 16, 2, 0, 4, 4, 0, 0]",down,16
17,74,"[0, 0, 0, 0, 0, 0, 0, 0, 8, 16, 2, 0, 8, 0, 0, 2]",left,16
18,90,"[16, 16, 2, 2, 0, 0, 0, 0, 0, 0, 0, 0, 0, 0, 0, 4]",up,16
19,126,"[32, 4, 0, 0, 0, 0, 0, 0, 0, 0, 4, 0, 4, 0, 0, 0]",left,32
20,126,"[0, 0, 2, 0, 0, 0, 0, 0, 32, 0, 0, 0, 4, 4, 4, 0]",down,32
21,134,"[2, 0, 0, 0, 0, 0, 2, 0, 32, 0, 0, 0, 8, 4, 0, 0]",left,32
22,134,"[2, 0, 0, 2, 2, 0, 0, 0, 32, 0, 0, 0, 8, 4, 0, 0]",left,32
23,138,"[0, 0, 2, 4, 0, 0, 0, 2, 0, 0, 0, 32, 0, 0, 8, 4]",right,32
24,138,"[2, 4, 2, 0, 2, 0, 0, 0, 32, 0, 0, 0, 8, 4, 0, 0]",left,32
25,150,"[4, 8, 2, 0, 32, 0, 0, 0, 8, 0, 0, 0, 2, 0, 0, 0]",up,32
26,150,"[0, 4, 8, 2, 2, 0, 0, 32, 0, 0, 0, 8, 0, 0, 0, 2]",right,32
27,150,"[0, 4, 8, 2, 0, 0, 2, 32, 0, 0, 0, 8, 0, 0, 2, 2]",right,32
28,154,"[0, 4, 8, 2, 0, 0, 2, 32, 0, 2, 0, 8, 0, 0, 0, 4]",right,32
29,154,"[4, 8, 2, 0, 2, 32, 0, 0, 2, 8, 0, 2, 4, 0, 0, 0]",left,32
30,156,"[0, 0, 0, 0, 4, 8, 4, 0, 4, 32, 0, 0, 4, 8, 2, 2]",down,32
31,160,"[0, 0, 0, 0, 4, 8, 4, 4, 4, 32, 0, 0, 4, 8, 4, 0]",left,32
32,176,"[8, 8, 8, 4, 4, 32, 0, 0, 0, 8, 2, 0, 0, 0, 0, 0]",up,32
33,192,"[0, 8, 16, 4, 0, 0, 4, 32, 0, 0, 8, 2, 2, 0, 0, 0]",right,32
34,192,"[8, 16, 4, 0, 4, 32, 0, 0, 8, 2, 0, 0, 2, 0, 0, 2]",left,32
35,196,"[2, 8, 16, 4, 0, 0, 4, 32, 0, 0, 8, 2, 0, 0, 0, 4]",right,32
36,196,"[0, 2, 0, 4, 0, 0, 16, 32, 0, 0, 4, 2, 2, 8, 8, 4]",down,32
37,212,"[0, 0, 2, 4, 0, 0, 16, 32, 0, 2, 4, 2, 0, 2, 16, 4]",right,32
38,216,"[0, 4, 2, 4, 0, 0, 16, 32, 2, 0, 4, 2, 0, 0, 16, 4]",up,32
39,216,"[0, 4, 2, 4, 0, 0, 16, 32, 0, 2, 4, 2, 2, 0, 16, 4]",right,32
40,216,"[2, 4, 2, 4, 2, 2, 16, 32, 0, 0, 4, 2, 0, 0, 16, 4]",up,32
41,218,"[0, 2, 2, 4, 0, 0, 16, 32, 0, 4, 4, 2, 4, 2, 16, 4]",down,32
42,230,"[0, 0, 4, 4, 0, 2, 16, 32, 0, 0, 8, 2, 4, 2, 16, 4]",right,32
43,238,"[8, 0, 0, 0, 2, 16, 32, 0, 8, 2, 2, 0, 4, 2, 16, 4]",left,32
44,242,"[8, 16, 32, 4, 2, 4, 2, 0, 8, 0, 16, 0, 4, 0, 2, 0]",up,32
45,242,"[8, 0, 32, 0, 2, 0, 2, 2, 8, 16, 16, 0, 4, 4, 2, 4]",down,32
46,286,"[0, 0, 8, 32, 0, 0, 2, 4, 0, 2, 8, 32, 0, 8, 2, 4]",right,32
47,286,"[8, 32, 0, 0, 2, 4, 2, 0, 2, 8, 32, 0, 8, 2, 4, 0]",left,32
48,288,"[0, 32, 0, 0, 8, 4, 2, 0, 4, 8, 32, 2, 8, 2, 4, 0]",down,32
49,288,"[32, 2, 0, 0, 8, 4, 2, 0, 4, 8, 32, 2, 8, 2, 4, 0]",left,32
50,288,"[32, 2, 2, 2, 8, 4, 32, 4, 4, 8, 4, 0, 8, 2, 0, 0]",up,32
51,292,"[0, 32, 2, 4, 8, 4, 32, 4, 0, 4, 8, 4, 2, 0, 8, 2]",right,32
52,316,"[8, 32, 2, 4, 2, 8, 32, 4, 0, 0, 16, 4, 0, 0, 4, 2]",up,32
53,324,"[8, 32, 2, 8, 2, 8, 32, 4, 0, 0, 16, 2, 0, 2, 4, 0]",up,32
54,324,"[8, 32, 2, 8, 2, 8, 32, 4, 0, 0, 16, 2, 2, 0, 2, 4]",right,32
55,328,"[8, 32, 2, 8, 2, 8, 32, 4, 16, 2, 2, 0, 4, 4, 0, 0]",left,32
56,340,"[8, 32, 2, 8, 2, 8, 32, 4, 0, 2, 16, 4, 0, 0, 0, 8]",right,32
57,344,"[0, 2, 0, 0, 0, 32, 2, 8, 8, 8, 32, 8, 2, 2, 16, 8]",down,32
58,364,"[2, 0, 0, 0, 32, 2, 8, 2, 16, 32, 8, 0, 4, 16, 8, 0]",left,32
59,380,"[2, 2, 16, 2, 32, 32, 8, 0, 16, 16, 0, 0, 4, 2, 0, 0]",up,32
60,480,"[0, 4, 16, 2, 0, 0, 64, 8, 0, 0, 0, 32, 2, 0, 4, 2]",right,64
61,480,"[0, 4, 16, 2, 0, 0, 64, 8, 0, 2, 0, 32, 0, 2, 4, 2]",right,64
62,482,"[2, 0, 0, 2, 0, 0, 16, 8, 0, 4, 64, 32, 0, 4, 4, 2]",down,64
63,494,"[4, 0, 2, 0, 16, 8, 0, 0, 4, 64, 32, 0, 8, 2, 0, 0]",left,64
64,494,"[4, 8, 2, 0, 16, 64, 32, 0, 4, 2, 0, 0, 8, 0, 2, 0]",up,64
65,494,"[4, 8, 2, 2, 16, 64, 32, 0, 4, 2, 0, 0, 8, 2, 0, 0]",left,64
66,496,"[4, 0, 0, 0, 16, 8, 0, 2, 4, 64, 2, 0, 8, 4, 32, 2]",down,64
67,498,"[4, 0, 0, 0, 16, 8, 2, 0, 4, 64, 2, 0, 8, 4, 32, 4]",down,64
68,500,"[4, 0, 0, 0, 16, 8, 0, 2, 4, 64, 4, 0, 8, 4, 32, 4]",down,64
69,500,"[0, 0, 0, 4, 0, 16, 8, 2, 2, 4, 64, 4, 8, 4, 32, 4]",right,64
70,504,"[0, 0, 4, 4, 0, 0, 8, 2, 2, 16, 64, 4, 8, 8, 32, 4]",down,64
71,528,"[2, 0, 0, 8, 0, 0, 8, 2, 2, 16, 64, 4, 0, 16, 32, 4]",right,64
72,572,"[4, 32, 8, 8, 0, 0, 64, 2, 0, 0, 32, 8, 0, 2, 0, 0]",up,64
73,588,"[0, 4, 32, 16, 0, 0, 64, 2, 0, 0, 32, 8, 0, 0, 2, 2]",right,64
74,592,"[0, 4, 32, 16, 2, 0, 64, 2, 0, 0, 32, 8, 0, 0, 0, 4]",right,64
75,592,"[2, 4, 32, 16, 0, 0, 64, 2, 0, 2, 32, 8, 0, 0, 0, 4]",up,64
76,592,"[2, 4, 32, 16, 0, 2, 64, 2, 0, 0, 32, 8, 0, 2, 0, 4]",up,64
77,596,"[2, 4, 32, 16, 0, 4, 64, 2, 0, 2, 32, 8, 0, 0, 0, 4]",up,64
78,604,"[2, 8, 32, 16, 0, 2, 64, 2, 0, 0, 32, 8, 0, 2, 0, 4]",up,64
79,608,"[2, 8, 32, 16, 2, 4, 64, 2, 0, 0, 32, 8, 0, 0, 0, 4]",up,64
80,610,"[0, 4, 0, 16, 0, 0, 32, 2, 0, 8, 64, 8, 4, 4, 32, 4]",down,64
81,618,"[0, 0, 4, 16, 0, 2, 32, 2, 0, 8, 64, 8, 0, 8, 32, 4]",right,64
82,634,"[0, 2, 4, 16, 0, 16, 32, 2, 0, 2, 64, 8, 0, 0, 32, 4]",up,64
83,634,"[0, 0, 4, 16, 2, 2, 32, 2, 0, 16, 64, 8, 0, 2, 32, 4]",down,64
84,638,"[0, 0, 4, 16, 0, 4, 32, 2, 2, 16, 64, 8, 0, 2, 32, 4]",right,64
85,638,"[0, 0, 4, 16, 0, 4, 32, 2, 2, 16, 64, 8, 2, 2, 32, 4]",down,64
86,642,"[4, 4, 4, 16, 0, 16, 32, 2, 0, 2, 64, 8, 0, 2, 32, 4]",up,64
87,650,"[8, 4, 16, 0, 16, 32, 2, 0, 2, 64, 8, 0, 2, 32, 4, 2]",left,64
88,652,"[0, 4, 16, 2, 8, 32, 2, 0, 16, 64, 8, 0, 4, 32, 4, 2]",down,64
89,656,"[8, 4, 16, 4, 16, 32, 2, 0, 4, 64, 8, 0, 0, 32, 4, 2]",up,64
90,656,"[8, 4, 16, 4, 16, 32, 2, 2, 4, 64, 8, 0, 0, 32, 4, 2]",up,64
91,660,"[8, 4, 16, 4, 0, 16, 32, 4, 2, 4, 64, 8, 0, 32, 4, 2]",right,64
92,664,"[0, 4, 16, 0, 2, 16, 32, 8, 8, 4, 64, 8, 2, 32, 4, 2]",down,64
93,680,"[2, 4, 16, 16, 8, 16, 32, 2, 2, 4, 64, 0, 0, 32, 4, 2]",up,64
94,712,"[2, 4, 32, 0, 8, 16, 32, 2, 2, 4, 64, 0, 32, 4, 2, 2]",left,64
95,750,"[2, 0, 0, 0, 8, 4, 64, 0, 2, 16, 64, 2, 32, 8, 2, 4]",down,64
96,814,"[2, 2, 0, 0, 8, 4, 0, 0, 2, 16, 128, 2, 32, 8, 2, 4]",down,128
97,818,"[0, 2, 0, 4, 0, 0, 8, 4, 2, 16, 128, 2, 32, 8, 2, 4]",right,128
98,822,"[0, 0, 0, 4, 0, 2, 8, 8, 2, 16, 128, 2, 32, 8, 2, 4]",down,128
99,838,"[2, 0, 0, 4, 0, 0, 2, 16, 2, 16, 128, 2, 32, 8, 2, 4]",right,128
100,842,"[4, 16, 2, 4, 32, 8, 128, 16, 0, 2, 2, 2, 0, 0, 0, 4]",up,128
101,846,"[4, 16, 2, 4, 32, 8, 128, 16, 0, 0, 2, 4, 0, 0, 2, 4]",right,128
102,858,"[4, 16, 2, 4, 32, 8, 128, 16, 4, 0, 4, 8, 0, 0, 0, 0]",up,128
103,866,"[4, 16, 2, 4, 32, 8, 128, 16, 8, 8, 0, 0, 0, 0, 2, 0]",left,128
104,874,"[0, 0, 0, 0, 4, 2, 2, 0, 32, 16, 128, 4, 8, 16, 2, 16]",down,128
105,890,"[0, 2, 0, 0, 4, 0, 2, 0, 32, 2, 128, 4, 8, 32, 2, 16]",down,128
106,894,"[4, 4, 2, 4, 32, 32, 128, 16, 8, 0, 2, 0, 0, 0, 0, 2]",up,128
107,966,"[0, 8, 2, 4, 0, 64, 128, 16, 0, 0, 8, 2, 0, 0, 2, 2]",right,128
108,970,"[0, 8, 2, 4, 2, 64, 128, 16, 0, 0, 8, 4, 0, 0, 2, 0]",up,128
109,970,"[0, 8, 2, 4, 2, 64, 128, 16, 0, 0, 8, 4, 0, 2, 0, 2]",right,128
110,974,"[8, 2, 4, 0, 2, 64, 128, 16, 8, 4, 0, 0, 4, 0, 2, 0]",left,128
111,974,"[0, 8, 2, 4, 2, 64, 128, 16, 0, 0, 8, 4, 2, 0, 4, 2]",right,128
112,976,"[0, 0, 2, 4, 0, 0, 128, 16, 2, 8, 8, 4, 4, 64, 4, 2]",down,128
113,992,"[2, 4, 2, 0, 128, 16, 0, 0, 2, 16, 4, 0, 4, 64, 4, 2]",left,128
114,1032,"[2, 4, 2, 2, 128, 32, 8, 0, 2, 64, 0, 2, 4, 0, 0, 0]",up,128
115,1036,"[2, 4, 4, 2, 128, 32, 8, 0, 2, 64, 2, 0, 4, 0, 0, 0]",left,128
116,1044,"[2, 8, 2, 0, 128, 32, 8, 0, 2, 64, 2, 0, 4, 2, 0, 0]",left,128
117,1044,"[0, 2, 8, 2, 2, 128, 32, 8, 0, 2, 64, 2, 0, 0, 4, 2]",right,128
118,1048,"[2, 2, 8, 2, 0, 128, 32, 8, 0, 2, 64, 4, 0, 2, 4, 0]",up,128
119,1052,"[4, 8, 2, 0, 128, 32, 8, 2, 2, 64, 4, 0, 2, 4, 0, 0]",left,128
120,1056,"[4, 8, 2, 2, 128, 32, 8, 0, 4, 64, 4, 0, 2, 4, 0, 0]",up,128
121,1060,"[0, 4, 8, 4, 2, 128, 32, 8, 0, 4, 64, 4, 0, 0, 2, 4]",right,128
122,1064,"[0, 0, 8, 2, 0, 4, 32, 4, 0, 128, 64, 8, 2, 4, 2, 8]",down,128
123,1080,"[2, 4, 8, 2, 0, 128, 32, 4, 0, 4, 64, 16, 0, 0, 2, 2]",up,128
124,1084,"[2, 4, 8, 2, 0, 128, 32, 4, 0, 4, 64, 16, 0, 0, 2, 4]",right,128
125,1084,"[2, 4, 8, 2, 128, 32, 4, 2, 4, 64, 16, 0, 2, 4, 0, 0]",left,128
126,1088,"[2, 4, 8, 4, 128, 32, 4, 0, 4, 64, 16, 0, 2, 4, 0, 2]",up,128
127,1088,"[2, 4, 0, 0, 128, 32, 8, 2, 4, 64, 4, 4, 2, 4, 16, 2]",down,128
128,1096,"[2, 4, 2, 0, 128, 32, 8, 2, 4, 64, 8, 0, 2, 4, 16, 2]",left,128
129,1104,"[2, 4, 2, 0, 128, 32, 2, 0, 4, 64, 16, 2, 2, 4, 16, 2]",down,128
130,1122,"[2, 4, 0, 0, 128, 32, 2, 0, 4, 64, 4, 2, 2, 4, 32, 2]",down,128
131,1126,"[2, 4, 2, 4, 128, 32, 4, 0, 4, 64, 32, 0, 2, 4, 2, 0]",up,128
132,1126,"[2, 4, 2, 4, 2, 128, 32, 4, 0, 4, 64, 32, 0, 2, 4, 2]",right,128
133,1138,"[4, 4, 2, 8, 0, 128, 32, 32, 0, 4, 64, 2, 0, 2, 4, 2]",up,128
134,1210,"[8, 2, 8, 0, 128, 64, 0, 0, 4, 64, 2, 2, 2, 4, 2, 0]",left,128
135,1276,"[8, 0, 0, 0, 128, 2, 0, 2, 4, 128, 8, 0, 2, 4, 4, 2]",down,128
136,1288,"[8, 0, 2, 0, 128, 4, 0, 0, 4, 128, 8, 0, 2, 8, 2, 0]",left,128
137,1288,"[8, 4, 2, 0, 128, 128, 8, 2, 4, 8, 2, 0, 2, 0, 0, 0]",up,128
138,1544,"[8, 4, 2, 0, 256, 8, 2, 0, 4, 8, 2, 0, 2, 4, 0, 0]",left,256
139,1554,"[8, 0, 0, 0, 256, 4, 0, 2, 4, 16, 2, 0, 2, 4, 4, 0]",down,256
140,1562,"[8, 0, 0, 0, 256, 4, 2, 2, 4, 16, 2, 0, 2, 8, 0, 0]",left,256
141,1566,"[0, 0, 0, 8, 0, 256, 4, 4, 2, 4, 16, 2, 0, 0, 2, 8]",right,256
142,1574,"[8, 0, 0, 0, 256, 8, 2, 0, 2, 4, 16, 2, 2, 8, 0, 0]",left,256
143,1576,"[0, 0, 0, 0, 8, 8, 0, 0, 256, 4, 2, 2, 4, 8, 16, 2]",down,256
144,1596,"[2, 0, 0, 0, 0, 0, 0, 16, 0, 256, 4, 4, 4, 8, 16, 2]",right,256
145,1604,"[2, 0, 0, 0, 16, 2, 0, 0, 256, 8, 0, 0, 4, 8, 16, 2]",left,256
146,1612,"[2, 0, 0, 0, 16, 0, 0, 2, 256, 2, 0, 0, 4, 16, 16, 2]",down,256
147,1616,"[2, 2, 16, 4, 16, 16, 0, 0, 256, 0, 0, 0, 4, 2, 0, 0]",up,256
148,1652,"[4, 16, 4, 0, 32, 0, 0, 0, 256, 2, 0, 0, 4, 2, 0, 0]",left,256
149,1654,"[4, 0, 0, 0, 32, 0, 0, 0, 256, 16, 0, 4, 4, 4, 4, 0]",down,256
150,1662,"[4, 2, 0, 0, 32, 0, 0, 0, 256, 16, 4, 0, 8, 4, 0, 0]",left,256
151,1662,"[4, 0, 0, 0, 32, 2, 0, 0, 256, 16, 2, 0, 8, 4, 4, 0]",down,256
152,1670,"[0, 0, 0, 4, 2, 0, 32, 2, 0, 256, 16, 2, 0, 0, 8, 8]",right,256
153,1674,"[2, 256, 32, 4, 0, 0, 16, 4, 2, 0, 8, 8, 0, 0, 0, 0]",up,256
154,1676,"[0, 4, 0, 0, 0, 0, 32, 4, 0, 0, 16, 4, 4, 256, 8, 8]",down,256
155,1680,"[0, 2, 0, 0, 0, 0, 32, 0, 0, 4, 16, 8, 4, 256, 8, 8]",down,256
156,1696,"[0, 0, 0, 2, 2, 0, 0, 32, 0, 4, 16, 8, 0, 4, 256, 16]",right,256
157,1704,"[2, 8, 16, 2, 0, 0, 256, 32, 0, 0, 0, 8, 0, 0, 2, 16]",up,256
158,1704,"[2, 8, 16, 2, 256, 32, 0, 0, 8, 0, 0, 0, 2, 16, 2, 0]",left,256
159,1704,"[2, 8, 16, 2, 256, 32, 2, 0, 8, 16, 0, 0, 2, 4, 0, 0]",up,256
160,1704,"[2, 8, 0, 2, 256, 32, 0, 0, 8, 16, 16, 0, 2, 4, 2, 2]",down,256
161,1740,"[0, 2, 8, 2, 0, 0, 256, 32, 0, 0, 8, 32, 4, 2, 4, 4]",right,256
162,1808,"[4, 4, 8, 2, 2, 0, 256, 64, 0, 0, 8, 4, 0, 0, 4, 0]",up,256
163,1816,"[0, 8, 8, 2, 0, 2, 256, 64, 0, 0, 8, 4, 0, 2, 0, 4]",right,256
164,1822,"[2, 0, 0, 0, 0, 0, 8, 2, 0, 8, 256, 64, 0, 4, 8, 8]",down,256
165,1838,"[2, 0, 0, 0, 8, 2, 0, 2, 8, 256, 64, 0, 4, 16, 0, 0]",left,256
166,1846,"[0, 0, 0, 0, 2, 2, 0, 0, 16, 256, 0, 2, 4, 16, 64, 2]",down,256
167,1850,"[0, 0, 0, 4, 4, 0, 0, 0, 16, 256, 2, 0, 4, 16, 64, 2]",left,256
168,1850,"[0, 0, 0, 0, 4, 0, 2, 0, 16, 256, 2, 4, 4, 16, 64, 2]",down,256
169,1852,"[0, 2, 0, 0, 4, 0, 0, 0, 16, 256, 4, 4, 4, 16, 64, 2]",down,256
170,1860,"[2, 0, 0, 0, 4, 2, 0, 0, 16, 256, 8, 0, 4, 16, 64, 2]",left,256
171,1860,"[2, 2, 8, 2, 4, 256, 64, 0, 16, 16, 0, 0, 4, 0, 0, 2]",up,256
172,1896,"[0, 4, 8, 2, 0, 4, 256, 64, 0, 2, 0, 32, 0, 0, 4, 2]",right,256
173,1900,"[0, 0, 0, 2, 0, 0, 8, 64, 0, 8, 256, 32, 2, 2, 4, 2]",down,256
174,1904,"[2, 0, 0, 2, 0, 0, 8, 64, 0, 8, 256, 32, 0, 4, 4, 2]",right,256
175,1916,"[0, 0, 0, 4, 0, 2, 8, 64, 0, 8, 256, 32, 0, 0, 8, 2]",right,256
176,1916,"[0, 2, 8, 4, 0, 8, 256, 64, 0, 0, 8, 32, 0, 2, 0, 2]",up,256
177,1920,"[2, 8, 4, 0, 8, 256, 64, 0, 8, 32, 0, 0, 4, 0, 0, 2]",left,256
178,1928,"[0, 0, 0, 0, 2, 8, 0, 0, 16, 256, 4, 2, 4, 32, 64, 2]",down,256
179,1932,"[2, 8, 4, 4, 16, 256, 64, 0, 4, 32, 0, 0, 0, 2, 0, 0]",up,256
180,1940,"[2, 2, 8, 8, 0, 16, 256, 64, 0, 0, 4, 32, 0, 0, 0, 2]",right,256
181,1960,"[0, 2, 4, 16, 0, 16, 256, 64, 0, 0, 4, 32, 0, 0, 0, 2]",right,256
182,1960,"[2, 4, 16, 0, 16, 256, 64, 0, 4, 32, 0, 0, 2, 0, 0, 2]",left,256
183,1964,"[0, 2, 4, 16, 0, 16, 256, 64, 0, 0, 4, 32, 0, 2, 0, 4]",right,256
184,1964,"[2, 4, 16, 0, 16, 256, 64, 0, 4, 32, 0, 2, 2, 4, 0, 0]",left,256
185,1964,"[2, 4, 0, 2, 16, 256, 0, 0, 4, 32, 16, 0, 2, 4, 64, 2]",down,256
186,1966,"[2, 4, 0, 0, 16, 256, 0, 2, 4, 32, 16, 0, 2, 4, 64, 4]",down,256
187,1966,"[2, 4, 16, 2, 16, 256, 64, 4, 4, 32, 0, 0, 2, 4, 2, 0]",up,256
188,1966,"[2, 4, 16, 2, 16, 256, 64, 4, 0, 0, 4, 32, 4, 2, 4, 2]",right,256
189,1970,"[0, 2, 0, 2, 2, 4, 16, 4, 16, 256, 64, 32, 4, 2, 8, 2]",down,256
190,1974,"[4, 0, 0, 2, 2, 4, 16, 4, 16, 256, 64, 32, 4, 2, 8, 2]",left,256
191,1974,"[2, 0, 4, 2, 2, 4, 16, 4, 16, 256, 64, 32, 4, 2, 8, 2]",right,256
192,1976,"[2, 0, 4, 2, 4, 4, 16, 4, 16, 256, 64, 32, 4, 2, 8, 2]",down,256
193,1984,"[2, 2, 4, 2, 0, 8, 16, 4, 16, 256, 64, 32, 4, 2, 8, 2]",right,256
194,1988,"[2, 4, 4, 2, 0, 8, 16, 4, 16, 256, 64, 32, 4, 2, 8, 2]",right,256
195,1996,"[2, 2, 8, 2, 0, 8, 16, 4, 16, 256, 64, 32, 4, 2, 8, 2]",right,256
196,2000,"[4, 8, 2, 0, 8, 16, 4, 4, 16, 256, 64, 32, 4, 2, 8, 2]",left,256
197,2008,"[4, 8, 2, 4, 8, 16, 8, 0, 16, 256, 64, 32, 4, 2, 8, 2]",left,256
198,2008,"[4, 8, 2, 2, 8, 16, 8, 4, 16, 256, 64, 32, 4, 2, 8, 2]",down,256
199,2012,"[4, 8, 4, 2, 8, 16, 8, 4, 16, 256, 64, 32, 4, 2, 8, 2]",left,256
1,0,"[2, 0, 0, 0, 0, 0, 0, 0, 0, 0, 0, 2, 0, 0, 0, 0]",right,2
2,0,"[2, 0, 0, 0, 0, 0, 0, 0, 2, 0, 0, 0, 0, 0, 0, 2]",left,2
3,2,"[0, 0, 0, 0, 0, 0, 0, 2, 0, 0, 0, 0, 4, 0, 0, 2]",down,4
4,4,"[0, 0, 0, 0, 0, 0, 0, 0, 0, 2, 0, 0, 4, 0, 0, 4]",down,4
5,12,"[0, 0, 0, 0, 0, 0, 0, 0, 2, 0, 0, 2, 0, 0, 0, 8]",right,8
6,16,"[0, 0, 0, 0, 0, 0, 0, 0, 0, 0, 0, 4, 2, 0, 0, 8]",right,8
7,16,"[0, 0, 0, 2, 0, 0, 0, 0, 0, 0, 0, 4, 0, 0, 2, 8]",right,8
8,16,"[2, 0, 0, 0, 0, 0, 0, 0, 4, 2, 0, 0, 2, 8, 0, 0]",left,8
9,16,"[2, 0, 0, 2, 0, 0, 0, 0, 0, 0, 4, 2, 0, 0, 2, 8]",right,8
10,20,"[2, 0, 4, 4, 0, 0, 2, 8, 0, 0, 0, 0, 2, 0, 0, 0]",up,8
11,28,"[2, 8, 0, 0, 2, 8, 0, 0, 0, 0, 0, 0, 2, 2, 0, 0]",left,8
12,48,"[4, 16, 0, 0, 2, 2, 0, 2, 0, 0, 0, 0, 0, 0, 0, 0]",up,16
13,52,"[0, 0, 4, 16, 2, 0, 2, 4, 0, 0, 0, 0, 0, 0, 0, 0]",right,16
14,56,"[4, 16, 0, 0, 4, 4, 0, 0, 2, 0, 0, 0, 0, 0, 0, 0]",left,16
15,64,"[8, 16, 0, 0, 2, 4, 0, 0, 0, 0, 0, 0, 2, 0, 0, 0]",up,16
16,66,"[0, 0, 0, 0, 0, 0, 0, 0, 8, 16, 2, 0, 4, 4, 0, 0]",down,16
17,74,"[0, 0, 0, 0, 0, 0, 0, 0, 8, 16, 2, 0, 8, 0, 0, 2]",left,16
18,90,"[16, 16, 2, 2, 0, 0, 0, 0, 0, 0, 0, 0, 0, 0, 0, 4]",up,16
19,126,"[32, 4, 0, 0, 0, 0, 0, 0, 0, 0, 4, 0, 4, 0, 0, 0]",left,32
20,126,"[0, 0, 2, 0, 0, 0, 0, 0, 32, 0, 0, 0, 4, 4, 4, 0]",down,32
21,134,"[2, 0, 0, 0, 0, 0, 2, 0, 32, 0, 0, 0, 8, 4, 0, 0]",left,32
22,134,"[2, 0, 0, 2, 2, 0, 0, 0, 32, 0, 0, 0, 8, 4, 0, 0]",left,32
23,138,"[0, 0, 2, 4, 0, 0, 0, 2, 0, 0, 0, 32, 0, 0, 8, 4]",right,32
24,138,"[2, 4, 2, 0, 2, 0, 0, 0, 32, 0, 0, 0, 8, 4, 0, 0]",left,32
25,150,"[4, 8, 2, 0, 32, 0, 0, 0, 8, 0, 0, 0, 2, 0, 0, 0]",up,32
26,150,"[0, 4, 8, 2, 2, 0, 0, 32, 0, 0, 0, 8, 0, 0, 0, 2]",right,32
27,150,"[0, 4, 8, 2, 0, 0, 2, 32, 0, 0, 0, 8, 0, 0, 2, 2]",right,32
28,154,"[0, 4, 8, 2, 0, 0, 2, 32, 0, 2, 0, 8, 0, 0, 0, 4]",right,32
29,154,"[4, 8, 2, 0, 2, 32, 0, 0, 2, 8, 0, 2, 4, 0, 0, 0]",left,32
30,156,"[0, 0, 0, 0, 4, 8, 4, 0, 4, 32, 0, 0, 4, 8, 2, 2]",down,32
31,160,"[0, 0, 0, 0, 4, 8, 4, 4, 4, 32, 0, 0, 4, 8, 4, 0]",left,32
32,176,"[8, 8, 8, 4, 4, 32, 0, 0, 0, 8, 2, 0, 0, 0, 0, 0]",up,32
33,192,"[0, 8, 16, 4, 0, 0, 4, 32, 0, 0, 8, 2, 2, 0, 0, 0]",right,32
34,192,"[8, 16, 4, 0, 4, 32, 0, 0, 8, 2, 0, 0, 2, 0, 0, 2]",left,32
35,196,"[2, 8, 16, 4, 0, 0, 4, 32, 0, 0, 8, 2, 0, 0, 0, 4]",right,32
36,196,"[0, 2, 0, 4, 0, 0, 16, 32, 0, 0, 4, 2, 2, 8, 8, 4]",down,32
37,212,"[0, 0, 2, 4, 0, 0, 16, 32, 0, 2, 4, 2, 0, 2, 16, 4]",right,32
38,216,"[0, 4, 2, 4, 0, 0, 16, 32, 2, 0, 4, 2, 0, 0, 16, 4]",up,32
39,216,"[0, 4, 2, 4, 0, 0, 16, 32, 0, 2, 4, 2, 2, 0, 16, 4]",right,32
40,216,"[2, 4, 2, 4, 2, 2, 16, 32, 0, 0, 4, 2, 0, 0, 16, 4]",up,32
41,218,"[0, 2, 2, 4, 0, 0, 16, 32, 0, 4, 4, 2, 4, 2, 16, 4]",down,32
42,230,"[0, 0, 4, 4, 0, 2, 16, 32, 0, 0, 8, 2, 4, 2, 16, 4]",right,32
43,238,"[8, 0, 0, 0, 2, 16, 32, 0, 8, 2, 2, 0, 4, 2, 16, 4]",left,32
44,242,"[8, 16, 32, 4, 2, 4, 2, 0, 8, 0, 16, 0, 4, 0, 2, 0]",up,32
45,242,"[8, 0, 32, 0, 2, 0, 2, 2, 8, 16, 16, 0, 4, 4, 2, 4]",down,32
46,286,"[8, 32, 0, 0, 4, 2, 0, 0, 8, 32, 0, 2, 8, 2, 4, 0]",left,32
47,294,"[0, 32, 0, 2, 8, 2, 0, 0, 4, 32, 0, 0, 16, 2, 4, 2]",down,32
48,296,"[0, 32, 0, 0, 8, 2, 0, 2, 4, 32, 0, 0, 16, 2, 4, 4]",down,32
49,308,"[0, 2, 0, 32, 0, 0, 8, 4, 0, 0, 4, 32, 0, 16, 2, 8]",right,32
50,308,"[4, 2, 8, 32, 0, 16, 4, 4, 0, 0, 2, 32, 0, 0, 0, 8]",up,32
51,316,"[4, 2, 8, 32, 0, 0, 16, 8, 0, 0, 2, 32, 4, 0, 0, 8]",right,32
52,320,"[0, 0, 0, 32, 0, 0, 8, 8, 0, 2, 16, 32, 8, 2, 2, 8]",down,32
53,340,"[32, 2, 0, 0, 16, 0, 0, 0, 2, 16, 32, 0, 8, 4, 8, 0]",left,32
54,340,"[32, 0, 0, 0, 16, 2, 2, 0, 2, 16, 32, 0, 8, 4, 8, 0]",down,32
55,344,"[2, 0, 0, 32, 0, 0, 16, 4, 0, 2, 16, 32, 0, 8, 4, 8]",right,32
56,360,"[0, 2, 0, 32, 0, 0, 0, 4, 0, 2, 32, 32, 2, 8, 4, 8]",down,32
57,424,"[2, 32, 0, 2, 4, 0, 0, 0, 2, 64, 0, 0, 2, 8, 4, 8]",left,64
58,428,"[2, 32, 4, 2, 4, 64, 0, 8, 4, 8, 0, 0, 2, 0, 0, 0]",up,64
59,436,"[2, 32, 4, 2, 8, 64, 0, 8, 2, 8, 0, 0, 2, 0, 0, 0]",up,64
60,438,"[0, 0, 0, 0, 2, 32, 0, 2, 8, 64, 0, 2, 4, 8, 4, 8]",down,64
61,440,"[0, 0, 0, 0, 2, 32, 0, 2, 8, 64, 0, 4, 4, 8, 4, 8]",down,64
62,440,"[0, 0, 0, 4, 0, 2, 32, 2, 0, 8, 64, 4, 4, 8, 4, 8]",right,64
63,448,"[2, 0, 0, 4, 0, 0, 32, 2, 0, 2, 64, 4, 4, 16, 4, 8]",down,64
64,448,"[2, 2, 32, 4, 4, 16, 64, 2, 2, 0, 4, 4, 0, 0, 0, 8]",up,64
65,460,"[4, 32, 4, 0, 4, 16, 64, 2, 2, 8, 0, 0, 8, 0, 0, 2]",left,64
66,466,"[2, 0, 0, 0, 8, 32, 0, 0, 2, 16, 4, 0, 8, 8, 64, 4]",down,64
67,482,"[2, 0, 0, 0, 8, 32, 0, 2, 2, 16, 4, 0, 16, 64, 4, 0]",left,64
68,486,"[2, 0, 0, 0, 8, 32, 2, 0, 2, 16, 0, 0, 16, 64, 8, 2]",down,64
69,486,"[0, 0, 0, 2, 2, 8, 32, 2, 0, 0, 2, 16, 16, 64, 8, 2]",right,64
70,490,"[2, 8, 32, 4, 16, 64, 2, 16, 0, 0, 8, 2, 0, 4, 0, 0]",up,64
71,490,"[2, 8, 32, 4, 16, 64, 2, 16, 8, 2, 0, 0, 4, 2, 0, 0]",left,64
72,492,"[2, 2, 0, 0, 16, 8, 0, 0, 8, 64, 32, 4, 4, 4, 2, 16]",down,64
73,504,"[4, 0, 0, 0, 16, 8, 0, 0, 8, 64, 32, 4, 8, 2, 16, 2]",left,64
74,512,"[0, 0, 0, 0, 4, 8, 2, 0, 16, 64, 32, 4, 16, 2, 16, 2]",down,64
75,528,"[0, 0, 2, 0, 0, 8, 2, 0, 4, 64, 32, 4, 32, 2, 16, 2]",down,64
76,532,"[4, 8, 4, 4, 32, 64, 32, 2, 0, 2, 16, 0, 0, 0, 2, 0]",up,64
77,540,"[0, 4, 8, 8, 32, 64, 32, 2, 0, 2, 2, 16, 0, 0, 0, 2]",right,64
78,560,"[4, 16, 2, 0, 32, 64, 32, 2, 4, 16, 0, 0, 2, 0, 0, 0]",left,64
79,560,"[0, 4, 16, 2, 32, 64, 32, 2, 2, 0, 4, 16, 0, 0, 0, 2]",right,64
80,562,"[0, 2, 0, 0, 0, 0, 16, 4, 32, 4, 32, 16, 2, 64, 4, 2]",down,64
81,562,"[0, 0, 2, 0, 0, 2, 16, 4, 32, 4, 32, 16, 2, 64, 4, 2]",down,64
82,562,"[0, 0, 2, 2, 0, 2, 16, 4, 32, 4, 32, 16, 2, 64, 4, 2]",right,64
83,566,"[4, 0, 0, 0, 2, 16, 4, 2, 32, 4, 32, 16, 2, 64, 4, 2]",left,64
84,566,"[4, 16, 4, 2, 2, 4, 32, 16, 32, 64, 4, 2, 2, 0, 2, 0]",up,64
85,570,"[4, 16, 4, 2, 2, 4, 32, 16, 32, 64, 4, 2, 0, 2, 0, 4]",right,64
86,570,"[4, 16, 4, 2, 2, 4, 32, 16, 32, 64, 4, 2, 2, 4, 0, 2]",left,64
87,574,"[4, 16, 4, 2, 2, 4, 32, 16, 32, 64, 4, 4, 2, 4, 0, 2]",up,64
88,582,"[4, 16, 4, 2, 2, 4, 32, 16, 0, 32, 64, 8, 2, 2, 4, 2]",right,64
89,586,"[4, 16, 4, 2, 2, 4, 32, 16, 32, 64, 8, 2, 4, 4, 2, 0]",left,64
90,594,"[4, 16, 4, 2, 2, 4, 32, 16, 32, 64, 8, 2, 8, 2, 0, 2]",left,64
91,598,"[4, 16, 4, 2, 2, 4, 32, 16, 32, 64, 8, 4, 8, 2, 0, 2]",up,64
92,602,"[4, 16, 4, 2, 2, 4, 32, 16, 32, 64, 8, 4, 8, 4, 2, 0]",left,64
93,602,"[4, 16, 4, 2, 2, 4, 32, 2, 32, 64, 8, 16, 8, 4, 2, 4]",down,64
94,604,"[4, 16, 4, 4, 2, 4, 32, 4, 32, 64, 8, 16, 8, 4, 2, 4]",down,64
95,612,"[4, 16, 4, 8, 2, 4, 32, 16, 32, 64, 8, 4, 8, 4, 2, 2]",up,64
96,616,"[4, 16, 4, 8, 2, 4, 32, 16, 32, 64, 8, 4, 2, 8, 4, 4]",right,64
97,624,"[4, 16, 4, 8, 2, 4, 32, 16, 32, 64, 8, 4, 2, 8, 8, 2]",left,64
98,640,"[4, 16, 4, 8, 2, 4, 32, 16, 32, 64, 8, 4, 2, 16, 2, 2]",left,64
99,644,"[4, 16, 4, 8, 2, 4, 32, 16, 32, 64, 8, 4, 2, 16, 4, 2]",left,64
